2.420033365488052368e-01,2.884250879287719727e-01,-4.185316860675811768e-01,3.090170957148075104e-02,-5.602590367197990417e-02,-4.119873419404029846e-02,-9.258691221475601196e-02,8.358692377805709839e-02,1.790108159184455872e-02,1.397113204002380371e-01,2.159429043531417847e-01,-8.013251423835754395e-02,2.284871786832809448e-01,-9.659874439239501953e-02,-2.773565985262393951e-02,-3.895134329795837402e-01,3.129192590713500977e-01,-9.907110780477523804e-02,-2.559704482555389404e-01,7.589285075664520264e-02,1.797378994524478912e-02,-1.108033489435911179e-02,-2.523960359394550323e-02,-2.857784926891326904e-01,4.670550823211669922e-01,1.267716735601425171e-01,4.839262068271636963e-01,2.371012568473815918e-01,-2.172946184873580933e-01,3.483707308769226074e-01,-1.325460821390151978e-01,-3.223267197608947754e-01,-2.527860403060913086e-01,3.992357105016708374e-02,2.879561670124530792e-02,4.656654894351959229e-01,3.270049989223480225e-01,1.382700055837631226e-01,-1.093528643250465393e-01,-3.875876069068908691e-01,1.609267145395278931e-01,1.653995662927627563e-01,2.742026150226593018e-01,-1.101416274905204773e-01,-1.681677848100662231e-01,8.656779676675796509e-02,2.788903117179870605e-01,-1.358815580606460571e-01,-3.573729693889617920e-01,-4.419473111629486084e-01,9.983628243207931519e-02,-1.381594338454306126e-03,-4.140806496143341064e-01,1.627034991979598999e-01,-4.036505520343780518e-02,2.143899649381637573e-01,1.747892647981643677e-01,8.586280047893524170e-02,1.388114988803863525e-01,1.975345462560653687e-01,1.240629851818084717e-01,-2.530222535133361816e-01,1.120542176067829132e-02,1.072952449321746826e-01,1.793169230222702026e-01,-2.485416233539581299e-01,-1.383219612762331963e-03,1.127085238695144653e-01,-3.986987769603729248e-01,-2.354310005903244019e-01,3.141289204359054565e-02,-3.774971142411231995e-02,-2.416463643312454224e-01,-7.763841003179550171e-02,-2.827561199665069580e-01,1.174047142267227173e-01,1.946759968996047974e-02,-5.744305998086929321e-02,3.893949463963508606e-02,-2.036137878894805908e-01,-1.864610612392425537e-01,-7.482058554887771606e-02,2.080758959054946899e-01,-3.369804322719573975e-01,6.034684926271438599e-02,-4.660687409341335297e-03,2.179972976446151733e-01,7.813747972249984741e-02,-1.304819732904434204e-01,1.429542005062103271e-01,3.390860557556152344e-01,8.807141780853271484e-01,-4.156189560890197754e-01,-1.222118958830833435e-01,2.575699985027313232e-01,1.342406272888183594e-01,3.116710782051086426e-01,1.711478531360626221e-01,1.298170238733291626e-01,-2.097007036209106445e-01,-1.065741479396820068e-01,-2.776442170143127441e-01,1.103570088744163513e-01,1.833300292491912842e-01,3.712943792343139648e-01,1.423956453800201416e-01,-4.182919859886169434e-03,2.253991067409515381e-01,-7.797035854309797287e-03,-1.233400963246822357e-02,-2.159350365400314331e-01,-4.611635953187942505e-02,-1.821780055761337280e-01,-4.231161475181579590e-01,-3.182703629136085510e-02,-2.280370891094207764e-01,-3.713698312640190125e-02,-6.503492128103971481e-03,-3.772827684879302979e-01,1.064117923378944397e-01,-7.717956602573394775e-02,-1.115519925951957703e-01,1.402485817670822144e-01,-3.813743591308593750e-02,3.680780529975891113e-02,1.709756627678871155e-02,2.641461789608001709e-01,-1.427314579486846924e-01,-9.615553915500640869e-02,1.006986200809478760e-01,2.068968266248703003e-01,7.745646685361862183e-02,1.664591394364833832e-02,-2.068365216255187988e-01,1.334874033927917480e-01,3.526994958519935608e-02,-1.205020919442176819e-01,1.761787682771682739e-01,-5.176334381103515625e-01,-9.475019574165344238e-02,-3.487597107887268066e-01,4.063472151756286621e-01,-8.425582200288772583e-02,7.714857347309589386e-04,1.707574725151062012e-01,-1.833922415971755981e-02,3.124930262565612793e-01,-1.740433722734451294e-01,2.725515663623809814e-01,-7.091421633958816528e-02,-2.360648512840270996e-01,9.083239734172821045e-02,1.233115047216415405e-01,1.633106917142868042e-01,-1.748762726783752441e-01,-8.141420781612396240e-02,-1.451051533222198486e-01,9.967413544654846191e-02,1.925386190414428711e-01,3.517608344554901123e-02,-2.272936515510082245e-02,6.823019683361053467e-02,-4.266032949090003967e-02,3.533209860324859619e-01,1.751427501440048218e-01,1.709956303238868713e-02,1.110574528574943542e-01,-3.923836946487426758e-01,-1.644521206617355347e-01,-1.111260727047920227e-01,3.615835011005401611e-01,-1.329698562622070312e-01,1.141998916864395142e-01,2.418740540742874146e-01,6.861960887908935547e-02,-2.857718169689178467e-01,-1.173381656408309937e-01,1.269155442714691162e-01,-1.324426084756851196e-01,7.808030396699905396e-02,1.931176781654357910e-01,-3.030687570571899414e-01,1.739639416337013245e-02,-2.789418213069438934e-02,1.671438515186309814e-01,1.807017028331756592e-01,4.436757862567901611e-01,-1.837056726217269897e-01,-2.164339721202850342e-01,-1.454060822725296021e-01,-1.337041147053241730e-02,3.376361913979053497e-03,-8.868383616209030151e-02,-1.752991378307342529e-01,-1.795435249805450439e-01,-5.328122973442077637e-01,7.890857011079788208e-02,-4.205626547336578369e-01,9.182695299386978149e-02,-1.381310373544692993e-01,-2.304526269435882568e-01,1.812858581542968750e-01,-2.479777038097381592e-01,-1.143982335925102234e-01,5.123358592391014099e-02,-2.763767540454864502e-01,8.331508189439773560e-02,5.773294344544410706e-02,1.088918447494506836e-01,3.452764451503753662e-01,-3.024333715438842773e-02,-1.924463361501693726e-01,1.475418061017990112e-01,-1.252361088991165161e-01,1.541864275932312012e-01,1.521685719490051270e-01,-1.671501547098159790e-01,8.876543492078781128e-02,-5.288700386881828308e-02,1.881037056446075439e-01,-1.523111313581466675e-01,2.380564957857131958e-01,-4.208981059491634369e-03,-4.702404141426086426e-02,-9.694004058837890625e-02,-1.952378898859024048e-01,-1.473230421543121338e-01,1.466528475284576416e-01,8.978956192731857300e-02,-1.841025948524475098e-01,2.551298737525939941e-01,-6.347771268337965012e-04,9.551236033439636230e-02,-1.353723555803298950e-01,2.694981694221496582e-01,6.196901574730873108e-02,-2.079180777072906494e-01,1.265008300542831421e-01,5.827606320381164551e-01,-1.031740084290504456e-01,-7.401671260595321655e-02,-1.597516797482967377e-02,-6.897205114364624023e-02,5.124621391296386719e-01,-4.277406930923461914e-01,1.743927448987960815e-01,3.562035262584686279e-01,-6.372071802616119385e-02,-1.545289158821105957e-01,-8.149746805429458618e-02,-2.975499443709850311e-02,3.673222959041595459e-01,7.416742295026779175e-02,1.086205095052719116e-01,-4.256742820143699646e-02,9.497602283954620361e-02,3.307767510414123535e-01,4.522030055522918701e-01,1.738635152578353882e-01,-1.773203611373901367e-01,-9.009771049022674561e-02,-1.055497154593467712e-01,-1.908047944307327271e-01,-4.734552651643753052e-02,-1.799045503139495850e-01,-3.791276514530181885e-01,-6.641693413257598877e-02,2.729538679122924805e-01,-8.307790011167526245e-02,-2.254047840833663940e-01,7.485917210578918457e-02,-1.655049473047256470e-01,2.290912717580795288e-01,4.101219177246093750e-01,2.456956207752227783e-01,-1.007379814982414246e-01,-2.996317856013774872e-02,-5.253883004188537598e-01,2.651473879814147949e-01,-2.379796467721462250e-02,-8.628226071596145630e-02,-3.357122540473937988e-01,-6.704293936491012573e-02,-7.349075376987457275e-02,2.111064791679382324e-01,-8.549392223358154297e-02,1.005357578396797180e-01,-3.547195494174957275e-01,2.795951068401336670e-02,7.878600805997848511e-02,1.067599877715110779e-01,5.891526490449905396e-02,-1.979869753122329712e-01,-2.908980250358581543e-01,-6.175732985138893127e-02,-5.824051797389984131e-02,-3.865626454353332520e-02,2.590733170509338379e-01,3.673675656318664551e-02,8.902238309383392334e-02,2.995800375938415527e-01,-6.678092479705810547e-02,-7.077033817768096924e-02,-1.667340397834777832e-01,1.466553360223770142e-01,7.029068470001220703e-02,-1.583037199452519417e-03,-1.308204978704452515e-01,-3.092656731605529785e-01,-2.509577274322509766e-01,-2.107639424502849579e-02,-1.493832021951675415e-01,2.585188746452331543e-01,-2.906523048877716064e-01,1.470794081687927246e-01,1.149905472993850708e-01,-1.299853473901748657e-01,-3.149911761283874512e-01,-3.342322111129760742e-01,-2.229436337947845459e-01,7.148730754852294922e-02,2.002127915620803833e-01,4.701988026499748230e-02,-1.164625026285648346e-02,-1.678654551506042480e-02,-1.800074130296707153e-01,1.170713678002357483e-01,6.646329909563064575e-02,6.132151558995246887e-02,-2.638615071773529053e-01,-1.832950711250305176e-01,7.411178201436996460e-02,1.143684238195419312e-01,2.181119844317436218e-02,-6.862415373325347900e-02,4.735881090164184570e-01,-1.752077043056488037e-01,1.161273494362831116e-01,-1.938396990299224854e-01,-3.629216849803924561e-01,-1.779429763555526733e-01,-1.104291975498199463e-01,-1.463321298360824585e-01,2.539486996829509735e-02,3.862802684307098389e-02,1.524050980806350708e-01,2.331526428461074829e-01,6.449162214994430542e-02,-3.279138505458831787e-01,8.307630568742752075e-02,1.915569305419921875e-01,5.688377469778060913e-02,-2.194044142961502075e-01,-5.213674902915954590e-02,1.027712076902389526e-01,2.025254368782043457e-01,-2.572823129594326019e-02,1.451481282711029053e-01,-5.298766121268272400e-02,3.635809421539306641e-01,1.073825508356094360e-01,-8.081862702965736389e-03,4.175658226013183594e-01,1.697631031274795532e-01,-1.142145320773124695e-01,1.866793483495712280e-01,-8.077238500118255615e-02,-1.608396172523498535e-01,1.619726717472076416e-01,1.448255628347396851e-01,5.505594424903392792e-03,4.548815786838531494e-01,-9.706930816173553467e-02,-1.513139903545379639e-01,3.611269891262054443e-01,3.620600700378417969e-01,-7.855208218097686768e-02,1.026142835617065430e-01,3.743448853492736816e-01,2.003041356801986694e-01,3.324984610080718994e-01,1.291367597877979279e-02,-1.892529428005218506e-01,2.320321947336196899e-01,2.837884426116943359e-01,-4.588273763656616211e-01,-1.096196994185447693e-01,-8.082148432731628418e-02,-2.244216352701187134e-01,-2.273608371615409851e-02,9.892717003822326660e-02,-3.694945573806762695e-01,-1.132998242974281311e-01,6.728908419609069824e-02,2.903078794479370117e-01,1.970400810241699219e-01,6.785035878419876099e-02,3.349794447422027588e-01,-4.185871407389640808e-02,-1.505039930343627930e-01,-2.231526672840118408e-01,2.031501829624176025e-01,5.878949910402297974e-02,1.288093030452728271e-01,7.617148756980895996e-02,-2.412090897560119629e-01,4.848064780235290527e-01,-1.788343191146850586e-01,4.078661277890205383e-02,-3.237764239311218262e-01,-2.268632650375366211e-01,5.521909892559051514e-02,2.884090542793273926e-01,-8.438173681497573853e-02,-3.055308945477008820e-02,1.475019644203712232e-06,2.119026333093643188e-01,1.482613384723663330e-02,-3.709084689617156982e-01,4.246141612529754639e-01,1.806355640292167664e-02,1.015619486570358276e-01,4.000176787376403809e-01,2.145453542470932007e-01,-5.289808288216590881e-02,-2.164813578128814697e-01,9.959774464368820190e-02,-7.040326297283172607e-02,3.318354785442352295e-01,-7.387804239988327026e-02,-5.196364223957061768e-02,2.941909059882164001e-02,5.068489313125610352e-01,-1.339417695999145508e-01,-2.296108454465866089e-01,2.888385951519012451e-01,-3.999416530132293701e-02,-1.781362593173980713e-01,2.891192771494388580e-02,2.015814930200576782e-01,4.219012856483459473e-01,2.614894807338714600e-01,2.987275831401348114e-03,-3.872617706656455994e-02,2.096756398677825928e-01,-1.111994963139295578e-02,-6.895936559885740280e-03,9.447797201573848724e-03,-2.449351698160171509e-01,2.914493083953857422e-01,2.602462470531463623e-01,3.286812901496887207e-01,-2.818812131881713867e-01,-1.742049008607864380e-01,-2.991746664047241211e-01,-2.049620896577835083e-01,1.592688709497451782e-01,2.576190531253814697e-01,1.336696464568376541e-02,-3.404017537832260132e-02,1.653143167495727539e-01,-5.396243929862976074e-01,8.274699747562408447e-02,1.324532479047775269e-01,-4.840989410877227783e-02,1.410376839339733124e-02,9.104346483945846558e-02,2.922459542751312256e-01,-6.205091625452041626e-02,-1.602122932672500610e-02,2.586185634136199951e-01,5.859562382102012634e-02,-1.247438937425613403e-01,-5.740404501557350159e-02,-2.469083219766616821e-01,-1.243837103247642517e-01,4.851795732975006104e-02,-4.123318940401077271e-02,2.859432697296142578e-01,3.948387801647186279e-01,4.333495721220970154e-02,-6.473751738667488098e-03,-5.924403294920921326e-02,9.340158849954605103e-02,5.017505213618278503e-02,1.188041642308235168e-01,-1.613710671663284302e-01,9.655412286520004272e-02,9.974589943885803223e-02,-2.188289165496826172e-01,-2.968234717845916748e-01,-2.833271622657775879e-01,1.301776804029941559e-02,-3.355652987957000732e-01,2.417255640029907227e-01,-2.732930481433868408e-01,-1.026391834020614624e-01,1.646971702575683594e-02,-2.450120747089385986e-01,-2.776015363633632660e-02,-1.684420555830001831e-02,-1.488722264766693115e-01,5.770897259935736656e-04,-9.695640206336975098e-02,-8.719536662101745605e-02,-4.451706260442733765e-02,4.458788409829139709e-02,-4.484055563807487488e-02,-2.234161645174026489e-01,-1.923716813325881958e-01,1.306935697793960571e-01,2.348818033933639526e-01,9.479826316237449646e-03,1.130650565028190613e-01,3.063438273966312408e-02,9.445931017398834229e-02,3.517725765705108643e-01,-2.515845298767089844e-01,-6.961658596992492676e-02,-1.826904118061065674e-01,-3.176803886890411377e-01,-1.635176874697208405e-02,-8.770390599966049194e-02,4.778645001351833344e-03,-1.880579292774200439e-01,9.861469268798828125e-02,2.134978920221328735e-01,-1.605895310640335083e-01,2.284775860607624054e-02,-2.297172546386718750e-01,2.045707032084465027e-02,-1.727199554443359375e-01,1.654767245054244995e-01,1.423800885677337646e-01,-2.557779848575592041e-02,3.777608275413513184e-01,2.363972216844558716e-01,1.446402370929718018e-01,-1.992543935775756836e-01,2.359632402658462524e-01,-3.529938757419586182e-01,-4.157004952430725098e-01,-2.897578291594982147e-02,-3.876070380210876465e-01,-1.507983505725860596e-01,4.982939958572387695e-01,-2.359807193279266357e-01,-9.779676795005798340e-02,-1.665279082953929901e-02,1.884302794933319092e-01,1.396555751562118530e-01,2.214843928813934326e-01,7.000838220119476318e-02,1.259960234165191650e-03,2.338212132453918457e-01,-2.903588712215423584e-01,-5.875213444232940674e-02,-2.190440148115158081e-02,-3.418469130992889404e-01,4.921522364020347595e-02,2.985003590583801270e-01,2.340941131114959717e-01,-9.748920053243637085e-02,4.368439018726348877e-01,2.754129171371459961e-01,1.324671655893325806e-01,-1.232882365584373474e-01,-3.153730034828186035e-01,-7.982582785189151764e-03,-4.665228351950645447e-02,1.635623127222061157e-01,1.199918612837791443e-01,1.738911122083663940e-01,-1.149849742650985718e-01,-4.977241158485412598e-02,-5.710200592875480652e-02,-5.877767130732536316e-02,2.452151477336883545e-01,-1.765117794275283813e-01,1.047656163573265076e-01,-3.491869941353797913e-02,-2.743238806724548340e-01,-1.026158109307289124e-01,-4.911143779754638672e-01,2.021193504333496094e-01,4.770147502422332764e-01,4.988024383783340454e-02,2.431419938802719116e-01,-3.275727033615112305e-01,-3.431172668933868408e-02,7.955116219818592072e-03,4.995771646499633789e-01,-1.315260082483291626e-01,-4.535467624664306641e-01,-4.798017740249633789e-01,1.476466357707977295e-01,1.901385039091110229e-01,-1.166489198803901672e-01,3.608522713184356689e-01,1.088378801941871643e-01,-3.741757245734333992e-03,-1.383092999458312988e-01,-9.223058074712753296e-02,2.031483948230743408e-01,3.614192903041839600e-01,-4.727055430412292480e-01,1.175043359398841858e-01,3.820601701736450195e-01,-9.407546371221542358e-02,-1.166209429502487183e-01,-5.288684740662574768e-02,7.234979420900344849e-02,-1.919649094343185425e-01,3.273471817374229431e-02,1.407869905233383179e-01,1.626915782690048218e-01,1.178031563758850098e-01,2.006721347570419312e-01,1.923444122076034546e-01,2.075308263301849365e-01,4.688343405723571777e-02,-1.156323030591011047e-01,1.936079352162778378e-03,-4.618905186653137207e-01,2.831605970859527588e-01,5.585900545120239258e-01,-2.190906926989555359e-02,2.009816765785217285e-01,-1.049290150403976440e-01,9.530946612358093262e-02,-1.542618125677108765e-01,1.139647290110588074e-01,-4.174048304557800293e-01,2.093537598848342896e-01,-6.762970983982086182e-02,-4.498631507158279419e-02,-2.301283478736877441e-01,-1.508135646581649780e-01,5.387781262397766113e-01,2.036992460489273071e-01,1.803461113013327122e-03,-1.992300003767013550e-01,1.342773064970970154e-02,-8.225146681070327759e-02,-3.616974502801895142e-02,2.469273842871189117e-02,-2.405941486358642578e-01,-6.510155647993087769e-02,9.258593618869781494e-02,-6.337804347276687622e-02,-2.690216600894927979e-01,-9.011392295360565186e-02,-6.721433997154235840e-02,-1.466906815767288208e-01,8.867592550814151764e-03,1.706575602293014526e-01,-5.653098225593566895e-02,8.846511691808700562e-02,1.528452634811401367e-01,1.157664358615875244e-01,-1.555121839046478271e-01,2.437194883823394775e-01,1.497233361005783081e-01,-2.363606691360473633e-01,-2.499859780073165894e-01,2.959594428539276123e-01,7.105597108602523804e-02,-8.249973505735397339e-02,1.952001005411148071e-01,-2.028692215681076050e-01,-3.063645362854003906e-01,7.260046899318695068e-02,-1.467562913894653320e-01,-1.233277842402458191e-01,4.050279855728149414e-01,-4.904716610908508301e-01,2.681319713592529297e-01,9.374208748340606689e-02,7.285460084676742554e-02,-2.055180370807647705e-01,1.645297259092330933e-01,-9.739076346158981323e-02,3.462156057357788086e-01,5.216893926262855530e-02,1.868851482868194580e-02,-4.378517344594001770e-02,5.724368244409561157e-02,2.365584075450897217e-01,-3.373202681541442871e-01,-3.413623198866844177e-02,2.588309645652770996e-01,-8.645477890968322754e-02,-9.130436927080154419e-02,-2.067318111658096313e-01,-7.582556456327438354e-02,1.437048912048339844e-01,8.641347289085388184e-02,-2.513344772160053253e-02,-2.327373772859573364e-01,1.522171348333358765e-01,-8.058888465166091919e-02,2.076251208782196045e-01,-7.296278141438961029e-03,-1.537322718650102615e-02,-7.110534608364105225e-02,2.976256310939788818e-01,1.066007986664772034e-01,2.739714272320270538e-02,-2.211525142192840576e-01,1.908978372812271118e-01,3.017561435699462891e-01,-3.036324381828308105e-01,-1.408056169748306274e-01,-3.290595859289169312e-02,-1.805850677192211151e-02,-1.619913429021835327e-01,1.208953410387039185e-01,1.925173960626125336e-02,-7.582722604274749756e-02,2.565759420394897461e-02,1.555043309926986694e-01,-1.057193949818611145e-01,-3.956626355648040771e-01,-3.252569139003753662e-01,9.239485114812850952e-02,1.923746168613433838e-01,-1.042846217751502991e-01,1.463509649038314819e-01,1.306837648153305054e-01,-4.523293673992156982e-01,2.541173100471496582e-01,-4.086809456348419189e-01,1.922597885131835938e-01,-6.753054261207580566e-02,1.665560454130172729e-01,-2.995447516441345215e-01,-2.292306423187255859e-01,1.694756746292114258e-01,-3.397656083106994629e-01,-2.989200055599212646e-01,-2.440537810325622559e-01,3.360166400671005249e-02,2.381915003061294556e-01,-4.039991274476051331e-02,3.221090734004974365e-01,1.543809026479721069e-01,-2.399529963731765747e-01,-1.330257952213287354e-01,-5.065899714827537537e-02,-2.875705659389495850e-01,2.331528961658477783e-01,-3.086081333458423615e-02,-3.408752381801605225e-01,-3.459960967302322388e-02,-9.076742827892303467e-02,-1.474191546440124512e-01,1.991155445575714111e-01,-5.768380686640739441e-02,1.637984253466129303e-02,-1.226464509963989258e-01,1.081418469548225403e-01,1.600241288542747498e-02,-2.035062015056610107e-02,1.079434677958488464e-01,4.047444835305213928e-02,5.772420391440391541e-02,-9.329540729522705078e-01,1.808402687311172485e-01
6.354379653930664062e-02,-2.244192659854888916e-01,3.480298817157745361e-01,-2.330655753612518311e-01,-2.025844454765319824e-01,3.054702281951904297e-01,-6.443902105093002319e-02,6.774844136089086533e-03,1.729929000139236450e-01,2.098700255155563354e-01,3.315011039376258850e-02,2.406363189220428467e-02,3.789001703262329102e-01,-3.190653026103973389e-01,-1.183977797627449036e-01,-1.505818665027618408e-01,2.893014550209045410e-01,2.470852434635162354e-01,-3.429515287280082703e-02,2.252977639436721802e-01,-2.725675003603100777e-03,1.635905951261520386e-01,-5.229045078158378601e-02,-2.470483630895614624e-02,-1.685014814138412476e-01,-3.576011061668395996e-01,-1.873938590288162231e-01,1.417336314916610718e-01,4.094747826457023621e-02,7.357469797134399414e-01,1.549029350280761719e-01,-1.581567712128162384e-02,-1.616465002298355103e-01,1.468739360570907593e-01,3.904172405600547791e-02,-7.411103695631027222e-02,1.275199055671691895e-01,-1.435622125864028931e-01,-1.152965128421783447e-01,-5.492630973458290100e-02,3.015481531620025635e-01,-3.014178276062011719e-01,-9.359255433082580566e-03,9.465735405683517456e-02,2.327561974525451660e-01,2.349527776241302490e-01,6.214523687958717346e-03,-4.203469157218933105e-01,-5.516587495803833008e-01,6.341847032308578491e-02,-9.509196132421493530e-02,5.181712508201599121e-01,-1.614594906568527222e-01,5.253524184226989746e-01,-3.810529038310050964e-02,-8.468617498874664307e-02,9.386704117059707642e-02,-1.882961690425872803e-01,2.753662467002868652e-01,1.551810503005981445e-01,2.048914581537246704e-01,-7.567100226879119873e-02,-1.501479744911193848e-01,-1.133254319429397583e-01,6.882683932781219482e-02,6.536299362778663635e-03,2.384096831083297729e-01,4.675925076007843018e-01,-3.314397856593132019e-02,-2.849003374576568604e-01,1.333110183477401733e-01,-6.584072951227426529e-03,1.369127631187438965e-01,9.249633550643920898e-02,-1.057521924376487732e-01,-8.152677863836288452e-02,2.320455908775329590e-01,-2.403360605239868164e-01,-1.240311935544013977e-01,-3.488272130489349365e-01,-8.054225146770477295e-02,-2.756082713603973389e-01,1.304436177015304565e-01,-1.629977673292160034e-01,-1.183259189128875732e-01,6.435292214155197144e-02,5.300167575478553772e-02,6.540434435009956360e-03,-7.657640427350997925e-02,2.731939554214477539e-01,1.914630383253097534e-01,-3.661711215972900391e-01,-2.973440289497375488e-01,-1.766367852687835693e-01,2.500641047954559326e-01,-2.217137515544891357e-01,-4.336292669177055359e-02,9.866373986005783081e-02,3.367280662059783936e-01,-5.716679245233535767e-02,-1.319402605295181274e-01,-8.873862773180007935e-02,5.333185195922851562e-01,-6.476458162069320679e-02,-3.601463735103607178e-01,-2.131234295666217804e-02,2.995672076940536499e-02,3.430181443691253662e-01,-5.375416576862335205e-02,1.892414987087249756e-01,3.676068484783172607e-01,-3.863813877105712891e-01,3.684131428599357605e-02,9.269378334283828735e-02,2.165034860372543335e-01,-1.372038424015045166e-01,4.210102856159210205e-01,-2.101370990276336670e-01,5.103853940963745117e-01,-3.799262046813964844e-01,-1.725947260856628418e-01,7.949214577674865723e-01,-2.185584306716918945e-01,-1.286539584398269653e-01,3.212095201015472412e-01,1.220928207039833069e-01,-2.618804872035980225e-01,-5.327216908335685730e-02,-1.667277663946151733e-01,4.034822285175323486e-01,-3.099422752857208252e-01,-2.251370400190353394e-01,-5.856852978467941284e-02,1.023347750306129456e-01,2.170038372278213501e-01,9.815104305744171143e-02,2.705068886280059814e-01,4.307324588298797607e-01,4.624465480446815491e-02,-4.648512899875640869e-01,-2.327796444296836853e-02,-1.994105279445648193e-01,-1.842138022184371948e-01,1.957664489746093750e-01,-3.520678263157606125e-03,3.238097131252288818e-01,3.068352304399013519e-02,2.376824850216507912e-03,-1.612954586744308472e-02,2.266264259815216064e-01,2.346572726964950562e-01,4.234744608402252197e-02,2.576793171465396881e-02,-8.664435893297195435e-02,-3.643745929002761841e-02,-7.536499500274658203e-01,-9.182898327708244324e-03,-4.752322733402252197e-01,-1.940204054117202759e-01,-5.630703568458557129e-01,1.698733270168304443e-01,2.536898553371429443e-01,-5.169591307640075684e-01,6.748637557029724121e-01,5.983018502593040466e-02,-2.159802764654159546e-01,-4.702949151396751404e-02,-2.802660167217254639e-01,2.396611124277114868e-01,1.474152803421020508e-01,7.295292615890502930e-02,-9.635879844427108765e-02,2.482039630413055420e-01,-2.998607233166694641e-02,2.730810642242431641e-01,2.087399810552597046e-01,3.242298662662506104e-01,-1.501162350177764893e-01,-9.284760057926177979e-02,1.956683844327926636e-01,-2.562381923198699951e-01,4.680106043815612793e-01,1.574340164661407471e-01,1.803515553474426270e-01,-2.151112258434295654e-01,-1.779021024703979492e-01,-3.012740798294544220e-02,-2.886333167552947998e-01,-1.866431534290313721e-01,-4.270012490451335907e-03,-1.186076402664184570e-01,-1.652669459581375122e-01,-2.584545016288757324e-01,-2.034070491790771484e-01,-2.775241732597351074e-01,-2.350347191095352173e-01,6.693024039268493652e-01,-2.478964067995548248e-02,9.710284322500228882e-02,-1.060646623373031616e-01,1.648461520671844482e-01,-8.701977133750915527e-02,2.674377560615539551e-01,3.714489936828613281e-01,-1.990115195512771606e-01,-3.206624388694763184e-01,-4.968637134879827499e-03,-4.447610676288604736e-01,4.799015223979949951e-01,4.903734326362609863e-01,-1.103609874844551086e-01,2.869114875793457031e-01,1.688935756683349609e-01,-9.079226851463317871e-02,-1.317802965641021729e-01,1.402718275785446167e-01,-3.365162014961242676e-01,-9.048578143119812012e-02,-2.165149897336959839e-03,2.306594550609588623e-01,6.208038330078125000e-02,-2.718971297144889832e-02,1.180991679430007935e-01,1.969108879566192627e-01,-1.218963041901588440e-01,5.723281577229499817e-02,7.969210296869277954e-02,4.503908008337020874e-02,-2.799067497253417969e-01,9.095836430788040161e-02,2.395998984575271606e-01,5.495178629644215107e-04,-3.685898780822753906e-01,-1.569338291883468628e-01,2.461528331041336060e-01,6.320554018020629883e-02,-2.042378634214401245e-01,-2.027733772993087769e-01,-2.158343195915222168e-01,-3.539597392082214355e-01,-2.414991110563278198e-01,-2.076406627893447876e-01,-1.245347335934638977e-01,8.687351644039154053e-02,1.678035110235214233e-01,-1.160548999905586243e-01,-3.093606047332286835e-02,6.988153792917728424e-03,-5.947437882423400879e-01,-1.354911625385284424e-01,1.491320431232452393e-01,-1.810733377933502197e-01,2.163371890783309937e-01,3.013310432434082031e-01,7.327885180711746216e-02,2.893748879432678223e-01,2.992787659168243408e-01,-4.147697240114212036e-02,4.010666310787200928e-01,1.514559984207153320e-01,-1.385396569967269897e-01,1.766179800033569336e-01,-1.636848151683807373e-01,-2.075878530740737915e-01,-2.276657074689865112e-01,1.515856087207794189e-01,1.031419169157743454e-02,-4.732201695442199707e-01,1.889359205961227417e-02,-8.776178956031799316e-02,2.728191018104553223e-01,-1.581145673990249634e-01,1.443334817886352539e-01,2.722571790218353271e-01,-2.286181300878524780e-01,-2.852152287960052490e-01,-1.411962062120437622e-01,-1.368834637105464935e-02,-3.283692896366119385e-02,-8.243238925933837891e-02,4.287893176078796387e-01,-2.533515393733978271e-01,3.529297113418579102e-01,-1.960966438055038452e-01,8.408566564321517944e-02,-1.776280552148818970e-01,6.784685254096984863e-01,-2.987762987613677979e-01,-2.248906157910823822e-02,3.061548471450805664e-01,2.236007899045944214e-02,4.157415032386779785e-01,-1.104584634304046631e-01,-4.787618219852447510e-01,1.816669106483459473e-01,1.872214674949645996e-01,-2.190031260251998901e-01,-4.460752010345458984e-01,1.479916572570800781e-01,2.252192348241806030e-01,1.049823909997940063e-01,-8.370429277420043945e-02,1.419235914945602417e-01,-3.448423445224761963e-01,1.851664483547210693e-01,1.399617269635200500e-02,-2.073335945606231689e-01,-1.169989854097366333e-01,3.946487009525299072e-01,-3.194210305809974670e-02,1.201158910989761353e-01,-2.163701355457305908e-01,1.105451583862304688e-01,-2.854585945606231689e-01,4.397817850112915039e-01,6.615070998668670654e-02,1.036641001701354980e-01,8.665384352207183838e-02,3.483347222208976746e-02,1.185145676136016846e-01,-1.262605935335159302e-01,3.835341194644570351e-03,8.755500614643096924e-02,-4.189698100090026855e-01,-4.607970416545867920e-01,-3.178059160709381104e-01,-5.618385970592498779e-02,-2.121043205261230469e-01,-8.947583287954330444e-02,8.175945281982421875e-02,-5.410816892981529236e-02,-8.343250490725040436e-03,3.183659315109252930e-01,2.369746863842010498e-01,-9.842801094055175781e-02,5.580316856503486633e-02,5.169485509395599365e-02,-3.261295258998870850e-01,-2.746681571006774902e-01,-7.749524712562561035e-02,-6.145679950714111328e-02,7.241662591695785522e-02,1.749742031097412109e-01,3.728300333023071289e-01,-2.566872835159301758e-01,3.159712553024291992e-01,4.033196866512298584e-01,-4.697683453559875488e-01,2.941374182701110840e-01,2.665912210941314697e-01,2.701474428176879883e-01,2.084312029182910919e-02,-6.379019469022750854e-02,-5.481508001685142517e-02,3.834355175495147705e-01,2.470724284648895264e-01,1.507732868194580078e-01,-1.545614898204803467e-01,1.412759274244308472e-01,2.365526705980300903e-01,-3.618953824043273926e-01,-1.345140039920806885e-01,3.046664893627166748e-01,1.089847180992364883e-03,2.226011306047439575e-01,3.570635616779327393e-02,1.120244413614273071e-01,-5.806245803833007812e-01,-4.173313826322555542e-02,-6.511560678482055664e-01,-6.365562789142131805e-03,-3.647435605525970459e-01,1.925921291112899780e-01,-5.934160202741622925e-03,1.278099417686462402e-01,5.781449750065803528e-02,1.946056485176086426e-01,-5.740139633417129517e-02,1.755298376083374023e-01,-2.775554955005645752e-01,-8.860199153423309326e-02,-1.901120990514755249e-01,2.164864689111709595e-01,6.678127497434616089e-02,-9.231369942426681519e-02,8.283925801515579224e-02,-1.256691515445709229e-01,3.828402236104011536e-02,-7.856059819459915161e-02,4.678299725055694580e-01,-1.894981227815151215e-02,2.061996012926101685e-01,-2.944432497024536133e-01,4.056019335985183716e-02,-8.810932934284210205e-02,5.522667616605758667e-02,-4.950708895921707153e-02,6.406817585229873657e-02,2.043964266777038574e-01,-1.399049758911132812e-01,-2.424943149089813232e-01,2.211307585239410400e-01,3.833680599927902222e-02,5.302968025207519531e-01,-1.543601695448160172e-02,-6.941845268011093140e-02,2.728786766529083252e-01,3.346752002835273743e-02,-3.128609657287597656e-01,1.050728633999824524e-01,1.713558733463287354e-01,1.064130142331123352e-01,4.023801088333129883e-01,2.420234680175781250e-01,1.974428296089172363e-01,4.227400943636894226e-02,7.327303290367126465e-02,-1.520100682973861694e-01,-2.669567167758941650e-01,-1.694987155497074127e-02,-1.028797496110200882e-02,3.312833309173583984e-01,-1.766588240861892700e-01,4.385364949703216553e-01,2.479416728019714355e-01,-1.500263512134552002e-01,-1.308130472898483276e-01,4.491076767444610596e-01,-8.517064899206161499e-02,-1.769515275955200195e-01,-1.574942283332347870e-02,-4.276739060878753662e-02,2.703582644462585449e-01,6.738969683647155762e-02,-2.586200237274169922e-01,3.898625671863555908e-01,-2.465142309665679932e-01,-1.354184895753860474e-01,-1.554953213781118393e-02,3.481467440724372864e-02,-4.493600428104400635e-01,2.130628377199172974e-01,2.928118407726287842e-01,-1.295042224228382111e-02,-9.018803387880325317e-02,-2.518366836011409760e-02,-2.029168754816055298e-01,4.832515120506286621e-02,3.148632869124412537e-02,-3.283184766769409180e-01,-1.624199151992797852e-01,1.993745565414428711e-01,-2.680315822362899780e-02,-5.879319086670875549e-02,-2.651712000370025635e-01,-1.688060313463211060e-01,9.013091772794723511e-02,-7.241649180650711060e-02,3.052288591861724854e-01,-2.104692347347736359e-02,-1.862297505140304565e-01,-3.563543260097503662e-01,-5.581291317939758301e-01,5.775495618581771851e-02,-1.690378226339817047e-02,1.016055345535278320e-01,2.362509518861770630e-01,9.459592401981353760e-02,3.114050626754760742e-01,8.490908890962600708e-02,-6.253437697887420654e-02,-4.914030134677886963e-01,-2.922249212861061096e-02,3.073107898235321045e-01,5.302606616169214249e-03,1.065136119723320007e-01,-1.563488878309726715e-02,-4.146675765514373779e-01,2.721347808837890625e-01,-9.927245788276195526e-03,3.130569308996200562e-02,-2.196518182754516602e-01,5.863057971000671387e-01,-5.644657090306282043e-02,1.393657177686691284e-01,-2.198148518800735474e-01,2.700421027839183807e-02,3.660861253738403320e-01,-1.868619620800018311e-01,-1.402096450328826904e-01,2.538233399391174316e-01,2.627956569194793701e-01,9.045635908842086792e-02,6.185065209865570068e-02,-2.089967131614685059e-01,-6.901008635759353638e-02,2.138649970293045044e-01,-1.816887967288494110e-02,-3.103578388690948486e-01,-1.217036396265029907e-01,-3.287484943866729736e-01,6.039403751492500305e-02,2.989581525325775146e-01,1.387570202350616455e-01,1.715303808450698853e-01,-3.227239251136779785e-01,-7.521131634712219238e-02,-1.153057441115379333e-01,-1.533278077840805054e-01,7.204928994178771973e-02,-9.627598524093627930e-02,2.444155812263488770e-01,-6.566683202981948853e-02,2.265207171440124512e-01,-2.797228991985321045e-01,7.681822031736373901e-02,3.408055305480957031e-01,-4.296869635581970215e-01,3.333556354045867920e-01,-1.106142401695251465e-01,-1.650406867265701294e-01,1.810617595911026001e-01,2.573062665760517120e-02,-3.441590368747711182e-01,-1.337514817714691162e-01,-2.840141952037811279e-01,6.888712942600250244e-02,2.103257924318313599e-01,-2.647916078567504883e-01,-1.269906610250473022e-01,3.647422790527343750e-02,-2.114667296409606934e-01,1.100139692425727844e-01,2.031418085098266602e-01,-5.316220521926879883e-01,2.423856407403945923e-01,1.688599772751331329e-02,6.483258306980133057e-02,-2.343748323619365692e-02,2.655006051063537598e-01,-1.640111953020095825e-01,-9.843365103006362915e-02,1.284144520759582520e-01,-5.397046208381652832e-01,-2.889017760753631592e-01,3.049214137718081474e-03,-2.815632820129394531e-01,-3.648071587085723877e-01,-7.908825576305389404e-02,1.840260997414588928e-02,-2.143663167953491211e-01,-4.666477069258689880e-02,-6.505265086889266968e-02,-1.739494688808917999e-02,7.412102818489074707e-02,-4.696189984679222107e-02,3.196479976177215576e-01,4.102370738983154297e-01,-2.809063717722892761e-02,1.502719670534133911e-01,4.211445152759552002e-01,-7.690525054931640625e-02,6.680618971586227417e-02,2.712771892547607422e-01,-9.660151600837707520e-02,-1.074330508708953857e-01,-8.420689404010772705e-02,-3.549385368824005127e-01,3.866787552833557129e-01,-2.044545672833919525e-02,1.725240796804428101e-01,-2.436278611421585083e-01,-1.040502935647964478e-01,-1.928171962499618530e-01,3.030563890933990479e-01,9.756549261510372162e-03,5.003429576754570007e-02,-2.194691449403762817e-01,1.458266377449035645e-01,-2.327650189399719238e-01,3.207324445247650146e-02,-2.864879369735717773e-01,2.372742891311645508e-01,1.076493635773658752e-01,-6.044222116470336914e-01,-2.170294821262359619e-01,1.466343998908996582e-01,-2.332969307899475098e-01,-2.130419462919235229e-01,-1.115734502673149109e-01,4.882136881351470947e-01,5.143860578536987305e-01,9.579042345285415649e-02,-1.795903146266937256e-01,1.833070814609527588e-02,-2.715625800192356110e-02,-3.360746502876281738e-01,-2.943849861621856689e-01,-6.060956716537475586e-01,-3.767101466655731201e-02,2.386525869369506836e-01,-7.081037759780883789e-01,7.214424014091491699e-02,4.654133915901184082e-01,-1.064792275428771973e-01,-1.552679575979709625e-02,6.687428057193756104e-02,-2.950867116451263428e-01,1.606936752796173096e-01,-3.408959507942199707e-01,-4.082394391298294067e-02,1.347173303365707397e-01,-3.072908818721771240e-01,2.669599354267120361e-01,-1.140442192554473877e-01,1.385036706924438477e-01,-5.575256049633026123e-02,-7.364042848348617554e-02,2.369087636470794678e-01,8.538848161697387695e-02,1.880114972591400146e-01,-2.746005058288574219e-01,1.542540639638900757e-01,-2.365544885396957397e-01,1.897639036178588867e-01,3.622646331787109375e-01,1.157577559351921082e-01,-2.251622527837753296e-01,2.778440415859222412e-01,-2.723568975925445557e-01,4.543096944689750671e-02,9.731144458055496216e-02,-5.770637467503547668e-02,1.212565787136554718e-02,-5.970113351941108704e-02,-2.484521716833114624e-01,-5.861267447471618652e-01,3.241169154644012451e-01,-6.373348087072372437e-02,-8.797913044691085815e-02,2.341647446155548096e-01,2.055556476116180420e-01,5.078890174627304077e-02,2.874174416065216064e-01,-4.799284040927886963e-02,-6.167500466108322144e-02,2.086862027645111084e-01,-1.774411946535110474e-01,1.564214825630187988e-01,3.217995464801788330e-01,-3.879560828208923340e-01,-3.814895823597908020e-02,-3.143153786659240723e-01,-1.317218691110610962e-01,-2.528522014617919922e-01,1.247415393590927124e-01,-6.810077279806137085e-02,-6.196892634034156799e-02,2.941255271434783936e-01,-1.132755950093269348e-01,-3.524597585201263428e-01,1.996439099311828613e-01,-3.798394799232482910e-01,-2.254764083772897720e-03,-4.382421076297760010e-02,-8.380150794982910156e-02,3.424253463745117188e-01,1.539887934923171997e-01,-6.027639657258987427e-02,6.062651053071022034e-02,1.319299079477787018e-02,-3.943428397178649902e-01,-2.573754871264100075e-03,2.954499125480651855e-01,-3.093193173408508301e-01,-1.316857933998107910e-01,9.680631756782531738e-02,5.393503699451684952e-03,1.253586262464523315e-01,-5.636405944824218750e-01,-3.493441343307495117e-01,-7.239023596048355103e-02,1.011473834514617920e-01,-2.811538279056549072e-01,1.741947382688522339e-01,6.703369319438934326e-02,4.179233014583587646e-01,-2.334785014390945435e-01,-1.518525779247283936e-01,-3.378043174743652344e-01,-1.319306194782257080e-01,-1.339178252965211868e-02,2.176196873188018799e-01,5.679297819733619690e-02,1.395202707499265671e-02,6.258741766214370728e-02,-4.305520281195640564e-02,2.073530256748199463e-01,-1.200375333428382874e-01,-3.071127086877822876e-02,-2.303264886140823364e-01,-3.954852372407913208e-02,-3.437247872352600098e-02,-1.286266297101974487e-01,2.315560877323150635e-01,6.267774105072021484e-02,-3.570517599582672119e-01,7.769238203763961792e-02,-1.450156420469284058e-01,4.683117941021919250e-02,8.526220172643661499e-02,1.555982977151870728e-01,-2.161213457584381104e-01,1.250791102647781372e-01,2.225613594055175781e-01,-1.359113305807113647e-01,-1.033823788166046143e-01,-4.289851784706115723e-01,-6.900858134031295776e-02,-2.141644209623336792e-01,-3.386727571487426758e-01,5.186111852526664734e-02,1.154417246580123901e-01,-2.105431444942951202e-02,-1.225310862064361572e-01,-7.399285677820444107e-03,2.041014283895492554e-02,7.924778014421463013e-02,4.696452915668487549e-01,-2.453268617391586304e-01,1.471989452838897705e-01,-2.139013707637786865e-01,-1.979484111070632935e-01,-3.793507218360900879e-01,2.068734169006347656e-02,-1.035312414169311523e-01,1.141598969697952271e-01,-9.276323020458221436e-02,1.364877671003341675e-01,-2.340372204780578613e-01,3.298341995105147362e-03,5.210969224572181702e-02,-8.004025369882583618e-02,-1.654748059809207916e-02,2.766767442226409912e-01,9.453369677066802979e-02,2.913743555545806885e-01,1.073325499892234802e-01,-1.135245263576507568e-01,3.154176771640777588e-01,3.603904694318771362e-02,-2.473642528057098389e-01,-1.023983024060726166e-02,1.177007630467414856e-01,-6.175753846764564514e-02,-9.643810987472534180e-02,8.650354295969009399e-02,-7.629708945751190186e-02,-2.401022762060165405e-01,-8.601195365190505981e-02,-2.994364360347390175e-03,3.235349431633949280e-02,-4.465056955814361572e-01,2.438557893037796021e-01,-2.041289359331130981e-01,-1.074940860271453857e-01,1.869309395551681519e-01,9.576535969972610474e-02
1.206616610288619995e-01,2.750672698020935059e-01,-8.663745969533920288e-02,-1.693994104862213135e-01,-8.042337000370025635e-02,-1.584365367889404297e-01,-3.196195363998413086e-01,4.032868519425392151e-02,1.161305978894233704e-01,-4.599657654762268066e-01,-1.426096409559249878e-01,3.663802891969680786e-02,-1.599008738994598389e-01,1.768879890441894531e-01,1.801056712865829468e-01,2.385286837816238403e-01,1.081302165985107422e-01,-8.389261364936828613e-02,5.216101408004760742e-01,1.245892196893692017e-01,-2.392869293689727783e-01,-1.648875325918197632e-02,3.028446575626730919e-03,-7.813642174005508423e-02,-1.730662733316421509e-01,3.650244325399398804e-02,1.028326004743576050e-01,2.818852961063385010e-01,2.783724665641784668e-01,3.090600483119487762e-02,-4.496034607291221619e-02,8.339428156614303589e-02,5.640327930450439453e-01,3.300371468067169189e-01,-8.690889179706573486e-02,-1.691014170646667480e-01,2.904888391494750977e-01,1.311000436544418335e-01,1.857145875692367554e-01,7.989887893199920654e-02,-4.448177814483642578e-01,-1.608811877667903900e-02,-1.598053872585296631e-01,-2.441079728305339813e-02,-2.184004187583923340e-01,1.566716879606246948e-01,2.064965367317199707e-01,3.858333081007003784e-02,7.188009563833475113e-03,1.086267903447151184e-01,-1.998604536056518555e-01,-8.448554575443267822e-02,-1.332262605428695679e-01,-5.713347345590591431e-02,-1.888870894908905029e-01,-1.224502921104431152e-01,2.546085119247436523e-01,-5.040122568607330322e-02,-4.169112816452980042e-02,-1.806471198797225952e-01,4.199182242155075073e-02,-3.213315010070800781e-01,5.385518819093704224e-02,-1.018474325537681580e-01,1.095233559608459473e-01,-1.959564834833145142e-01,3.624550104141235352e-01,-6.878119707107543945e-02,1.014997214078903198e-01,-2.375847101211547852e-01,9.419691562652587891e-02,3.970644436776638031e-03,4.518085122108459473e-01,-8.591399341821670532e-02,4.081921279430389404e-01,-1.383832991123199463e-01,6.655141711235046387e-02,-2.342698723077774048e-01,-1.434689760208129883e-01,6.249024346470832825e-02,-1.676587946712970734e-02,-2.702049016952514648e-01,-2.430552244186401367e-01,1.506818681955337524e-01,-4.050090909004211426e-01,-2.721088230609893799e-01,3.564427495002746582e-01,6.286603957414627075e-02,-8.209257572889328003e-02,2.792158424854278564e-01,-4.019019305706024170e-01,-2.665787041187286377e-01,2.025452256202697754e-01,2.233263552188873291e-01,4.764572903513908386e-02,1.149752065539360046e-01,4.404721036553382874e-02,3.372968733310699463e-02,5.261938646435737610e-02,-1.965711563825607300e-01,-1.550069153308868408e-01,-1.706574857234954834e-01,-3.950108587741851807e-01,-3.293277695775032043e-02,-2.166600227355957031e-01,-6.968497484922409058e-02,1.090577095746994019e-01,-5.305888503789901733e-02,-9.884095191955566406e-02,2.615449726581573486e-01,2.394436742179095745e-04,-1.110800728201866150e-01,-1.170497462153434753e-01,-4.422077909111976624e-03,1.101543381810188293e-01,1.422022283077239990e-01,-5.977123230695724487e-02,2.778696119785308838e-01,-2.318978309631347656e-01,1.284503936767578125e-01,2.444620579481124878e-01,7.024206221103668213e-02,1.237047091126441956e-01,1.697136610746383667e-01,4.040881395339965820e-01,3.063877299427986145e-02,-3.949843347072601318e-02,2.103633731603622437e-01,-6.199637055397033691e-02,3.019493520259857178e-01,1.413070261478424072e-01,7.052560895681381226e-02,-2.775660753250122070e-01,-9.176548570394515991e-02,1.369380503892898560e-01,-5.005735754966735840e-01,1.244375482201576233e-01,1.364653706550598145e-01,-4.856777787208557129e-01,-6.779629737138748169e-02,2.110866159200668335e-01,4.018488526344299316e-01,1.695501655340194702e-01,-4.895461797714233398e-01,1.310291793197393417e-02,-1.368549168109893799e-01,1.078897491097450256e-01,1.824896335601806641e-01,-3.232583701610565186e-01,1.850194782018661499e-01,-1.499938666820526123e-01,4.297145605087280273e-01,-1.317379325628280640e-01,-2.454160153865814209e-01,2.110733687877655029e-01,1.329758167266845703e-01,3.269514739513397217e-01,-1.484667416661977768e-02,-4.588100686669349670e-02,1.619652509689331055e-01,1.478839386254549026e-02,2.858096174895763397e-02,-2.278282307088375092e-02,-3.845520317554473877e-01,8.212925493717193604e-02,1.413224935531616211e-01,-2.812314406037330627e-02,2.640941143035888672e-01,-1.601521372795104980e-01,1.043265312910079956e-01,-9.965862333774566650e-02,-7.222461514174938202e-03,-1.171236261725425720e-01,1.814264953136444092e-01,-2.487538941204547882e-02,-1.200690567493438721e-01,2.349538505077362061e-01,-1.335887610912322998e-01,-1.236055269837379456e-01,9.296794235706329346e-02,1.213598181493580341e-03,-3.288826346397399902e-01,-1.499226242303848267e-01,2.401959598064422607e-01,-1.043459102511405945e-01,-1.397690922021865845e-01,-6.764097511768341064e-02,1.208525057882070541e-02,-7.520614564418792725e-02,1.474460512399673462e-01,-2.657324373722076416e-01,-4.516128599643707275e-01,4.913881886750459671e-03,1.250528991222381592e-01,-3.682318925857543945e-01,-3.724114894866943359e-01,1.060917153954505920e-01,1.975317150354385376e-01,-1.310805231332778931e-01,1.830958724021911621e-01,-2.964502200484275818e-02,-6.090378388762474060e-02,-2.781031727790832520e-01,-3.675580024719238281e-02,1.621726155281066895e-01,1.547699123620986938e-01,-2.743497192859649658e-01,-8.693379163742065430e-02,-3.200016915798187256e-01,1.427546441555023193e-01,2.648043930530548096e-01,1.664965897798538208e-01,-3.353864252567291260e-01,-1.253849267959594727e-01,2.515668570995330811e-01,6.133211404085159302e-02,9.204946458339691162e-02,-3.000965714454650879e-01,-4.753527045249938965e-02,-1.700815558433532715e-01,2.275400161743164062e-01,1.166848838329315186e-01,1.775638163089752197e-01,1.079297065734863281e-01,-2.239574939012527466e-01,2.316715717315673828e-01,1.441838443279266357e-01,8.165005594491958618e-02,-1.760279238224029541e-01,1.488574296236038208e-01,2.447704523801803589e-01,2.397529631853103638e-01,-3.750496208667755127e-01,5.341781675815582275e-02,-4.412769079208374023e-01,2.112675309181213379e-01,-7.149052619934082031e-02,1.001601815223693848e-01,-3.310363590717315674e-01,-6.498164683580398560e-02,3.106233775615692139e-01,2.665983438491821289e-01,-5.937559157609939575e-02,-2.068083286285400391e-01,-2.704024016857147217e-01,2.517753541469573975e-01,5.352860689163208008e-01,1.899074167013168335e-01,-8.434583246707916260e-02,1.293244399130344391e-02,3.911735862493515015e-02,-8.642417937517166138e-02,3.360487222671508789e-01,6.275097257457673550e-04,2.445852570235729218e-02,-9.392365068197250366e-02,-4.634745791554450989e-02,2.403176426887512207e-01,-1.168850809335708618e-01,2.539161592721939087e-02,-4.237992167472839355e-01,3.092855513095855713e-01,-1.502784341573715210e-01,1.776738166809082031e-01,2.111898660659790039e-01,1.692754961550235748e-02,-1.640211194753646851e-01,-7.637303322553634644e-02,3.324709832668304443e-01,2.382255345582962036e-02,-1.162075474858283997e-01,3.329472541809082031e-01,-9.130114316940307617e-02,-2.517964243888854980e-01,-1.462359577417373657e-01,-1.699324548244476318e-01,-1.381266564130783081e-01,-3.322163522243499756e-01,5.730779841542243958e-02,-3.520409343764185905e-03,-1.406064927577972412e-01,-1.153349801898002625e-01,-4.285515248775482178e-01,-4.187295679003000259e-03,-2.117300778627395630e-02,-3.520078212022781372e-02,-6.342897564172744751e-02,-2.431557513773441315e-02,1.746498346328735352e-01,-1.122814044356346130e-01,-2.124566882848739624e-01,4.477702975273132324e-01,8.547160029411315918e-02,-6.683833152055740356e-02,-9.491913765668869019e-02,-3.174806237220764160e-01,1.623123511672019958e-02,-2.815279364585876465e-01,-1.389281302690505981e-01,3.205389976501464844e-01,-3.615279495716094971e-01,-4.598808884620666504e-01,2.896841168403625488e-01,-6.354714278131723404e-03,-2.025175690650939941e-01,-3.225421905517578125e-01,-1.130901183933019638e-02,-1.908297836780548096e-01,-2.132751420140266418e-02,-1.737779565155506134e-02,2.157048732042312622e-01,-1.293282955884933472e-02,-2.865707874298095703e-01,1.241648867726325989e-01,3.826996311545372009e-02,-2.259422838687896729e-02,1.323047429323196411e-01,-2.885894179344177246e-01,1.852986812591552734e-01,-2.633657157421112061e-01,-2.461510896682739258e-01,4.951008856296539307e-01,-1.708077788352966309e-01,-2.557779848575592041e-01,-1.507275402545928955e-01,-2.409260720014572144e-02,-1.276244036853313446e-02,5.289263129234313965e-01,1.001057252287864685e-01,-2.663035690784454346e-01,2.507581710815429688e-01,2.328829318284988403e-01,2.290105372667312622e-01,9.238149225711822510e-02,2.500921785831451416e-01,1.564750522375106812e-01,1.115970462560653687e-01,-2.160241752862930298e-01,-2.685932517051696777e-01,3.958375453948974609e-01,3.168557882308959961e-01,-1.230973843485116959e-02,3.881077170372009277e-01,-7.356325536966323853e-02,2.110935002565383911e-01,5.810277536511421204e-02,-1.259158104658126831e-01,-1.139964684844017029e-01,-1.910905987024307251e-01,1.118921488523483276e-02,3.613897264003753662e-01,5.488482862710952759e-02,-5.150626599788665771e-02,5.326170846819877625e-02,1.295723766088485718e-01,1.442153155803680420e-01,-2.334193885326385498e-02,-2.862377464771270752e-01,1.584093458950519562e-02,3.756150901317596436e-01,2.417986989021301270e-01,1.078702956438064575e-01,-1.397024542093276978e-01,-2.737994492053985596e-01,-3.150082528591156006e-01,-1.709351688623428345e-01,1.737737841904163361e-02,2.675800621509552002e-01,-3.596350143197923899e-04,5.416135191917419434e-01,-2.237660586833953857e-01,3.482153713703155518e-01,9.985616058111190796e-02,-3.296726346015930176e-01,-4.763345122337341309e-01,-6.308276951313018799e-02,-3.888653218746185303e-02,-1.608137935400009155e-01,4.784305691719055176e-01,-1.337090134620666504e-01,-1.253183037042617798e-01,-3.200241029262542725e-01,2.845259010791778564e-01,5.714391916990280151e-02,6.584378480911254883e-01,-1.159786805510520935e-01,2.476471215486526489e-01,-1.529445946216583252e-01,-4.729655683040618896e-01,-2.591380849480628967e-02,2.709168195724487305e-02,1.795815974473953247e-01,-4.511891677975654602e-02,2.819211483001708984e-01,2.559390962123870850e-01,5.735391750931739807e-02,-1.443100571632385254e-01,-9.953481703996658325e-02,5.396592244505882263e-02,-6.651589274406433105e-02,3.583581000566482544e-02,-1.066656410694122314e-01,2.174686342477798462e-01,4.038849472999572754e-01,2.113930284976959229e-01,1.634169518947601318e-01,1.793069988489151001e-01,-6.849993020296096802e-02,7.102270610630512238e-03,4.607396200299263000e-02,3.263921439647674561e-01,-7.751078903675079346e-02,-7.553374022245407104e-02,3.408213257789611816e-01,-2.544912099838256836e-01,4.325319454073905945e-02,-5.071100592613220215e-01,7.417710870504379272e-02,3.105720318853855133e-02,2.997389137744903564e-01,6.879725493490695953e-03,3.176356554031372070e-01,-2.466874718666076660e-01,8.909677714109420776e-02,-3.047558963298797607e-01,1.663745194673538208e-01,2.147325873374938965e-01,1.207981035113334656e-01,7.755903154611587524e-02,1.406109184026718140e-01,-2.184145748615264893e-01,2.395370602607727051e-01,-2.508613467216491699e-01,-7.978581637144088745e-02,1.621464341878890991e-01,1.089039258658885956e-02,2.364245802164077759e-01,-1.075598038733005524e-02,-1.636488586664199829e-01,-1.682926118373870850e-01,-7.651036381721496582e-01,-1.628468334674835205e-01,4.560789465904235840e-02,-4.218445122241973877e-01,1.919583231210708618e-02,9.124676138162612915e-02,-4.330789744853973389e-01,1.283491104841232300e-01,1.780582070350646973e-01,4.095373749732971191e-01,-7.511235028505325317e-02,-2.276395857334136963e-01,6.730731576681137085e-03,-1.025575585663318634e-02,-1.805147528648376465e-01,-9.774875640869140625e-02,-4.400475416332483292e-03,-4.988588988780975342e-01,-3.348616659641265869e-01,-4.349192231893539429e-02,1.370025724172592163e-01,2.089547365903854370e-01,3.985644876956939697e-02,-3.315866291522979736e-01,-1.064691841602325439e-01,3.036239743232727051e-02,6.383453309535980225e-02,3.239202499389648438e-01,1.065846085548400879e-01,1.706398874521255493e-01,-2.196626663208007812e-01,1.482613980770111084e-01,-1.064915582537651062e-01,3.468725085258483887e-01,6.409227102994918823e-02,2.037007957696914673e-01,9.044070541858673096e-02,1.073091998696327209e-01,-3.618840873241424561e-01,-2.017953991889953613e-01,-1.580824144184589386e-02,1.891965717077255249e-01,-4.070697724819183350e-01,-8.158745616674423218e-02,2.185247093439102173e-02,-4.108600616455078125e-01,-1.324389316141605377e-02,1.639061868190765381e-01,-4.463633000850677490e-01,9.031584113836288452e-02,4.608604609966278076e-01,-4.839901328086853027e-01,2.099616676568984985e-01,1.777455955743789673e-01,3.403624519705772400e-02,4.743343591690063477e-02,3.571517169475555420e-01,-4.233578592538833618e-02,-2.270393539220094681e-03,-6.189643964171409607e-02,4.132258594036102295e-01,-2.984616756439208984e-01,-2.364929020404815674e-01,-3.971774596720933914e-03,2.512614727020263672e-01,-2.391331642866134644e-01,-3.721669316291809082e-01,6.712498515844345093e-02,-1.557408571243286133e-01,-3.315138220787048340e-01,-5.302681922912597656e-01,-7.340734452009201050e-02,4.684664607048034668e-01,2.507094740867614746e-01,-1.299254745244979858e-01,-1.283842623233795166e-01,2.245750874280929565e-01,-1.238372251391410828e-01,3.573171794414520264e-01,-3.362865000963211060e-02,-3.049740493297576904e-01,-6.679893732070922852e-01,-3.790045082569122314e-01,3.430184423923492432e-01,-1.957814544439315796e-01,1.315144598484039307e-01,-2.870902419090270996e-03,2.759591490030288696e-02,-1.820863932371139526e-01,3.443754017353057861e-01,9.257665276527404785e-02,4.876563251018524170e-01,-9.531652927398681641e-02,2.719277739524841309e-01,-1.711383014917373657e-01,9.490877389907836914e-02,2.376093864440917969e-01,3.492405638098716736e-02,1.935336589813232422e-01,1.967815905809402466e-01,-5.557654052972793579e-02,-3.979895263910293579e-02,-1.989626791328191757e-03,3.463977202773094177e-02,2.032780088484287262e-03,-3.693362176418304443e-01,3.446369171142578125e-01,-1.156939938664436340e-01,3.598538339138031006e-01,7.704381644725799561e-02,1.480439305305480957e-01,1.906437128782272339e-01,1.781197637319564819e-01,-1.182371601462364197e-01,2.648227810859680176e-01,1.653592139482498169e-01,-2.992728948593139648e-01,-4.603956267237663269e-02,-2.679265737533569336e-01,-4.077335298061370850e-01,1.799212992191314697e-01,-3.866929933428764343e-02,2.933525666594505310e-02,2.098517119884490967e-01,-2.363958060741424561e-01,9.110812842845916748e-02,-9.563930332660675049e-02,3.450418412685394287e-01,-2.247489392757415771e-01,-5.843980908393859863e-01,1.585693359375000000e-01,1.981214061379432678e-02,-2.684161365032196045e-01,4.462039768695831299e-01,-8.378256112337112427e-02,1.913710385560989380e-01,-1.741774529218673706e-01,1.222177147865295410e-01,8.904679119586944580e-02,3.305867016315460205e-01,-1.888444125652313232e-01,9.738002903759479523e-03,2.211179733276367188e-01,-1.595983505249023438e-01,-3.178031444549560547e-01,-6.058711186051368713e-02,7.646720111370086670e-02,9.367731958627700806e-02,3.829842209815979004e-01,-9.981539845466613770e-02,-1.296131126582622528e-02,9.107307530939579010e-03,-5.301934480667114258e-01,2.736132591962814331e-02,-2.749696560204029083e-02,-2.373448610305786133e-01,-3.873642683029174805e-01,3.245040178298950195e-01,8.230353891849517822e-02,-2.066417038440704346e-01,5.173226073384284973e-02,2.567824125289916992e-01,-1.269665062427520752e-01,7.049430906772613525e-02,-4.255646765232086182e-01,-8.042518049478530884e-02,2.703269943594932556e-02,-3.917184844613075256e-02,1.178131178021430969e-01,-1.424399018287658691e-01,-2.466453164815902710e-01,1.963255107402801514e-01,2.206799201667308807e-02,-1.212143227458000183e-01,3.110587298870086670e-01,-4.560017585754394531e-01,-1.995740085840225220e-01,-1.506625711917877197e-01,4.529301226139068604e-01,5.207175016403198242e-02,-3.250660896301269531e-01,-2.923447489738464355e-01,4.945801198482513428e-02,-1.020227968692779541e-01,-1.184974536299705505e-01,2.667918801307678223e-01,-1.261301040649414062e-01,5.627593398094177246e-02,2.999948561191558838e-01,-8.795312047004699707e-02,1.121527627110481262e-01,3.105583190917968750e-01,1.136144176125526428e-01,-4.429874941706657410e-02,-6.927152723073959351e-02,-2.680405601859092712e-02,2.831277251243591309e-01,2.630383670330047607e-01,-4.680736064910888672e-01,-7.531790435314178467e-02,2.465015947818756104e-01,-3.024125993251800537e-01,3.161973133683204651e-02,-9.592414647340774536e-02,1.754101514816284180e-01,-1.818780303001403809e-01,-7.280628383159637451e-02,1.488615870475769043e-01,-1.777408719062805176e-01,4.383522570133209229e-01,6.455542445182800293e-01,2.853675484657287598e-01,1.147302091121673584e-01,1.651855707168579102e-01,-4.450642690062522888e-02,-2.478461563587188721e-01,-8.398530632257461548e-02,1.172613203525543213e-01,-3.478184044361114502e-01,-1.336851269006729126e-01,-4.888341128826141357e-01,-5.325807929039001465e-01,4.817102551460266113e-01,-1.886161267757415771e-01,1.613776087760925293e-01,-5.348015110939741135e-03,-4.751584678888320923e-02,1.682514846324920654e-01,-1.088709607720375061e-01,-3.335874080657958984e-01,4.290594160556793213e-01,3.226417601108551025e-01,-1.196472793817520142e-01,1.188593283295631409e-01,3.203983008861541748e-01,-4.022953286767005920e-02,8.361125737428665161e-02,-2.491349279880523682e-01,-1.006224378943443298e-01,3.926828205585479736e-01,3.439623687881976366e-04,3.895530998706817627e-01,1.388127207756042480e-01,1.787820905447006226e-01,6.858980655670166016e-02,2.925643622875213623e-01,3.028517365455627441e-01,-1.757185757160186768e-01,3.454506397247314453e-01,1.061097681522369385e-01,-1.744999289512634277e-01,5.445577502250671387e-01,2.826413214206695557e-01,-2.193323522806167603e-01,8.958087116479873657e-02,2.593006193637847900e-01,-1.415726095438003540e-01,-1.088779792189598083e-01,-1.047798767685890198e-01,4.712201282382011414e-02,6.946851499378681183e-03,-7.648854702711105347e-02,-5.881951376795768738e-02,-1.779994666576385498e-01,6.830636411905288696e-02,1.375904381275177002e-01,-1.696778833866119385e-01,3.091736733913421631e-01,1.193146631121635437e-01,-1.877416372299194336e-01,-4.765159636735916138e-02,1.402872204780578613e-01,2.539745718240737915e-02,1.273015588521957397e-01,-2.593507468700408936e-01,1.311426311731338501e-01,4.629996120929718018e-01,9.224329143762588501e-02,-2.126561105251312256e-01,4.552391916513442993e-02,-6.798738986253738403e-02,-1.379212290048599243e-01,2.900605499744415283e-01,-2.975317239761352539e-01,-3.862238824367523193e-01,-5.274391174316406250e-02,-2.184544652700424194e-01,-2.896872460842132568e-01,-2.293667793273925781e-01,2.908157408237457275e-01,-1.332708746194839478e-01,2.070552706718444824e-01,1.362154483795166016e-01,-1.249148100614547729e-01,-2.908192574977874756e-01,2.225307971239089966e-01,3.581259250640869141e-01,1.873336583375930786e-01,-2.139522135257720947e-01,-5.039845779538154602e-02,7.455226778984069824e-02,2.794801294803619385e-01,1.460077166557312012e-01,-2.078098803758621216e-01,-7.813748717308044434e-02,1.157812252640724182e-01,-2.541969716548919678e-01,1.191260144114494324e-01,-2.750580012798309326e-01,-1.701454445719718933e-02,2.473122440278530121e-02,-1.293123117648065090e-03,-2.050886154174804688e-01,3.685542345046997070e-01,4.430362209677696228e-02,2.619680576026439667e-02,1.997547596693038940e-01,-2.381982803344726562e-01,3.871765732765197754e-01,3.947640061378479004e-01,1.749563068151473999e-01,8.653815090656280518e-02,-1.028771549463272095e-01,-1.995594501495361328e-01,-3.007601797580718994e-01,-6.710796803236007690e-02,2.635526955127716064e-01,-2.599217928946018219e-02
3.430717438459396362e-02,-2.978093326091766357e-01,-5.894696339964866638e-02,-5.985189080238342285e-01,4.025650024414062500e-02,-8.597520738840103149e-02,1.762015521526336670e-01,-1.243724003434181213e-01,6.896940618753433228e-02,-8.502545952796936035e-02,1.041881591081619263e-01,3.678221628069877625e-02,-4.681807011365890503e-02,2.885597944259643555e-01,-7.663309574127197266e-02,-9.876301884651184082e-02,3.656171262264251709e-01,-3.116566240787506104e-01,3.558879718184471130e-02,-5.178098678588867188e-01,2.285717874765396118e-01,1.221286803483963013e-01,-1.195300370454788208e-01,3.528348729014396667e-02,-3.130239546298980713e-01,-3.152137994766235352e-01,5.252271145582199097e-02,-2.254658192396163940e-01,8.056605607271194458e-02,8.869603276252746582e-03,-4.091142416000366211e-01,1.578511148691177368e-01,4.815073609352111816e-01,-1.713733524084091187e-01,3.081935048103332520e-01,1.355005204677581787e-01,1.266175955533981323e-01,9.433676302433013916e-02,-2.740195393562316895e-01,3.054762780666351318e-01,4.017271697521209717e-01,-2.564012110233306885e-01,-2.419824302196502686e-01,-1.024332568049430847e-01,-2.316276431083679199e-01,-3.651866316795349121e-01,-1.110341027379035950e-01,-1.432405710220336914e-01,-5.189202427864074707e-01,1.978181749582290649e-01,-3.832622468471527100e-01,-3.425923734903335571e-02,-2.085154801607131958e-01,3.379437327384948730e-01,-1.502666324377059937e-01,-1.600577533245086670e-01,3.780969977378845215e-01,-1.117153018712997437e-01,-1.891574412584304810e-01,1.129734143614768982e-01,5.340164303779602051e-01,4.908536747097969055e-02,2.049511969089508057e-01,-2.666729986667633057e-01,1.503675617277622223e-02,-1.178821548819541931e-01,1.517444849014282227e-01,-1.146727800369262695e-01,1.920179575681686401e-01,2.491394877433776855e-01,2.145374380052089691e-02,1.209799759089946747e-02,-3.701087236404418945e-01,-2.878092825412750244e-01,1.268411520868539810e-02,5.001145005226135254e-01,-1.589205302298069000e-02,-1.163210272789001465e-01,2.026985958218574524e-02,3.287223279476165771e-01,2.535823881626129150e-01,-4.010900110006332397e-02,-1.059093922376632690e-01,-1.851522922515869141e-01,-3.254907429218292236e-01,1.129201129078865051e-01,2.130621075630187988e-01,-1.565166004002094269e-02,5.595168471336364746e-02,-3.918193280696868896e-02,-1.197836641222238541e-02,1.548737939447164536e-02,-5.212994813919067383e-01,7.328373938798904419e-02,1.255362778902053833e-01,1.913533546030521393e-02,-1.099826991558074951e-01,-1.790477633476257324e-01,2.426167391240596771e-02,-1.653211377561092377e-02,2.556358277797698975e-01,5.768167227506637573e-02,2.311211638152599335e-02,5.992646887898445129e-02,1.160469949245452881e-01,-2.806390523910522461e-01,6.788737326860427856e-02,-3.634640276432037354e-01,9.884800761938095093e-02,-1.161697655916213989e-01,-6.013981997966766357e-02,-2.675724625587463379e-01,-1.622344851493835449e-01,2.254638224840164185e-01,-1.910716444253921509e-01,4.973708987236022949e-01,7.321690022945404053e-02,2.480998486280441284e-01,-2.929510474205017090e-01,-3.402061760425567627e-01,-1.625007390975952148e-01,2.876805365085601807e-01,9.291810542345046997e-02,2.591452002525329590e-01,6.978311389684677124e-02,2.696292102336883545e-01,9.523599594831466675e-02,-2.060092426836490631e-02,5.049270391464233398e-02,1.617665737867355347e-01,-3.984765112400054932e-01,3.691120743751525879e-01,-2.178045809268951416e-01,-1.513348519802093506e-02,1.587058454751968384e-01,-2.269688099622726440e-01,1.406961027532815933e-02,-7.623109221458435059e-02,3.217964172363281250e-01,7.781578600406646729e-02,-2.037107050418853760e-01,-2.463548630475997925e-01,-9.488449245691299438e-02,-1.475867070257663727e-02,-9.530697017908096313e-02,-1.703334897756576538e-01,-9.819806367158889771e-02,6.320501863956451416e-02,1.126127392053604126e-01,-5.720395594835281372e-02,5.755687952041625977e-01,-4.210467040538787842e-01,2.752031385898590088e-01,7.626057416200637817e-02,-6.718838959932327271e-02,-6.842362880706787109e-02,2.182793058454990387e-02,1.482119858264923096e-01,-2.620604932308197021e-01,9.719356149435043335e-02,-7.335257530212402344e-01,-1.032165214419364929e-01,-3.562873601913452148e-01,-2.228147089481353760e-01,-1.385757476091384888e-01,-2.226154953241348267e-01,1.570885032415390015e-01,2.747996151447296143e-01,-1.507237274199724197e-02,-3.168391585350036621e-01,-3.298969566822052002e-01,8.386842161417007446e-02,3.052796721458435059e-01,-5.020737648010253906e-01,-4.597398936748504639e-01,1.398963332176208496e-01,1.003263238817453384e-02,-1.761794239282608032e-01,1.326666027307510376e-01,3.748596310615539551e-01,-3.173351287841796875e-01,1.519791483879089355e-01,4.613400623202323914e-02,-2.115784771740436554e-02,-4.582611843943595886e-02,-3.290182948112487793e-01,2.248722501099109650e-02,1.991739124059677124e-01,7.939503341913223267e-02,-1.047909036278724670e-01,1.642856150865554810e-01,-3.238230943679809570e-01,1.509204059839248657e-01,-1.189120113849639893e-01,-6.307407468557357788e-02,2.044574171304702759e-01,3.437601774930953979e-02,-2.358825653791427612e-01,1.568448096513748169e-01,-2.739543467760086060e-02,7.828845828771591187e-02,1.021528914570808411e-01,-1.802742481231689453e-01,2.310766279697418213e-02,1.486252844333648682e-01,-1.816023737192153931e-01,1.513593643903732300e-01,5.182771012187004089e-02,-3.543248176574707031e-01,5.007542204111814499e-03,1.746355146169662476e-01,-1.917661875486373901e-01,-4.788529127836227417e-02,-1.975255906581878662e-01,1.788147836923599243e-01,2.323132604360580444e-01,7.471125572919845581e-02,-2.271470800042152405e-02,-1.633487269282341003e-02,3.710619509220123291e-01,-3.005768656730651855e-01,-2.136597633361816406e-01,1.167003288865089417e-01,3.603979051113128662e-01,2.086862921714782715e-01,-1.473896652460098267e-01,-2.025818079710006714e-01,2.913532406091690063e-02,-6.542620658874511719e-01,-2.376935631036758423e-01,1.182534396648406982e-01,-2.470499724149703979e-01,-9.599354118108749390e-02,6.246311217546463013e-02,9.377898275852203369e-02,1.572744101285934448e-01,-1.524806395173072815e-02,-3.448822796344757080e-01,1.948690116405487061e-01,1.923197507858276367e-01,-5.003058165311813354e-02,4.513578489422798157e-02,9.571532160043716431e-02,3.805602490901947021e-01,1.564437299966812134e-01,4.954680800437927246e-03,1.269790083169937134e-01,-1.231474205851554871e-01,5.110604763031005859e-01,3.353276550769805908e-01,2.107239812612533569e-01,4.343440234661102295e-01,4.064777195453643799e-01,-9.691436775028705597e-03,-2.867340147495269775e-01,-3.145149052143096924e-01,1.377749741077423096e-01,-3.126259446144104004e-01,1.192609146237373352e-01,-1.537417769432067871e-01,-3.479279577732086182e-02,3.939191997051239014e-01,4.568793997168540955e-02,6.613294482231140137e-01,-3.804247081279754639e-01,-1.504490375518798828e-01,-1.736794412136077881e-02,-1.324018239974975586e-01,-4.259359464049339294e-02,-6.031527370214462280e-02,-1.296624094247817993e-01,2.822456061840057373e-01,-1.450272053480148315e-01,5.698488354682922363e-01,-1.484292149543762207e-01,-9.583592414855957031e-02,-3.370528295636177063e-02,-6.317243911325931549e-03,-4.331168830394744873e-01,-2.866597287356853485e-02,8.627807348966598511e-02,-1.788334846496582031e-01,-2.526530027389526367e-01,-9.540039114654064178e-03,2.655680179595947266e-01,-1.095096617937088013e-01,1.761105656623840332e-02,-3.807525634765625000e-01,-1.929150521755218506e-01,-7.392751425504684448e-02,1.800426691770553589e-01,2.062682807445526123e-01,1.599157601594924927e-01,1.243603155016899109e-01,2.625016272068023682e-01,-1.588450819253921509e-01,1.371744573116302490e-01,1.180996447801589966e-01,-3.439985588192939758e-02,1.915923655033111572e-01,-1.687115132808685303e-01,4.006455838680267334e-01,-4.924090802669525146e-01,1.957961767911911011e-01,-1.101551651954650879e-01,-8.525364100933074951e-02,-1.626112759113311768e-01,-2.195350825786590576e-01,2.296458184719085693e-01,4.525175988674163818e-01,-4.179371520876884460e-02,8.672141283750534058e-02,-1.204922944307327271e-01,-1.335540413856506348e-01,1.053867414593696594e-01,4.609352946281433105e-01,-2.526699900627136230e-01,5.715271830558776855e-01,3.616941571235656738e-01,-2.346742004156112671e-01,-2.583857160061597824e-03,-1.904987990856170654e-01,-1.271969825029373169e-01,-4.264862462878227234e-02,3.079217076301574707e-01,-4.276423156261444092e-02,-3.118360042572021484e-01,4.982210993766784668e-01,1.226290985941886902e-01,-4.239838421344757080e-01,-5.580957978963851929e-02,-2.480066120624542236e-01,-1.723482087254524231e-02,3.738007545471191406e-01,-4.166100919246673584e-01,3.530685901641845703e-01,-1.341872066259384155e-01,-1.198417246341705322e-01,1.876626461744308472e-01,-2.422245442867279053e-01,8.757090568542480469e-02,-4.292532429099082947e-02,1.387701630592346191e-01,-2.305429279804229736e-01,5.176305174827575684e-01,-4.738198593258857727e-02,4.611465707421302795e-02,2.931805551052093506e-01,8.451572805643081665e-02,2.160549014806747437e-01,-3.022214472293853760e-01,-1.919604465365409851e-02,1.424423158168792725e-01,-1.520904004573822021e-01,-1.091101914644241333e-01,1.943474113941192627e-01,-2.722935080528259277e-01,-1.991950273513793945e-01,8.421111851930618286e-02,1.361020058393478394e-01,6.782288104295730591e-02,-7.484452333301305771e-03,-3.125395178794860840e-01,-1.343784388154745102e-02,-3.319718176499009132e-03,1.617034524679183960e-01,7.247353345155715942e-02,1.308249216526746750e-02,8.170508779585361481e-03,-2.524021565914154053e-01,3.855741918087005615e-01,1.376691553741693497e-02,-8.537332713603973389e-02,3.046379089355468750e-01,-1.452213674783706665e-01,-3.557171225547790527e-01,-2.303047031164169312e-01,2.138910442590713501e-01,-2.314731776714324951e-01,3.607206791639328003e-02,-5.097168311476707458e-02,8.920701593160629272e-02,6.054844707250595093e-02,1.636672765016555786e-01,-1.577709019184112549e-01,-1.612353324890136719e-01,1.006496995687484741e-01,3.707067072391510010e-01,2.601886540651321411e-02,-2.666182816028594971e-01,4.092983528971672058e-02,-2.009836286306381226e-01,-2.509697079658508301e-01,9.193117916584014893e-02,4.146073758602142334e-02,-2.755383551120758057e-01,1.756566464900970459e-01,-3.212838992476463318e-02,-2.238054424524307251e-01,5.904064048081636429e-03,-2.921922206878662109e-01,-5.832959413528442383e-01,2.006255090236663818e-01,1.703647822141647339e-01,-2.149113826453685760e-02,2.317444682121276855e-01,-9.817163646221160889e-02,-1.648478060960769653e-01,2.860779166221618652e-01,-3.172751516103744507e-02,8.841909468173980713e-02,-3.324558213353157043e-02,1.592799276113510132e-01,-7.788941729813814163e-03,-2.426787167787551880e-01,5.919749289751052856e-02,1.143832728266716003e-01,1.399161517620086670e-01,5.605895519256591797e-01,-2.725594639778137207e-01,4.697586968541145325e-02,-4.129851981997489929e-02,-3.710963428020477295e-01,-4.086186587810516357e-01,-7.255075126886367798e-02,-1.600548624992370605e-01,1.342909634113311768e-01,1.283834129571914673e-01,9.905909746885299683e-02,3.483302891254425049e-01,-2.592120468616485596e-01,-7.691713422536849976e-02,7.237279415130615234e-02,-1.202017590403556824e-01,1.138443797826766968e-01,-2.418709546327590942e-01,-8.786603063344955444e-02,3.630412817001342773e-01,-2.468004524707794189e-01,9.315039962530136108e-02,-2.147922813892364502e-01,2.589815482497215271e-02,-2.317127883434295654e-01,9.439285099506378174e-02,-2.862799167633056641e-01,-2.395441383123397827e-01,2.384987771511077881e-01,1.736854910850524902e-01,1.684256494045257568e-01,-7.250019907951354980e-02,3.230158686637878418e-01,2.415968626737594604e-01,1.576949357986450195e-01,-1.633646637201309204e-01,-6.306447833776473999e-02,-2.743564546108245850e-01,-9.428842365741729736e-02,-1.972984224557876587e-01,1.539476066827774048e-01,-9.348100982606410980e-03,-7.723060250282287598e-02,-4.229885339736938477e-01,3.470484539866447449e-02,4.442739486694335938e-01,-2.185817249119281769e-02,-1.902522593736648560e-01,-7.817157357931137085e-02,-1.784387230873107910e-01,-6.425977498292922974e-02,1.963599026203155518e-01,1.228179633617401123e-01,-1.986817270517349243e-02,-2.420551031827926636e-01,-2.706454992294311523e-01,-2.370786070823669434e-01,-6.946074217557907104e-02,2.243724912405014038e-01,-8.455170691013336182e-02,-1.551493722945451736e-02,3.381722867488861084e-01,5.503196734935045242e-03,-2.608738541603088379e-01,2.747395336627960205e-01,-2.593475282192230225e-01,1.557438969612121582e-01,2.474367618560791016e-01,-4.999640956521034241e-02,2.288245558738708496e-01,-7.738512009382247925e-02,1.613656729459762573e-01,-1.718834489583969116e-01,2.127998769283294678e-01,-7.819309085607528687e-02,-1.931355595588684082e-01,-3.085061311721801758e-01,-3.988923430442810059e-01,-1.671122163534164429e-01,2.374447695910930634e-02,4.272615909576416016e-01,-1.212598755955696106e-01,-2.619987726211547852e-01,-5.789424777030944824e-01,-6.044200807809829712e-02,-1.183490678668022156e-01,-3.288094103336334229e-01,5.665281414985656738e-02,-1.145261153578758240e-01,-3.791733384132385254e-01,1.003379076719284058e-01,-6.931633502244949341e-02,-8.753623068332672119e-02,1.812880039215087891e-01,-1.627181321382522583e-01,3.709059357643127441e-01,-7.755970954895019531e-02,-5.994705855846405029e-02,-4.129263106733560562e-03,9.962066262960433960e-02,-3.924468755722045898e-01,-3.043518364429473877e-01,-2.205929905176162720e-01,-1.191551461815834045e-01,6.351331472396850586e-01,-3.024595379829406738e-01,1.486727744340896606e-01,5.423043966293334961e-01,1.892021447420120239e-01,9.394561499357223511e-02,4.122796654701232910e-01,-8.030436187982559204e-02,-2.525122165679931641e-01,-1.947668790817260742e-01,1.330184042453765869e-01,3.702932298183441162e-01,-2.916943132877349854e-01,3.528873920440673828e-01,4.163865372538566589e-02,4.386043250560760498e-01,-4.519563019275665283e-01,4.985542893409729004e-01,1.337500847876071930e-02,-4.087566137313842773e-01,1.037455126643180847e-01,-2.471277713775634766e-01,2.488642185926437378e-01,-2.444451451301574707e-01,-4.895819723606109619e-01,5.061504244804382324e-01,-4.541527107357978821e-02,2.444408982992172241e-01,-2.252974063158035278e-01,1.441659629344940186e-01,-1.850639730691909790e-01,4.612194001674652100e-01,1.222058534622192383e-01,-4.413583502173423767e-02,-3.122340142726898193e-01,-9.625148773193359375e-02,-2.677419185638427734e-01,1.910831481218338013e-01,-4.909255728125572205e-02,1.830618679523468018e-01,-3.027358353137969971e-01,4.928674548864364624e-02,-1.665286868810653687e-01,1.200846508145332336e-01,-2.087624669075012207e-01,-3.295228257775306702e-02,-1.218946650624275208e-01,1.052527204155921936e-01,-2.662446200847625732e-01,7.793208211660385132e-02,-3.114404976367950439e-01,-1.834818124771118164e-01,-1.599523425102233887e-01,2.297061979770660400e-01,1.301883757114410400e-01,-1.326667517423629761e-01,5.202584713697433472e-02,-3.582363128662109375e-01,2.428283691406250000e-01,6.692786514759063721e-02,1.847938150167465210e-01,-3.141049295663833618e-02,1.770879030227661133e-01,-1.953822746872901917e-02,-8.970967493951320648e-03,-2.493026293814182281e-02,3.839556574821472168e-01,-1.735355854034423828e-01,7.091594487428665161e-02,-8.303766138851642609e-03,-2.149192243814468384e-01,-2.484087646007537842e-01,4.202699363231658936e-01,2.266462445259094238e-01,-2.066023275256156921e-02,-9.388720989227294922e-02,2.440313994884490967e-02,5.421176180243492126e-02,-9.886842966079711914e-02,-2.444849610328674316e-01,-1.093474999070167542e-01,2.119630426168441772e-01,-2.400570064783096313e-01,1.028675492852926254e-02,-1.046425290405750275e-02,3.801174461841583252e-01,2.219761759042739868e-01,1.282432228326797485e-01,2.723509073257446289e-01,1.162531524896621704e-01,-1.956615224480628967e-02,6.551799178123474121e-02,5.390311405062675476e-02,-2.664307355880737305e-01,-1.673358827829360962e-01,-8.116175234317779541e-02,-1.656886339187622070e-01,-9.974635904654860497e-04,-8.936340920627117157e-03,-2.602407634258270264e-01,1.330097019672393799e-01,3.260606825351715088e-01,3.298676908016204834e-01,-3.341197967529296875e-01,-3.099428713321685791e-01,-4.588574171066284180e-02,1.908608078956604004e-01,4.110159277915954590e-01,-1.097780093550682068e-01,-2.688636481761932373e-01,1.191473826766014099e-01,-2.117940485477447510e-01,5.167045593261718750e-01,1.502061784267425537e-01,-1.219203579239547253e-03,-1.880625612102448940e-03,1.861404180526733398e-01,-1.063414290547370911e-01,5.052056163549423218e-02,2.846192121505737305e-01,1.497384533286094666e-02,1.875629089772701263e-02,1.300578117370605469e-01,-1.342799961566925049e-01,2.435147762298583984e-01,8.343176543712615967e-02,6.479711085557937622e-02,1.686321198940277100e-01,-8.616202324628829956e-02,-2.334665060043334961e-01,-2.493048012256622314e-01,-3.447303473949432373e-01,9.505359083414077759e-02,-4.913712292909622192e-02,3.423169851303100586e-01,9.304886311292648315e-02,-7.921180874109268188e-02,2.228748053312301636e-01,2.174628674983978271e-01,-2.074306607246398926e-01,-5.612795799970626831e-02,-5.866294354200363159e-02,-1.907694190740585327e-01,2.124485187232494354e-02,2.658906579017639160e-01,-1.436834037303924561e-01,-2.720071934163570404e-02,-6.270913034677505493e-02,7.729682326316833496e-02,-3.125588893890380859e-01,3.751279041171073914e-02,-4.929629620164632797e-03,-3.582927584648132324e-02,2.291096746921539307e-01,-8.481828495860099792e-03,-3.434456884860992432e-01,-2.166551202535629272e-01,5.557438731193542480e-02,3.946937918663024902e-01,-5.057888627052307129e-01,-1.646841019392013550e-01,-2.911229431629180908e-01,6.590497493743896484e-02,9.172615595161914825e-03,7.906104624271392822e-02,-8.809689432382583618e-02,9.204121679067611694e-02,1.094237938523292542e-01,1.878905892372131348e-01,-2.673923969268798828e-01,1.555299013853073120e-01,7.266406416893005371e-01,8.572147041559219360e-02,1.533211488276720047e-02,-1.043693050742149353e-01,-1.335261762142181396e-01,-1.374001950025558472e-01,-1.179373189806938171e-01,-1.066436246037483215e-01,-8.850338310003280640e-02,2.189671397209167480e-01,1.912006139755249023e-01,-3.256525397300720215e-01,-1.759631782770156860e-01,1.198545694351196289e-01,-4.728049635887145996e-01,-2.904467880725860596e-01,-1.807220578193664551e-01,8.632986247539520264e-02,-1.592806130647659302e-01,-1.258080452680587769e-01,-1.226432248950004578e-01,1.152089908719062805e-01,-4.269146025180816650e-01,1.448774188756942749e-01,-2.151604294776916504e-01,4.121803343296051025e-01,1.133127585053443909e-01,1.325654834508895874e-01,2.441839724779129028e-01,3.597162365913391113e-01,-1.330753266811370850e-01,-2.090398818254470825e-01,1.734494976699352264e-02,7.969849742949008942e-03,3.615239858627319336e-01,-2.034121006727218628e-01,1.120242476463317871e-01,2.708318829536437988e-01,-3.088777363300323486e-01,-1.578917801380157471e-01,5.468531697988510132e-02,4.671542942523956299e-01,-1.162212714552879333e-01,6.053569540381431580e-02,-1.805243343114852905e-01,-1.709764003753662109e-01,-5.242867395281791687e-02,-3.503625094890594482e-01,-2.488687820732593536e-02,-4.758723080158233643e-01,-1.400684714317321777e-01,-5.278373956680297852e-01,9.748604893684387207e-02,2.872425913810729980e-01,-1.593968719244003296e-01,-2.538599073886871338e-01,-1.420407146215438843e-01,-8.151651918888092041e-02,2.762234210968017578e-02,1.430048644542694092e-01,-1.655008494853973389e-01,-1.891709715127944946e-01,5.511936545372009277e-01,8.191016316413879395e-02,-1.062664389610290527e-01,-2.592137157917022705e-01,4.460180103778839111e-01,2.960765957832336426e-01,-6.211159750819206238e-02,-9.849788993597030640e-02,-3.298278748989105225e-01,3.683014512062072754e-01,1.682057678699493408e-01,1.588100343942642212e-01,1.152484863996505737e-01
1.966454088687896729e-01,-1.768991351127624512e-02,7.876233756542205811e-02,2.192834317684173584e-01,-1.477242261171340942e-01,-1.474059075117111206e-01,-1.047216057777404785e-01,4.144819825887680054e-02,-2.541973590850830078e-01,-2.080507427453994751e-01,1.796967238187789917e-01,-3.602722585201263428e-01,3.062341511249542236e-01,1.660224795341491699e-01,-1.487411558628082275e-01,4.529143497347831726e-02,-2.467527091503143311e-01,7.757751643657684326e-02,-1.380831450223922729e-01,4.465423896908760071e-02,-1.479870527982711792e-01,3.589661121368408203e-01,2.725207805633544922e-01,-1.439539194107055664e-01,3.332551121711730957e-01,4.438859820365905762e-01,-8.477985858917236328e-02,-2.256407141685485840e-01,-3.377826511859893799e-01,-1.355289071798324585e-01,-2.622072957456111908e-02,3.117053210735321045e-02,-1.093581095337867737e-01,1.738513261079788208e-01,-2.488251775503158569e-01,-3.701362609863281250e-01,-8.261667191982269287e-02,1.306778937578201294e-01,9.857312543317675591e-04,-2.876616716384887695e-01,-3.595134019851684570e-01,1.686245948076248169e-02,5.005536973476409912e-02,-3.125821650028228760e-01,-1.141426041722297668e-01,-2.363316155970096588e-02,6.181415915489196777e-02,3.615440130233764648e-01,-5.050365254282951355e-02,-2.152328006923198700e-02,8.220962435007095337e-02,3.435600697994232178e-01,1.720724701881408691e-01,4.456621408462524414e-02,-2.110379189252853394e-01,-5.153360962867736816e-02,-1.038676872849464417e-02,-4.276459813117980957e-01,1.929564625024795532e-01,-2.062225043773651123e-01,-2.245633006095886230e-01,-7.790840696543455124e-03,-1.543119996786117554e-01,3.144505620002746582e-02,-3.130059316754341125e-02,4.983992502093315125e-02,-2.687366902828216553e-01,-1.076369658112525940e-01,-2.830293774604797363e-01,5.709075927734375000e-02,-2.572420984506607056e-02,-3.372974693775177002e-02,7.753553334623575211e-03,2.607479095458984375e-01,-3.795200884342193604e-01,-4.500862210988998413e-02,-2.245198041200637817e-01,6.639023870229721069e-02,-6.706677377223968506e-02,1.670628041028976440e-01,1.344659775495529175e-01,7.775553385727107525e-04,1.329543739557266235e-01,-4.971886873245239258e-01,2.894276566803455353e-02,3.026869297027587891e-01,-8.268777281045913696e-02,-2.090750727802515030e-03,6.685668602585792542e-03,-2.201052196323871613e-02,1.671128869056701660e-01,8.672653883695602417e-02,-2.087485045194625854e-01,-1.368646919727325439e-01,6.945592910051345825e-02,-3.513886034488677979e-01,1.451716125011444092e-01,1.851160824298858643e-01,1.810693591833114624e-01,5.194203462451696396e-03,6.299291551113128662e-02,5.906026065349578857e-02,-4.682796448469161987e-02,1.628648787736892700e-01,2.993645370006561279e-01,8.059445768594741821e-02,-1.521738767623901367e-01,1.021969839930534363e-01,-1.492206603288650513e-01,-1.680391728878021240e-01,-1.291696131229400635e-01,-1.984853446483612061e-01,-2.765780389308929443e-01,6.330891698598861694e-02,-2.696052789688110352e-01,-1.731357574462890625e-01,-2.646499872207641602e-01,5.155624449253082275e-02,-2.711693048477172852e-01,9.070537239313125610e-02,-2.707890272140502930e-01,1.221213787794113159e-01,-4.627473652362823486e-01,4.951660707592964172e-02,-3.253405988216400146e-01,9.641817957162857056e-02,1.161534637212753296e-01,-1.426479965448379517e-01,-1.740215271711349487e-01,-1.431157439947128296e-01,1.362972259521484375e-01,-5.223292857408523560e-02,5.438446626067161560e-02,1.307597160339355469e-01,2.050257623195648193e-01,1.634073853492736816e-01,1.382527500391006470e-01,-3.055981360375881195e-02,2.255607396364212036e-01,4.528950527310371399e-02,-4.259268939495086670e-02,4.210120812058448792e-02,-1.031776443123817444e-01,4.378805458545684814e-01,3.664360567927360535e-02,-1.176838725805282593e-01,-3.252050280570983887e-02,-1.533597260713577271e-01,-9.496414102613925934e-03,4.436687007546424866e-02,1.512622833251953125e-01,-3.579357862472534180e-01,8.147717267274856567e-02,-4.404801726341247559e-01,-1.416599005460739136e-01,1.234369203448295593e-01,-6.405325978994369507e-02,-1.525699943304061890e-01,1.432734876871109009e-01,-1.451921463012695312e-01,2.722980380058288574e-01,1.747261732816696167e-01,-2.814380526542663574e-01,-1.370285544544458389e-02,-9.303820133209228516e-02,-3.850814104080200195e-01,-1.780771315097808838e-01,-2.175303399562835693e-01,2.640118896961212158e-01,-1.008707955479621887e-01,-7.498336583375930786e-02,-2.204856276512145996e-02,1.160435974597930908e-01,5.677938833832740784e-02,3.048306703567504883e-01,1.829547286033630371e-01,-1.193886250257492065e-01,1.269629746675491333e-01,1.040980964899063110e-01,3.505431115627288818e-02,-1.607982218265533447e-01,1.608011424541473389e-01,-3.547244966030120850e-01,-9.509460628032684326e-02,-7.665778696537017822e-02,6.383856385946273804e-02,1.188271194696426392e-01,-2.120851427316665649e-01,-4.505187571048736572e-01,1.388515830039978027e-01,-2.793945372104644775e-01,-2.763552665710449219e-01,1.280805915594100952e-01,6.222584471106529236e-02,-2.912401221692562103e-02,-3.492519557476043701e-01,1.310150921344757080e-01,-1.686185747385025024e-01,1.318683326244354248e-01,3.653359599411487579e-03,8.533597737550735474e-02,-9.025224298238754272e-02,1.573696881532669067e-01,-2.810021340847015381e-01,3.001104593276977539e-01,-2.035789489746093750e-01,2.430130243301391602e-01,-1.794395148754119873e-01,5.805043503642082214e-03,-2.414362579584121704e-01,-1.274875253438949585e-01,-4.977952316403388977e-02,-1.753919869661331177e-01,7.979496568441390991e-02,-3.305926173925399780e-02,9.532796591520309448e-02,-1.305060684680938721e-01,-2.240256965160369873e-01,1.475244481116533279e-02,2.504640519618988037e-01,-3.236595392227172852e-01,-1.596492677927017212e-01,1.823407560586929321e-01,-4.209793359041213989e-02,1.353089511394500732e-01,-5.707232630811631680e-04,1.313103288412094116e-01,2.425281256437301636e-01,-1.509141176939010620e-01,-1.527559161186218262e-01,3.434726297855377197e-01,1.047172024846076965e-01,3.359437286853790283e-01,3.639919757843017578e-01,2.197042852640151978e-01,7.534374482929706573e-03,1.268438398838043213e-01,1.074359565973281860e-02,-5.413451418280601501e-02,1.609943062067031860e-01,-2.381346523761749268e-01,2.832942008972167969e-01,5.810304358601570129e-02,-2.419810891151428223e-01,4.261431097984313965e-02,2.042316496372222900e-01,-2.566506564617156982e-01,7.578658312559127808e-02,-2.005764245986938477e-01,-1.748625487089157104e-01,-8.032232522964477539e-02,6.813196092844009399e-02,-3.541229069232940674e-01,2.667928934097290039e-01,4.294135794043540955e-02,-1.166521292179822922e-02,2.222156673669815063e-01,2.207308858633041382e-01,2.965779900550842285e-01,-1.546385437250137329e-01,-3.722940981388092041e-01,-9.180840104818344116e-03,2.028500661253929138e-03,-1.663239300251007080e-01,-7.430407404899597168e-02,4.209215044975280762e-01,1.557767093181610107e-01,-1.341440826654434204e-01,-9.523519873619079590e-02,5.237985029816627502e-02,3.550575673580169678e-02,-9.839803725481033325e-02,4.580770730972290039e-01,1.087968945503234863e-01,-5.750385671854019165e-02,-2.100880593061447144e-01,-3.370573744177818298e-03,-3.716049194335937500e-01,1.863440573215484619e-01,8.507493883371353149e-02,6.282775104045867920e-02,-1.740120947360992432e-01,2.612918615341186523e-01,-7.506934460252523422e-03,1.362321674823760986e-01,-2.649188600480556488e-02,1.714917868375778198e-01,-2.780030667781829834e-01,-9.947724640369415283e-02,3.862883150577545166e-02,-4.191529005765914917e-02,-4.806656837463378906e-01,9.224814176559448242e-02,3.269502520561218262e-01,3.182427585124969482e-01,-1.632971316576004028e-01,3.780321776866912842e-01,3.354745507240295410e-01,-2.994385659694671631e-01,3.314893320202827454e-02,1.196748018264770508e-01,1.711866445839405060e-02,-5.856267362833023071e-02,-4.572084546089172363e-02,-2.284605652093887329e-01,-1.151812076568603516e-01,1.884918808937072754e-01,-2.043223939836025238e-02,-6.771740317344665527e-02,-2.205676883459091187e-01,-3.477577865123748779e-01,1.734425127506256104e-01,2.565374672412872314e-01,1.048268601298332214e-01,-1.737642139196395874e-01,-2.354732751846313477e-01,-1.522380411624908447e-01,1.706995964050292969e-01,-3.945410549640655518e-01,1.106692776083946228e-01,1.016807854175567627e-01,-2.949106097221374512e-01,-2.630510628223419189e-01,-3.155878782272338867e-01,1.951471865177154541e-01,3.122964315116405487e-02,-1.830661296844482422e-01,-4.585043787956237793e-01,-2.116848342120647430e-02,-1.454952508211135864e-01,1.516045778989791870e-01,3.080460131168365479e-01,1.110259070992469788e-01,5.563570559024810791e-02,2.648909091949462891e-01,2.121002785861492157e-02,1.366955935955047607e-01,-1.374090742319822311e-02,1.431517452001571655e-01,1.362336426973342896e-02,8.507538586854934692e-02,1.132325679063796997e-01,-5.648592486977577209e-02,3.636753559112548828e-01,-9.733321517705917358e-02,-1.211203262209892273e-02,8.047229796648025513e-02,2.957594394683837891e-01,3.835591077804565430e-01,2.427373677492141724e-01,9.796246886253356934e-03,-6.423632800579071045e-02,4.931269586086273193e-02,-4.040387570858001709e-01,2.747090347111225128e-02,-1.934015750885009766e-01,2.227041274309158325e-01,2.352762818336486816e-01,3.213310241699218750e-01,-1.819897741079330444e-01,7.191412150859832764e-02,-1.609395593404769897e-01,3.454891741275787354e-01,3.327564299106597900e-01,2.246356457471847534e-01,3.033231496810913086e-01,-9.301590733230113983e-03,-4.289517104625701904e-01,8.597231656312942505e-02,3.999278545379638672e-01,-2.572925090789794922e-01,1.530924290418624878e-01,-2.512303888797760010e-01,6.088558211922645569e-02,-5.235843732953071594e-02,2.125998437404632568e-01,-1.933376863598823547e-02,-1.709492504596710205e-01,-2.387212216854095459e-01,-1.640461268834769726e-04,1.319118738174438477e-01,1.523597240447998047e-01,2.327360510826110840e-01,3.002709336578845978e-02,2.830983400344848633e-01,4.055359363555908203e-01,3.644578903913497925e-02,1.742507964372634888e-01,-2.839615941047668457e-02,2.320707440376281738e-01,1.211674325168132782e-02,4.216131567955017090e-02,-4.553664103150367737e-02,1.636408865451812744e-01,1.293049473315477371e-02,-1.249969005584716797e-01,-3.604268133640289307e-01,-1.579421907663345337e-01,1.697788983583450317e-01,1.111341267824172974e-01,-2.397609502077102661e-01,-2.263376116752624512e-01,1.437700837850570679e-01,-2.539378404617309570e-01,-2.183685451745986938e-01,-2.290704101324081421e-01,3.071679966524243355e-03,-1.339131295680999756e-01,1.401303708553314209e-01,1.555945165455341339e-02,-2.286882102489471436e-01,-1.949701756238937378e-01,2.758921682834625244e-01,5.864382535219192505e-02,1.001507937908172607e-01,-9.663557261228561401e-02,3.821828961372375488e-02,-3.846790492534637451e-01,1.940053105354309082e-01,4.183579683303833008e-01,-4.543090984225273132e-02,-7.861384749412536621e-02,3.220734894275665283e-01,7.626784592866897583e-02,-7.286997884511947632e-02,2.242443859577178955e-01,1.030540913343429565e-01,-5.901719629764556885e-02,5.787146091461181641e-01,-2.337834388017654419e-01,1.962725967168807983e-01,-5.903635919094085693e-02,-1.039565727114677429e-01,-9.340205043554306030e-02,-4.178295284509658813e-02,2.188625335693359375e-01,1.055703014135360718e-01,-1.282269060611724854e-01,-4.422075450420379639e-01,-7.053938694298267365e-03,1.978092268109321594e-02,1.326645165681838989e-01,-2.461133748292922974e-01,4.653695821762084961e-01,1.500875204801559448e-01,2.010251134634017944e-01,-2.015630714595317841e-02,-2.011799961328506470e-01,-2.107557803392410278e-01,2.514251768589019775e-01,8.614630997180938721e-02,-2.969674766063690186e-01,5.302117392420768738e-02,2.077365107834339142e-02,-9.188486635684967041e-02,-3.696145117282867432e-01,1.385729312896728516e-01,3.032349646091461182e-01,1.768403500318527222e-01,5.353330075740814209e-02,1.943218559026718140e-01,2.858687639236450195e-01,3.538201749324798584e-02,1.855891495943069458e-01,2.024064585566520691e-02,-1.718102246522903442e-01,3.906447887420654297e-01,-2.633923888206481934e-01,2.109261304140090942e-01,4.101941287517547607e-01,-8.776483684778213501e-02,3.123226924799382687e-04,-1.350478976964950562e-01,-7.716062664985656738e-02,-1.772904843091964722e-01,-6.900550215505063534e-04,7.266678661108016968e-02,2.822006046772003174e-01,2.401218861341476440e-01,1.065705791115760803e-01,7.837596535682678223e-02,-4.224543645977973938e-02,-2.344503253698348999e-01,-2.626684494316577911e-02,-5.292041897773742676e-01,1.544660627841949463e-01,-1.254644989967346191e-01,-1.092293336987495422e-01,-3.648747801780700684e-01,7.102288305759429932e-02,4.786943271756172180e-02,-2.289022803306579590e-01,2.654148340225219727e-01,1.563471108675003052e-01,8.308082073926925659e-02,-1.723340302705764771e-01,2.631693184375762939e-01,5.244145914912223816e-02,2.033406049013137817e-01,3.653199225664138794e-02,3.603810966014862061e-01,-2.362874150276184082e-02,-5.873252823948860168e-02,-3.809487819671630859e-02,1.576643437147140503e-01,2.066026926040649414e-01,2.798103960230946541e-03,-2.872710302472114563e-02,-1.026929020881652832e-01,-2.212359011173248291e-01,6.673681735992431641e-02,2.847024053335189819e-02,3.377197682857513428e-01,-4.130814075469970703e-01,-2.284672111272811890e-02,-2.606067620217800140e-02,-6.201403141021728516e-01,-3.615279793739318848e-01,6.654527038335800171e-02,-3.244388103485107422e-02,2.969135344028472900e-01,2.291823178529739380e-01,-2.579203844070434570e-01,2.179914712905883789e-01,-2.077191472053527832e-01,-1.450535207986831665e-01,2.025447040796279907e-01,-2.602362539619207382e-03,1.076657921075820923e-01,-1.597888171672821045e-01,2.848861813545227051e-01,5.853367596864700317e-02,-6.371084600687026978e-02,9.163226932287216187e-02,-3.011065125465393066e-01,2.526376843452453613e-01,3.680616617202758789e-01,3.467578589916229248e-01,-7.157917320728302002e-02,1.749067753553390503e-01,-3.082223236560821533e-01,1.117301359772682190e-01,-1.376823931932449341e-01,2.730213701725006104e-01,-2.069669067859649658e-01,6.678529083728790283e-02,6.890725810080766678e-03,-1.353489886969327927e-02,1.383679062128067017e-01,-3.244758397340774536e-02,5.885698795318603516e-01,3.776938319206237793e-01,-5.701663494110107422e-01,2.311765402555465698e-02,-1.914854645729064941e-01,-4.759873449802398682e-01,6.991256028413772583e-02,-3.821358382701873779e-01,-2.435084134340286255e-01,-2.484709769487380981e-01,4.876559600234031677e-02,4.790174216032028198e-02,-5.963658913969993591e-02,-5.865636095404624939e-02,9.270594269037246704e-02,5.828554555773735046e-02,4.309924319386482239e-03,-2.454413175582885742e-01,3.522482514381408691e-02,-8.188296854496002197e-02,1.127434894442558289e-01,-9.064744412899017334e-02,1.858235448598861694e-01,2.042169272899627686e-01,1.940159499645233154e-02,-1.794424466788768768e-02,-1.215732023119926453e-01,-1.229026690125465393e-01,9.436137229204177856e-02,-1.096074134111404419e-01,-1.788771450519561768e-01,-3.734004497528076172e-02,1.572455912828445435e-01,-1.268437802791595459e-01,-6.298121064901351929e-02,4.513970762491226196e-02,-3.467687964439392090e-01,-1.632840186357498169e-01,1.231681630015373230e-01,1.921486458741128445e-03,-2.984569668769836426e-01,2.862165868282318115e-01,1.505687385797500610e-01,3.118092715740203857e-01,1.084168329834938049e-01,4.364346265792846680e-01,-1.118925511837005615e-01,-1.401826739311218262e-01,-1.606330871582031250e-01,2.651501297950744629e-01,-1.581537276506423950e-01,1.240515634417533875e-01,-2.191695868968963623e-01,-2.673899233341217041e-01,-7.860279083251953125e-02,3.955100104212760925e-02,3.497114777565002441e-01,4.575628936290740967e-01,-5.334781110286712646e-02,-1.461918503046035767e-01,-3.504370152950286865e-01,4.699714481830596924e-02,-1.258896440267562866e-01,-7.468361407518386841e-03,-3.982462733983993530e-02,-9.325304068624973297e-03,-3.553249239921569824e-01,5.989429354667663574e-02,3.215098008513450623e-02,2.605433762073516846e-01,-3.705497980117797852e-01,4.278149604797363281e-01,5.439700931310653687e-02,-2.075285315513610840e-01,1.055247336626052856e-01,3.777370601892471313e-02,-4.055692628026008606e-02,-7.301116734743118286e-02,-2.303659170866012573e-02,-9.437276422977447510e-02,2.044111341238021851e-01,8.896809816360473633e-02,-5.089852958917617798e-02,9.943144395947456360e-04,-7.483705878257751465e-02,-4.918453842401504517e-02,1.607162952423095703e-01,-2.902336418628692627e-01,2.753967978060245514e-02,1.397854238748550415e-01,3.422851562500000000e-01,-4.596724808216094971e-01,2.585710585117340088e-02,1.649314761161804199e-01,8.977349847555160522e-02,-2.203053385019302368e-01,-2.277624309062957764e-01,8.779608458280563354e-02,-2.268352061510086060e-01,1.162640601396560669e-01,-6.402008235454559326e-02,1.693628430366516113e-01,-1.647237688302993774e-01,2.035959661006927490e-01,1.580418273806571960e-02,9.625648707151412964e-02,-1.539084464311599731e-01,1.826481372117996216e-01,1.564208865165710449e-01,2.714119255542755127e-01,-1.579148322343826294e-01,-3.201211337000131607e-03,3.444407582283020020e-01,-3.501178026199340820e-01,1.549874395132064819e-01,-6.779368035495281219e-03,-1.062340885400772095e-01,-1.023355871438980103e-01,2.017988115549087524e-01,-1.241093501448631287e-01,1.822420209646224976e-01,8.452980965375900269e-02,-7.317408919334411621e-01,2.222433537244796753e-01,-5.393941402435302734e-01,3.151371479034423828e-01,-2.864234149456024170e-01,-4.090550541877746582e-02,2.350142896175384521e-01,5.413991585373878479e-02,8.703589439392089844e-02,3.231443762779235840e-01,-3.428190350532531738e-01,2.151872068643569946e-01,1.401216387748718262e-01,-5.421032011508941650e-02,-9.700066596269607544e-02,-8.005467057228088379e-02,-1.925876438617706299e-01,4.458966478705406189e-02,2.995914518833160400e-01,2.781360223889350891e-02,1.842175126075744629e-01,-1.614475399255752563e-01,6.289929896593093872e-02,-1.248465105891227722e-01,-1.666034460067749023e-01,6.504503637552261353e-02,1.529787331819534302e-01,-3.060672283172607422e-01,-2.259005904197692871e-01,9.750393219292163849e-04,-3.073040544986724854e-01,3.310833573341369629e-01,3.752328455448150635e-01,-9.849992394447326660e-02,-6.952659785747528076e-02,-5.979613959789276123e-02,2.913781404495239258e-01,-2.264972776174545288e-02,3.354637622833251953e-01,-5.514428019523620605e-03,1.089429780840873718e-01,-2.655610814690589905e-02,-1.040013432502746582e-01,-2.596835196018218994e-01,-1.988439559936523438e-01,-1.625453531742095947e-01,3.273416757583618164e-01,4.789466038346290588e-02,1.398057937622070312e-01,-2.055233567953109741e-01,-2.246900498867034912e-01,-2.922114133834838867e-01,-9.706233441829681396e-02,-1.728830635547637939e-01,-1.720216274261474609e-01,-1.293590366840362549e-01,2.934747636318206787e-01,-8.592344820499420166e-02,4.134070873260498047e-01,3.556993901729583740e-01,3.464334607124328613e-01,1.472373455762863159e-01,-1.487078368663787842e-01,-1.439973711967468262e-01,1.778350584208965302e-02,-1.097892448306083679e-01,-2.221307605504989624e-01,-1.071052327752113342e-01,-1.006625294685363770e-01,2.069973647594451904e-01,4.266566038131713867e-01,1.968454569578170776e-01,1.548303514719009399e-01,-1.171304285526275635e-01,2.282885313034057617e-01,2.917828038334846497e-02,1.696415692567825317e-01,2.010939568281173706e-01,6.004165112972259521e-02,-2.670346014201641083e-02,3.457765877246856689e-01,1.002477407455444336e-01,-2.866522669792175293e-01,-1.512017995119094849e-01,-1.188815906643867493e-01,-2.711898982524871826e-01,1.151284761726856232e-02,1.633039414882659912e-01,-4.854295849800109863e-01,2.415377050638198853e-01,-2.834241688251495361e-01,-4.635715857148170471e-02,4.865102097392082214e-02,-3.830308467149734497e-02,-2.176648825407028198e-01,-1.112463548779487610e-01
1.983765363693237305e-01,-1.089355945587158203e-01,-6.511554121971130371e-02,-7.442449033260345459e-02,-8.986440300941467285e-02,-2.626743614673614502e-01,1.362292766571044922e-01,-3.901933878660202026e-02,-5.069625750184059143e-02,-2.005710601806640625e-01,-2.010391205549240112e-01,-5.739990156143903732e-03,-2.588157951831817627e-01,-5.379577279090881348e-01,3.722101449966430664e-01,-2.010409086942672729e-01,-1.817199736833572388e-01,-4.423644542694091797e-01,5.118193104863166809e-02,-4.568368662148714066e-03,6.934679695405066013e-04,1.548034399747848511e-01,-7.513940334320068359e-02,5.230078008025884628e-03,3.778722137212753296e-02,-2.613613903522491455e-01,3.794487938284873962e-02,8.123305439949035645e-02,-1.057094056159257889e-02,5.668157339096069336e-02,-5.793364048004150391e-01,1.022567879408597946e-02,-2.704376876354217529e-01,3.345083817839622498e-02,3.103093802928924561e-01,3.478109240531921387e-01,-6.252851802855730057e-03,2.992101013660430908e-01,-1.157714501023292542e-01,-1.292264312505722046e-01,-2.717347256839275360e-02,-2.637405395507812500e-01,2.837524712085723877e-01,2.625998556613922119e-01,5.984212160110473633e-01,-2.103415783494710922e-03,6.466688215732574463e-02,-4.000197649002075195e-01,-1.124870479106903076e-01,1.449926048517227173e-01,-2.668057084083557129e-01,5.152449756860733032e-02,-2.066392898559570312e-01,8.807014673948287964e-02,3.633818924427032471e-01,-6.974378228187561035e-02,-4.208635538816452026e-02,1.152557879686355591e-02,-5.949046090245246887e-02,-2.618647515773773193e-01,-1.782754212617874146e-01,-1.514475196599960327e-01,9.400608390569686890e-02,2.348476350307464600e-01,-1.686065644025802612e-02,4.456168413162231445e-01,-5.200958624482154846e-02,-1.907819807529449463e-01,5.083107352256774902e-01,-2.440178990364074707e-01,-1.526207383722066879e-02,4.128088057041168213e-02,-3.870943188667297363e-02,2.464189939200878143e-02,6.655309698544442654e-04,3.434674739837646484e-01,9.399990737438201904e-02,-1.955731660127639771e-01,-4.537947475910186768e-01,-2.711839675903320312e-01,-3.170577287673950195e-01,1.842251867055892944e-01,7.080603390932083130e-02,9.578582644462585449e-02,-6.137979775667190552e-02,-1.773187816143035889e-01,1.185462921857833862e-01,-4.565602540969848633e-02,-9.648897498846054077e-02,2.131734192371368408e-01,-2.071028798818588257e-01,-1.341010183095932007e-01,9.105035662651062012e-02,-2.368236631155014038e-01,-4.934567585587501526e-02,-2.277561575174331665e-01,-2.478587776422500610e-01,-3.223328888416290283e-01,3.396448865532875061e-02,-1.358977556228637695e-01,1.066556200385093689e-01,2.852043509483337402e-02,-4.258570373058319092e-01,2.580478787422180176e-02,-5.471733212471008301e-02,-2.560135126113891602e-01,2.806682586669921875e-01,-9.451448917388916016e-02,-1.036570444703102112e-01,3.800586611032485962e-02,7.579325884580612183e-02,3.789309263229370117e-01,1.250745952129364014e-01,1.490585356950759888e-01,1.812490969896316528e-01,-2.262990027666091919e-01,-6.919232755899429321e-02,-2.514795362949371338e-01,-3.955722227692604065e-02,2.155064493417739868e-01,-1.560747623443603516e-02,-2.726251780986785889e-01,-2.649269104003906250e-01,3.161292672157287598e-01,3.074630498886108398e-01,-5.988452956080436707e-02,-1.135594919323921204e-01,2.677534222602844238e-01,4.944275617599487305e-01,3.147637546062469482e-01,1.029666438698768616e-01,3.473015427589416504e-01,-1.169354561716318130e-02,-5.986416712403297424e-02,1.457438711076974869e-02,-8.714310079813003540e-02,1.588099598884582520e-01,8.388653397560119629e-03,4.401319473981857300e-02,2.048721015453338623e-01,-1.111815720796585083e-01,1.837171018123626709e-01,-1.869655698537826538e-01,-2.653321623802185059e-01,1.472119987010955811e-01,1.827486157417297363e-01,8.167952299118041992e-03,-4.162944853305816650e-02,-1.072439774870872498e-01,7.614939007908105850e-03,-1.384292989969253540e-01,-2.134838402271270752e-01,3.623283505439758301e-01,-1.536676287651062012e-01,-2.961788475513458252e-01,-9.282047301530838013e-02,1.772291064262390137e-01,2.851770818233489990e-01,7.243379205465316772e-02,1.354161202907562256e-01,1.027913689613342285e-01,-6.747733801603317261e-02,-4.742104932665824890e-02,2.914607524871826172e-01,-3.886322379112243652e-01,1.082103624939918518e-01,1.569478958845138550e-01,6.793822348117828369e-02,-3.274967372417449951e-01,-5.444864928722381592e-02,-5.461094379425048828e-01,4.271722435951232910e-01,1.271324306726455688e-01,1.909052878618240356e-01,-1.556567251682281494e-01,-1.886439323425292969e-01,2.554896473884582520e-01,-2.227605134248733521e-01,-9.984473139047622681e-02,1.761428713798522949e-01,5.122349858283996582e-01,-2.920543402433395386e-02,-4.608159512281417847e-02,3.137464225292205811e-01,-1.066856235265731812e-01,-9.511975944042205811e-02,-2.802616655826568604e-01,-3.127765376120805740e-03,2.484061382710933685e-02,3.937093615531921387e-01,9.821055829524993896e-02,-6.109672039747238159e-02,3.009478561580181122e-02,4.314118623733520508e-01,3.070193231105804443e-01,1.730818748474121094e-01,-4.321006312966346741e-02,-5.064422264695167542e-02,-2.428126633167266846e-01,4.201997444033622742e-02,4.281504545360803604e-03,-1.581749022006988525e-01,-2.060621976852416992e-01,1.033807322382926941e-01,-1.362532675266265869e-01,5.715384483337402344e-01,-1.239446923136711121e-01,6.378440558910369873e-02,5.938224121928215027e-02,1.291552633047103882e-01,2.077236473560333252e-01,2.398646771907806396e-01,-3.096241950988769531e-01,-1.157863438129425049e-02,3.243796229362487793e-01,1.658907234668731689e-01,1.075415313243865967e-01,5.497002974152565002e-02,2.602637745440006256e-02,1.422169208526611328e-01,3.315167427062988281e-01,5.908097140491008759e-03,1.478410959243774414e-01,1.133858785033226013e-01,-1.484101861715316772e-01,-2.038392126560211182e-01,4.510104954242706299e-01,1.672916561365127563e-01,3.721645474433898926e-02,9.464933723211288452e-02,3.022705018520355225e-01,-5.865798890590667725e-02,-2.366539239883422852e-01,1.288888603448867798e-01,2.852855920791625977e-01,-1.209315583109855652e-01,-3.026522397994995117e-01,-3.430576920509338379e-01,-3.426076173782348633e-01,-1.968801319599151611e-01,-3.435745462775230408e-02,4.962928965687751770e-02,2.974762320518493652e-01,-2.238976359367370605e-01,5.312243103981018066e-01,-1.729632019996643066e-01,9.012918174266815186e-02,1.593219190835952759e-01,-1.933672875165939331e-01,8.429203629493713379e-01,8.535085245966911316e-03,5.880019068717956543e-02,-1.037926077842712402e-01,-1.487361043691635132e-01,5.410638451576232910e-02,-1.042101159691810608e-01,-2.986513972282409668e-01,2.433218508958816528e-01,-3.137086629867553711e-01,-3.623755276203155518e-02,1.536689698696136475e-01,-4.104051366448402405e-02,1.315475106239318848e-01,1.449296474456787109e-01,2.750783264636993408e-01,7.063803728669881821e-03,-6.077722832560539246e-02,7.227462530136108398e-02,1.334531307220458984e-01,-3.225354850292205811e-01,-3.445543944835662842e-01,7.796922326087951660e-02,-2.915596961975097656e-01,-5.330643057823181152e-02,-1.039575859904289246e-01,-2.160350978374481201e-01,-6.095395889133214951e-03,1.235888805240392685e-02,2.774823307991027832e-01,-8.366277068853378296e-02,-8.673167973756790161e-02,1.251948475837707520e-01,1.531622707843780518e-01,1.222119554877281189e-01,-2.564853131771087646e-01,-1.056331321597099304e-01,2.846392691135406494e-01,-3.365649878978729248e-01,-1.556152105331420898e-01,3.842712938785552979e-01,4.561415314674377441e-02,-8.843982219696044922e-02,-4.511971399188041687e-02,1.067122444510459900e-01,2.227447740733623505e-02,1.792832612991333008e-01,2.248767912387847900e-01,2.262699184939265251e-03,8.042590320110321045e-02,1.775421351194381714e-01,3.068234026432037354e-01,5.936172604560852051e-02,-1.328019350767135620e-01,-1.878983974456787109e-01,2.084959298372268677e-01,2.547603845596313477e-01,1.059563308954238892e-01,-1.668087542057037354e-01,-3.563368916511535645e-01,-4.362827539443969727e-01,2.148025669157505035e-02,3.895815834403038025e-02,-8.167795091867446899e-02,8.624368906021118164e-02,3.731676638126373291e-01,8.914090692996978760e-02,4.847150743007659912e-01,-2.483555078506469727e-01,5.857854709029197693e-02,3.409720063209533691e-01,1.574643254280090332e-01,4.986132308840751648e-02,-2.032137364149093628e-01,2.326359152793884277e-01,-4.106511920690536499e-02,7.203658577054738998e-03,1.535996235907077789e-02,2.272294647991657257e-02,3.916200697422027588e-01,-4.911575466394424438e-02,-1.569364219903945923e-02,-1.767051070928573608e-01,-4.461795985698699951e-01,-2.935790717601776123e-01,-1.692815572023391724e-01,2.224333584308624268e-01,-1.015079468488693237e-01,-3.926822245121002197e-01,-7.650820165872573853e-02,-1.922229081392288208e-01,6.027880311012268066e-01,-2.367689907550811768e-01,-8.920187503099441528e-02,-1.462058126926422119e-01,-5.565879493951797485e-02,1.450679451227188110e-01,1.400560289621353149e-01,2.010359615087509155e-01,3.037680387496948242e-01,-4.959097802639007568e-01,1.396914273500442505e-01,-3.951460868120193481e-02,5.637494102120399475e-02,-6.241619586944580078e-02,4.452696070075035095e-03,2.591464519500732422e-01,-1.310907304286956787e-01,-3.992323577404022217e-01,2.733483910560607910e-01,2.309713959693908691e-01,1.157825142145156860e-01,2.008046060800552368e-01,4.443766549229621887e-02,-3.677781224250793457e-01,-6.117788553237915039e-01,-8.495898544788360596e-02,-6.751604378223419189e-03,4.650441706180572510e-01,-1.695692539215087891e-01,1.445761919021606445e-01,1.363242268562316895e-01,3.412888646125793457e-01,1.810388714075088501e-01,3.840317577123641968e-02,-1.262604296207427979e-01,1.770358681678771973e-01,8.797033131122589111e-02,3.280301392078399658e-01,-7.147206366062164307e-02,-2.226057052612304688e-01,-6.309579014778137207e-01,2.091195881366729736e-01,-1.119092181324958801e-01,-2.631792426109313965e-01,-2.993325293064117432e-01,-1.757263839244842529e-01,3.393276333808898926e-01,-1.625658720731735229e-01,-4.805283248424530029e-01,-1.797514110803604126e-01,2.245390266180038452e-01,2.285188585519790649e-01,-1.214346885681152344e-01,-9.121109545230865479e-02,-2.445662021636962891e-01,-8.960013836622238159e-02,-7.457251922460272908e-05,-3.578801453113555908e-01,-1.979953348636627197e-01,2.663252949714660645e-01,6.752166152000427246e-02,9.546457976102828979e-02,3.399130702018737793e-02,-1.997537612915039062e-01,2.940796315670013428e-02,1.870308667421340942e-01,4.091632962226867676e-01,1.784500032663345337e-01,3.039277493953704834e-01,1.654462069272994995e-01,-2.505449950695037842e-01,3.796012699604034424e-01,1.427327245473861694e-01,9.031488746404647827e-02,-4.213289022445678711e-01,-4.693944454193115234e-01,4.790080785751342773e-01,1.304214261472225189e-02,-3.694921135902404785e-01,-2.959285117685794830e-02,-1.006393413990736008e-02,-7.768683880567550659e-02,5.172062516212463379e-01,1.549110710620880127e-01,-7.003120332956314087e-02,2.673189714550971985e-02,3.574398458003997803e-01,-5.309144780039787292e-02,1.291445046663284302e-01,-1.805625408887863159e-01,1.465027779340744019e-02,-4.120484739542007446e-02,-1.577428281307220459e-01,-3.876167237758636475e-01,4.099346101284027100e-01,-1.762729734182357788e-01,3.453163802623748779e-01,1.035922765731811523e-01,2.484567165374755859e-01,2.102704793214797974e-01,9.654623270034790039e-02,3.188442885875701904e-01,2.498876303434371948e-01,-3.931132256984710693e-01,5.514228716492652893e-02,-6.343271583318710327e-02,-8.782853372395038605e-03,4.941375181078910828e-02,-3.846780955791473389e-02,4.344020411372184753e-02,5.987215787172317505e-02,2.332861870527267456e-01,1.318029910326004028e-01,-2.448056191205978394e-01,3.292004764080047607e-01,-2.214672416448593140e-01,1.838267594575881958e-01,-1.035702750086784363e-01,-1.225858256220817566e-01,-4.267362877726554871e-02,1.338916420936584473e-01,2.703812718391418457e-01,9.318522177636623383e-03,2.532362937927246094e-01,2.719672396779060364e-02,-1.259078532457351685e-01,3.309807181358337402e-01,-2.835832349956035614e-02,-6.434786319732666016e-02,2.658981680870056152e-01,-1.575430482625961304e-01,-4.013088718056678772e-02,-3.986814916133880615e-01,1.311439126729965210e-01,2.341860383749008179e-01,-2.612810730934143066e-01,2.129866629838943481e-01,4.628256428986787796e-03,2.401730120182037354e-01,-5.134887695312500000e-01,-1.797701790928840637e-02,1.657294332981109619e-01,1.814065501093864441e-02,2.474114447832107544e-01,2.943833768367767334e-01,-3.124003708362579346e-01,-6.995593011379241943e-02,-2.708218395709991455e-01,-1.012412011623382568e-01,-9.967684000730514526e-02,2.570273727178573608e-02,2.585519552230834961e-01,-3.499665558338165283e-01,-4.613644257187843323e-02,3.910668790340423584e-01,-1.983677744865417480e-01,-3.510029613971710205e-01,-3.718687221407890320e-02,5.122165754437446594e-02,-2.591597735881805420e-01,5.947599560022354126e-02,-1.003323197364807129e-01,-1.726684719324111938e-01,2.352876123040914536e-03,3.076408207416534424e-01,1.262065619230270386e-01,-9.088576585054397583e-02,-4.005604386329650879e-01,5.746538564562797546e-02,-1.862965822219848633e-01,5.069378390908241272e-02,-2.765623794402927160e-04,1.627137213945388794e-01,-4.554940760135650635e-02,-2.853230237960815430e-01,9.857666492462158203e-02,1.161266416311264038e-01,1.688528805971145630e-01,2.096231430768966675e-01,-5.604762956500053406e-02,-2.012075483798980713e-01,4.394843876361846924e-01,5.257389694452285767e-02,2.507646679878234863e-01,2.858390659093856812e-02,-1.620222777128219604e-01,-1.618363857269287109e-01,1.833737492561340332e-01,1.784594953060150146e-01,2.270904183387756348e-01,1.675899475812911987e-01,-7.453762739896774292e-02,-1.523487567901611328e-01,-4.023002088069915771e-02,3.914102539420127869e-02,-1.607450470328330994e-02,-2.305613271892070770e-02,-1.665768474340438843e-01,2.111855447292327881e-01,1.344450414180755615e-01,6.396139413118362427e-02,-1.708570718765258789e-01,1.255171000957489014e-01,1.370141208171844482e-01,5.109184235334396362e-02,-1.903788000345230103e-01,5.530070662498474121e-01,-2.781046368181705475e-02,6.165803596377372742e-02,-1.539598256349563599e-01,-2.103560864925384521e-01,-2.217707335948944092e-01,1.550234705209732056e-01,-6.347344070672988892e-02,1.580638252198696136e-02,-1.594319641590118408e-01,8.096645772457122803e-02,7.545579969882965088e-02,-1.991086639463901520e-02,4.010313749313354492e-01,2.039986550807952881e-01,-2.305503934621810913e-01,1.534039080142974854e-01,-8.556545944884419441e-04,2.631801664829254150e-01,2.724446356296539307e-01,-9.984154254198074341e-02,4.020628705620765686e-02,2.025436377152800560e-03,-3.310651183128356934e-01,-1.906566321849822998e-01,-1.568520069122314453e-01,1.167253963649272919e-02,-3.789994120597839355e-01,-1.452883630990982056e-01,-1.691814064979553223e-01,1.806053072214126587e-01,2.006838619709014893e-01,1.675845235586166382e-01,2.077033966779708862e-01,-2.308588624000549316e-01,1.386902574449777603e-02,-8.720570057630538940e-02,6.674373056739568710e-03,-5.205679535865783691e-01,2.059626579284667969e-01,-5.790847539901733398e-02,-7.076849788427352905e-02,-1.419559419155120850e-01,2.691328227519989014e-01,1.770752370357513428e-01,1.191222742199897766e-01,1.597337126731872559e-01,7.423831149935722351e-03,1.489199101924896240e-01,-1.612350344657897949e-02,-2.165710330009460449e-01,-1.980138868093490601e-01,3.631199300289154053e-01,6.669327616691589355e-02,1.553675234317779541e-01,-1.858687996864318848e-01,2.336304485797882080e-01,-6.614661961793899536e-02,-8.893884718418121338e-02,-2.056265436112880707e-02,1.698541492223739624e-01,-1.585962772369384766e-01,3.261175453662872314e-01,9.426273405551910400e-02,4.616051167249679565e-02,-4.495259821414947510e-01,3.403462097048759460e-02,1.264609396457672119e-01,1.245970204472541809e-01,-5.562482401728630066e-02,1.137776598334312439e-01,1.947903335094451904e-01,-1.357106268405914307e-01,-5.638723447918891907e-02,-2.310276329517364502e-01,-1.249863132834434509e-01,3.660623356699943542e-02,1.583223044872283936e-01,-3.412770032882690430e-01,1.547427326440811157e-01,3.632488548755645752e-01,8.987593650817871094e-02,-2.990074642002582550e-02,1.489459723234176636e-01,1.747042536735534668e-01,7.420840859413146973e-02,8.500234782695770264e-02,1.915334910154342651e-01,-1.509535610675811768e-01,-8.929379284381866455e-02,-2.219063937664031982e-01,-2.693946659564971924e-01,-1.206445470452308655e-01,-1.932962685823440552e-01,-1.110331639647483826e-01,3.137291669845581055e-01,-2.426520735025405884e-02,-7.205870747566223145e-01,-2.498595267534255981e-01,2.677914202213287354e-01,4.342338144779205322e-01,1.455192118883132935e-01,9.723134338855743408e-02,9.598795324563980103e-02,-1.475193351507186890e-01,3.726260960102081299e-01,2.660323977470397949e-01,2.169767022132873535e-01,-1.248646527528762817e-01,-2.627182006835937500e-01,1.067568780854344368e-03,1.120955720543861389e-01,-4.834669232368469238e-01,3.833760693669319153e-02,-2.176967710256576538e-01,-2.078165262937545776e-01,7.431184500455856323e-02,2.665563523769378662e-01,-2.954724710434675217e-03,-2.462847977876663208e-01,1.164275705814361572e-01,-2.339163422584533691e-01,-2.783429920673370361e-01,-3.681011125445365906e-02,2.704995870590209961e-01,2.046107947826385498e-01,2.960515022277832031e-01,-2.666985392570495605e-01,1.682929694652557373e-01,-8.922944962978363037e-02,2.631742656230926514e-01,-9.355004876852035522e-02,-1.071057245135307312e-01,1.923139542341232300e-01,-3.221882581710815430e-01,-1.801493912935256958e-01,-2.418497949838638306e-01,4.579146504402160645e-01,-1.559867113828659058e-01,1.344752311706542969e-01,-2.380241602659225464e-01,-1.819510757923126221e-01,-7.573496550321578979e-02,8.298147469758987427e-02,-1.698499917984008789e-01,-3.549522161483764648e-01,2.068741321563720703e-01,2.076834440231323242e-01,-1.208963915705680847e-01,2.833241522312164307e-01,1.537450850009918213e-01,1.430523246526718140e-01,-1.647354364395141602e-01,-1.818243414163589478e-03,2.625589631497859955e-02,1.710075885057449341e-01,-2.269112169742584229e-01,-4.718634784221649170e-01,1.797332465648651123e-01,-2.441179752349853516e-01,-7.912941277027130127e-03,8.169975876808166504e-02,2.726086601614952087e-02,-8.587606996297836304e-02,1.504564285278320312e-01,-7.340966910123825073e-02,-1.447753012180328369e-01,7.204207777976989746e-02,1.841477304697036743e-01,-3.105198442935943604e-01,-2.537680268287658691e-01,-1.773056536912918091e-01,-3.750423789024353027e-01,-4.498901963233947754e-01,1.142262145876884460e-01,1.004663929343223572e-01,1.730648130178451538e-01,-2.818391323089599609e-01,1.326260864734649658e-01,-7.572898268699645996e-02,-2.924001216888427734e-01,-1.858470775187015533e-02,7.082662731409072876e-02,3.134476244449615479e-01,-3.763238787651062012e-01,1.430800259113311768e-01,1.062205284833908081e-01,-9.231992810964584351e-02,-2.568241357803344727e-01,-3.101108781993389130e-02,-2.817266583442687988e-01,3.783109784126281738e-02,2.158930748701095581e-01,8.198381215333938599e-02,1.034776791930198669e-01,-2.324530184268951416e-01,-3.394832015037536621e-01,-3.022961020469665527e-01,6.167169660329818726e-02,1.668573729693889618e-02,-2.512235343456268311e-01,-3.608607947826385498e-01,-5.964923650026321411e-02,2.324577271938323975e-01,-7.696976512670516968e-02,2.719925343990325928e-02,-4.197253584861755371e-01,7.231331616640090942e-02,-1.738806366920471191e-01,2.985741943120956421e-02,1.728582009673118591e-02,-2.064647972583770752e-01,-4.896687343716621399e-02,1.922577470541000366e-01,4.444054365158081055e-01,-1.210974827408790588e-01,1.315416097640991211e-01,-3.757320940494537354e-01,-3.615868091583251953e-01,8.542766422033309937e-02,4.352051913738250732e-01,3.292624652385711670e-01
-3.416635394096374512e-01,3.335431218147277832e-02,5.155096575617790222e-02,-3.423964977264404297e-01,3.841316327452659607e-02,-3.169673383235931396e-01,7.492454349994659424e-02,1.058574467897415161e-01,-2.962364852428436279e-01,2.115256339311599731e-01,-2.815173193812370300e-02,6.315854191780090332e-02,8.362179994583129883e-02,-6.646114587783813477e-02,-7.453303784132003784e-02,-6.132970452308654785e-01,7.963831722736358643e-02,2.251493185758590698e-01,-1.389053165912628174e-01,-5.011602491140365601e-02,-1.041570678353309631e-01,-1.713525801897048950e-01,-7.403898984193801880e-02,1.663388609886169434e-01,-2.273511588573455811e-01,-1.218771114945411682e-01,-2.627780437469482422e-01,1.267185509204864502e-01,3.729717433452606201e-01,1.242553964257240295e-01,-3.151777982711791992e-01,-4.431980475783348083e-02,-1.106737777590751648e-01,3.961883187294006348e-01,-2.028741640970110893e-03,-3.545124530792236328e-01,-6.083076074719429016e-02,-1.018387358635663986e-02,-2.589586079120635986e-01,1.059047281742095947e-01,5.277477204799652100e-03,1.345729529857635498e-01,-2.404438853263854980e-01,8.797147125005722046e-02,2.012015283107757568e-01,2.999099493026733398e-01,-2.305386215448379517e-01,1.920050196349620819e-02,3.025337755680084229e-01,1.983713060617446899e-01,-1.007120087742805481e-01,1.974288970232009888e-01,-9.170435369014739990e-02,3.303123265504837036e-02,-2.000642865896224976e-01,-2.038813941180706024e-02,-1.421744823455810547e-01,8.477142453193664551e-02,-9.693504124879837036e-02,-3.155809938907623291e-01,8.061259984970092773e-02,-2.092449665069580078e-01,-3.407541289925575256e-02,-4.644363373517990112e-02,1.215560510754585266e-01,8.397470414638519287e-02,-1.111084669828414917e-01,-1.860131025314331055e-01,-1.372758746147155762e-01,1.142111569643020630e-01,-1.827540844678878784e-01,9.812180884182453156e-03,-2.776322364807128906e-01,2.030562311410903931e-01,2.062187343835830688e-01,1.082696467638015747e-01,-2.138250023126602173e-01,2.541910409927368164e-01,-5.108449608087539673e-02,-3.170519694685935974e-02,-3.349496722221374512e-01,4.795025587081909180e-01,5.555297434329986572e-02,-8.963564783334732056e-02,-2.986021712422370911e-02,2.652517259120941162e-01,-3.691787645220756531e-02,-4.197309911251068115e-02,5.247116684913635254e-01,-8.051182143390178680e-03,-9.999309480190277100e-02,-3.303616046905517578e-01,8.048246055841445923e-02,8.876707404851913452e-02,1.769255287945270538e-02,2.300797402858734131e-01,3.022703230381011963e-01,-5.846025049686431885e-02,-1.158068254590034485e-01,3.548194766044616699e-01,9.534311480820178986e-03,6.765726208686828613e-02,2.692372202873229980e-01,8.700749278068542480e-02,1.520614176988601685e-01,4.206994175910949707e-02,-3.242492973804473877e-01,3.459853827953338623e-01,-2.285743653774261475e-01,2.110650241374969482e-01,-2.428758293390274048e-01,1.256557703018188477e-01,-3.501416146755218506e-01,5.154407769441604614e-02,-1.585969924926757812e-01,-1.228437870740890503e-01,4.293699562549591064e-01,1.655902713537216187e-01,-4.892628267407417297e-02,1.999079287052154541e-01,1.700743436813354492e-01,-5.099096521735191345e-02,2.402083426713943481e-01,-2.550841569900512695e-01,6.834588199853897095e-02,-1.920096129179000854e-01,-2.077912539243698120e-01,-1.399160474538803101e-01,1.004600897431373596e-01,-4.077161196619272232e-03,7.244801521301269531e-02,4.928851723670959473e-01,7.358083128929138184e-02,3.355469107627868652e-01,-3.471221402287483215e-02,-6.443685293197631836e-02,-1.340755075216293335e-01,-2.137938328087329865e-02,2.519035935401916504e-01,-2.196900993585586548e-01,2.091540545225143433e-01,6.886206567287445068e-02,1.189201138913631439e-03,1.058576256036758423e-01,-1.897698640823364258e-01,-3.450008332729339600e-01,3.689245879650115967e-01,-2.548537217080593109e-03,-9.064107201993465424e-03,-1.801793463528156281e-02,5.410578101873397827e-02,2.510477602481842041e-02,-1.201630234718322754e-01,7.650496065616607666e-02,8.621641248464584351e-02,-1.666169911623001099e-01,-1.293511092662811279e-01,-3.054214715957641602e-01,-1.918570548295974731e-01,1.665689237415790558e-02,8.531415462493896484e-02,1.721714735031127930e-01,-2.980740368366241455e-01,3.989547789096832275e-01,4.579598307609558105e-01,1.510360091924667358e-01,3.626374602317810059e-01,5.066457670181989670e-04,2.181672900915145874e-01,-2.578408718109130859e-01,-1.463444679975509644e-01,1.685958951711654663e-01,3.722309768199920654e-01,-1.473354399204254150e-01,-4.100119322538375854e-02,-2.725929580628871918e-02,-2.613476216793060303e-01,-6.787559483200311661e-03,1.810223162174224854e-01,6.013942956924438477e-01,-7.921776920557022095e-02,-2.389346249401569366e-02,-1.990106105804443359e-01,-2.973813414573669434e-01,-6.801109760999679565e-02,-2.198275774717330933e-01,-1.455839443951845169e-02,-1.506887376308441162e-01,2.407645881175994873e-01,-8.166892081499099731e-02,1.113626956939697266e-01,-3.604185283184051514e-01,1.877438127994537354e-01,-2.417417913675308228e-01,-4.120709300041198730e-01,-4.173054993152618408e-01,-2.301443666219711304e-01,-1.230973154306411743e-01,-3.898782655596733093e-02,1.498468220233917236e-01,-2.455304712057113647e-01,1.360119730234146118e-01,1.813476681709289551e-01,2.123445272445678711e-01,3.337260335683822632e-02,-1.400419771671295166e-01,-8.802075684070587158e-02,2.340593189001083374e-01,-9.472440183162689209e-02,8.631659671664237976e-03,1.378377433866262436e-03,-1.108943074941635132e-01,-3.902482092380523682e-01,1.017162278294563293e-01,2.101925909519195557e-01,-2.510170638561248779e-01,-1.341017633676528931e-01,2.241376340389251709e-01,2.397071756422519684e-02,-3.188740909099578857e-01,-2.573208808898925781e-01,1.088573113083839417e-01,4.735303223133087158e-01,2.099312283098697662e-02,-1.898078992962837219e-02,3.203973174095153809e-01,5.235458016395568848e-01,-2.384989857673645020e-01,8.000308647751808167e-03,1.743033230304718018e-01,1.548748612403869629e-01,1.022481638938188553e-02,-1.299768835306167603e-01,4.601702466607093811e-02,-2.813720107078552246e-01,-5.920079350471496582e-02,-1.887380629777908325e-01,-2.340921610593795776e-01,-1.622138023376464844e-01,7.650979161262512207e-01,-5.206847786903381348e-01,2.275141701102256775e-02,7.055250555276870728e-02,2.112172245979309082e-01,9.075129032135009766e-02,1.819529086351394653e-01,-5.464955046772956848e-02,-6.406059116125106812e-02,-1.183961629867553711e-01,-6.849803030490875244e-02,-4.403078183531761169e-02,6.374018639326095581e-02,-1.465733349323272705e-02,-1.961611397564411163e-02,-3.893587738275527954e-02,1.628103405237197876e-01,-4.758588075637817383e-01,-6.289251148700714111e-03,2.344752401113510132e-01,8.327359706163406372e-02,5.319252014160156250e-01,-1.536982357501983643e-01,-1.973215192556381226e-01,1.811296045780181885e-01,3.807870447635650635e-01,-2.403647899627685547e-01,1.017515435814857483e-01,-6.789472699165344238e-02,4.660084843635559082e-01,1.125459149479866028e-01,1.925475448369979858e-01,-1.243418976664543152e-01,-3.521736264228820801e-01,2.813974767923355103e-02,-1.843050420284271240e-01,8.184719830751419067e-02,-7.734550535678863525e-02,-5.096744894981384277e-01,4.941464960575103760e-02,2.060647308826446533e-01,-1.285299062728881836e-01,-1.916895210742950439e-01,-3.709584176540374756e-01,2.609511017799377441e-01,2.019628584384918213e-01,-4.406837373971939087e-02,9.091985411942005157e-03,1.214035525918006897e-01,-2.277444601058959961e-01,1.046293303370475769e-01,4.133305549621582031e-01,1.512389928102493286e-01,2.044389210641384125e-02,7.235553115606307983e-02,-5.920708179473876953e-02,-6.491911411285400391e-02,-4.722845256328582764e-01,-6.997730582952499390e-03,6.556592136621475220e-02,-2.288559377193450928e-01,-1.209681555628776550e-01,1.007362008094787598e-01,-4.034374058246612549e-01,-4.854996204376220703e-01,3.579503893852233887e-01,-2.059818953275680542e-01,-6.361920386552810669e-02,-2.138734757900238037e-01,2.770285494625568390e-02,3.346444368362426758e-01,6.979327648878097534e-02,4.298371970653533936e-01,-1.081185340881347656e-01,9.427962452173233032e-02,6.900060921907424927e-02,-1.788593828678131104e-02,1.080843061208724976e-02,-3.919013738632202148e-01,-2.683871388435363770e-01,-3.625751286745071411e-02,6.461835652589797974e-02,-4.612470790743827820e-02,3.887536823749542236e-01,-3.110058605670928955e-01,-1.996830403804779053e-01,-7.653999328613281250e-02,-1.356485933065414429e-01,3.773752152919769287e-01,9.033434092998504639e-02,3.130500316619873047e-01,-7.950023561716079712e-02,1.328368764370679855e-02,2.243711985647678375e-02,-2.860753796994686127e-02,1.287823915481567383e-01,8.400715887546539307e-02,-1.919049322605133057e-01,-1.371676325798034668e-01,-2.421305030584335327e-01,9.630066901445388794e-02,-7.738624699413776398e-03,-2.101141661405563354e-01,-1.449259221553802490e-01,1.619634628295898438e-01,-7.151014357805252075e-02,-2.552827633917331696e-02,3.778808414936065674e-01,-3.375973105430603027e-01,-4.404435306787490845e-02,-3.298441171646118164e-01,-2.258612811565399170e-01,3.038693591952323914e-02,1.245380640029907227e-01,1.439835280179977417e-01,-1.220329999923706055e-01,1.659473031759262085e-01,2.494749128818511963e-01,-2.322776056826114655e-02,-1.872070133686065674e-01,-3.052164018154144287e-01,-2.634580992162227631e-02,-9.146759659051895142e-02,7.966912537813186646e-02,-2.321480214595794678e-01,4.507791250944137573e-03,5.826392769813537598e-02,-2.272893339395523071e-01,-6.893363595008850098e-02,-5.445791408419609070e-02,1.060270071029663086e-01,-1.667131781578063965e-01,-8.509266376495361328e-02,1.724692247807979584e-02,2.154900580644607544e-01,-2.190904766321182251e-01,-2.382769994437694550e-02,2.768450081348419189e-01,-2.377827614545822144e-01,2.051300741732120514e-02,-2.298792451620101929e-01,-1.652250438928604126e-01,5.368203297257423401e-02,1.747844653436914086e-04,6.652098149061203003e-02,-6.401965022087097168e-02,2.580391615629196167e-02,1.918074488639831543e-01,1.940366812050342560e-02,-8.557398617267608643e-02,-2.429845929145812988e-01,-4.867416620254516602e-02,-9.992313385009765625e-02,-6.783530116081237793e-01,4.175536036491394043e-01,-4.980757832527160645e-02,-6.678047031164169312e-02,1.148049440234899521e-02,-1.431352198123931885e-01,-2.794505059719085693e-01,-7.537259161472320557e-02,1.837729513645172119e-01,1.335625797510147095e-01,-1.306747496128082275e-01,-2.145166844129562378e-01,-6.063591316342353821e-02,-1.837128028273582458e-02,-1.763645112514495850e-01,-2.382374852895736694e-01,3.194193243980407715e-01,-3.538094162940979004e-01,2.580679059028625488e-01,-3.197629153728485107e-01,2.684230804443359375e-01,1.092527583241462708e-01,5.504078045487403870e-02,-1.583768874406814575e-01,-2.536756172776222229e-02,-1.555580459535121918e-02,6.172423437237739563e-02,1.851433068513870239e-01,1.014078184962272644e-01,-1.954897344112396240e-01,-2.303779125213623047e-01,-6.189087405800819397e-02,-2.639283835887908936e-01,-8.184245973825454712e-02,6.909889727830886841e-02,1.270659267902374268e-01,3.386335968971252441e-01,-3.337393105030059814e-01,-5.292892456054687500e-01,1.666113436222076416e-01,1.254367679357528687e-01,-1.651244610548019409e-01,1.150337606668472290e-01,2.692014351487159729e-02,1.649005860090255737e-01,-8.945991098880767822e-02,7.918264716863632202e-02,-7.740838080644607544e-02,2.027318254113197327e-02,1.318518221378326416e-01,-2.860407233238220215e-01,-1.181833520531654358e-01,1.812305860221385956e-02,1.648721694946289062e-01,3.249942660331726074e-01,7.978196442127227783e-02,-4.655237197875976562e-01,-1.258330792188644409e-01,7.739412132650613785e-03,1.583462208509445190e-02,-1.181106790900230408e-01,4.000601768493652344e-01,-4.401365518569946289e-01,9.317880868911743164e-02,6.788446754217147827e-02,-1.056038215756416321e-01,2.202410548925399780e-01,-3.712693229317665100e-03,2.253027707338333130e-01,2.125800698995590210e-01,2.009566873311996460e-01,-1.473884563893079758e-02,4.307295661419630051e-03,3.550056517124176025e-01,-2.782252430915832520e-01,6.256995350122451782e-02,-1.796398311853408813e-02,-5.596899986267089844e-02,4.706735312938690186e-01,3.463425859808921814e-02,4.725096747279167175e-02,-2.045089304447174072e-01,-1.970094144344329834e-01,-1.016174480319023132e-01,8.270087093114852905e-02,-2.384952455759048462e-01,-1.592420637607574463e-01,-2.210898548364639282e-01,-1.852153986692428589e-02,-2.373048514127731323e-01,2.799336314201354980e-01,-3.465472720563411713e-03,9.287507832050323486e-02,-9.231856465339660645e-02,-2.092137932777404785e-01,1.278077512979507446e-01,-4.545038044452667236e-01,1.247563064098358154e-01,1.402423232793807983e-01,-9.506126493215560913e-02,2.624262273311614990e-01,-6.970282644033432007e-02,1.445099338889122009e-02,-7.309450954198837280e-02,9.750203043222427368e-02,7.048070430755615234e-03,4.316487312316894531e-01,-7.718452252447605133e-03,1.250488609075546265e-01,1.234350353479385376e-01,2.540158294141292572e-02,3.552121296525001526e-02,-2.904468774795532227e-01,-5.075200200080871582e-01,2.365267127752304077e-01,1.419713944196701050e-01,1.850976794958114624e-01,3.592508658766746521e-02,-1.038481295108795166e-01,-1.706783920526504517e-01,1.907553523778915405e-01,8.848166465759277344e-02,7.011629641056060791e-02,-2.036286741495132446e-01,-1.913701593875885010e-01,-2.486655414104461670e-01,1.588638424873352051e-01,1.686056405305862427e-01,2.064471244812011719e-01,1.202422380447387695e-01,2.136124968528747559e-01,-1.497618854045867920e-01,1.130231618881225586e-01,-1.694893538951873779e-01,1.121530085802078247e-01,4.713108018040657043e-02,1.330823004245758057e-01,-1.678261756896972656e-01,7.884298264980316162e-02,1.020609736442565918e-01,3.182096481323242188e-01,3.885403871536254883e-01,-1.233597844839096069e-01,1.314146965742111206e-01,-3.768733441829681396e-01,8.988237380981445312e-02,-1.337302178144454956e-01,3.491847813129425049e-01,2.443630546331405640e-01,3.237296640872955322e-01,-5.740117430686950684e-01,1.478372812271118164e-01,7.645761221647262573e-02,-7.997190207242965698e-02,2.273744642734527588e-01,-4.967016354203224182e-02,5.873634293675422668e-02,2.396111637353897095e-01,9.617550298571586609e-03,-4.638972133398056030e-02,7.260652631521224976e-02,2.318786978721618652e-01,-6.699644029140472412e-02,-1.480506211519241333e-01,3.127857744693756104e-01,3.069301247596740723e-01,-2.264168560504913330e-01,-2.823289036750793457e-01,-6.226282101124525070e-03,-4.516386389732360840e-01,-7.759971544146537781e-03,1.415414270013570786e-02,-1.040959879755973816e-01,-2.237555682659149170e-01,-5.034888535737991333e-02,2.046944200992584229e-01,1.264812238514423370e-02,-5.654732584953308105e-01,3.536607623100280762e-01,-7.953672111034393311e-02,-1.088918000459671021e-01,-1.509020924568176270e-01,7.524436712265014648e-02,-4.832922667264938354e-02,-1.382608432322740555e-02,1.824696511030197144e-01,-9.932085126638412476e-02,-1.242473423480987549e-01,1.297726929187774658e-01,1.473399400711059570e-01,1.376529224216938019e-02,-1.179564222693443298e-01,-3.300879895687103271e-02,1.846634317189455032e-03,-1.982104182243347168e-01,1.102522611618041992e-01,2.260028272867202759e-01,1.232390180230140686e-01,-1.402900665998458862e-01,-2.200778722763061523e-01,3.873096108436584473e-01,-3.643199205398559570e-01,1.386722475290298462e-01,-1.953627169132232666e-01,-1.331608444452285767e-01,9.901218116283416748e-02,8.015007525682449341e-02,2.100620418787002563e-01,3.320765122771263123e-02,-7.056859880685806274e-02,4.001575410366058350e-01,-1.935841143131256104e-01,-3.129417002201080322e-01,2.285280525684356689e-01,-2.373875230550765991e-01,-2.019399851560592651e-01,-4.139031767845153809e-01,-6.177284289151430130e-03,2.085190415382385254e-01,1.362911425530910492e-03,1.859443485736846924e-01,6.578952819108963013e-02,-3.328746929764747620e-02,1.718873828649520874e-01,-3.059895038604736328e-01,1.520742923021316528e-01,1.549074500799179077e-01,3.153031691908836365e-02,2.955043315887451172e-01,-9.431549906730651855e-02,-2.009692937135696411e-01,-7.590918987989425659e-02,2.115608602762222290e-01,2.641139626502990723e-01,-9.436940401792526245e-02,-5.433550477027893066e-02,-1.701751798391342163e-01,-2.031156979501247406e-02,-1.413994878530502319e-01,7.754502445459365845e-02,3.439697995781898499e-02,5.998031497001647949e-01,-2.182571291923522949e-01,3.289892673492431641e-01,-7.215732932090759277e-01,1.050394028425216675e-01,-7.218676805496215820e-02,1.929164528846740723e-01,-4.253651201725006104e-02,1.887366026639938354e-01,-6.951595097780227661e-02,1.268310248851776123e-01,-2.551456987857818604e-01,-1.278685331344604492e-01,-3.621329963207244873e-01,-2.376925349235534668e-01,-2.603784799575805664e-01,-1.796896457672119141e-01,2.808240801095962524e-02,-1.850018799304962158e-01,-2.773181796073913574e-01,2.079322636127471924e-01,2.626208066940307617e-01,4.554426074028015137e-01,5.617058277130126953e-02,-3.397699445486068726e-02,-2.087105512619018555e-01,1.844119578599929810e-01,2.508456110954284668e-01,2.390764951705932617e-01,-2.684107124805450439e-01,-1.865935772657394409e-01,2.141725271940231323e-01,-1.891068369150161743e-01,1.130153536796569824e-01,2.805278599262237549e-01,-1.352847814559936523e-01,-5.550511181354522705e-02,-2.511557340621948242e-01,-4.195252358913421631e-01,-1.353610455989837646e-01,-6.691500544548034668e-02,-1.278715580701828003e-01,-2.217734754085540771e-01,2.278780639171600342e-01,4.565812051296234131e-01,3.548071980476379395e-01,-2.790191769599914551e-01,1.463029384613037109e-01,2.335137426853179932e-01,4.009682238101959229e-01,-3.424264118075370789e-02,-1.584711857140064240e-02,6.364389508962631226e-02,-4.047213196754455566e-01,1.201607659459114075e-01,8.514487743377685547e-02,-1.391330212354660034e-01,-6.069642677903175354e-02,1.435278505086898804e-01,-4.474791139364242554e-02,1.520890593528747559e-01,6.530522555112838745e-02,-1.284265369176864624e-01,4.900636523962020874e-02,-5.661018565297126770e-02,-7.933043874800205231e-03,-5.397607684135437012e-01,-1.619394719600677490e-01,2.474564164876937866e-01,-4.695348814129829407e-02,1.401201784610748291e-01,-8.255866169929504395e-02,4.319873452186584473e-01,-1.051295623183250427e-01,-4.096743464469909668e-02,4.189800005406141281e-03,1.422898471355438232e-01,-1.075874492526054382e-01,1.439766287803649902e-01,-2.725574970245361328e-01,-1.663649827241897583e-01,-2.454127520322799683e-01,-7.891412079334259033e-02,-4.755086302757263184e-01,1.875322759151458740e-01,-4.155372083187103271e-01,-7.321546077728271484e-01,1.553252339363098145e-01,1.104761194437742233e-02,1.671689748764038086e-01,3.017153143882751465e-01,1.373699456453323364e-01,-3.470703214406967163e-02,-3.832725286483764648e-01,1.979246437549591064e-01,1.774234622716903687e-01,1.085211634635925293e-01,-1.945951730012893677e-01,3.709549084305763245e-02,8.361625671386718750e-02,3.076340854167938232e-01,-2.505173981189727783e-01,-2.468871176242828369e-01,1.234285831451416016e-01,-6.039924547076225281e-02,-4.568611979484558105e-01,2.340833656489849091e-02,-3.130986168980598450e-02,1.248601377010345459e-01,-4.358151182532310486e-02,6.573265045881271362e-02,1.255157440900802612e-01,9.564338624477386475e-02,4.709416329860687256e-01,3.082213103771209717e-01,9.979844093322753906e-02,4.226510971784591675e-02,2.471460849046707153e-01,2.929388284683227539e-01,3.174518421292304993e-02,-1.931557357311248779e-01,-2.360529899597167969e-01,-7.883883267641067505e-02,4.019295796751976013e-03,4.032381623983383179e-02,-1.438033431768417358e-01,2.941813552752137184e-03,-1.485413163900375366e-01,-6.721942871809005737e-02,-3.010958060622215271e-02,2.243395298719406128e-01,-2.145057916641235352e-01,-4.172003567218780518e-01,-2.374844253063201904e-01,1.517324745655059814e-01
1.920147091150283813e-01,1.914693415164947510e-01,9.563209116458892822e-02,-1.013567596673965454e-01,-2.885999530553817749e-02,-4.766447842121124268e-01,2.819311916828155518e-01,-1.614501699805259705e-02,5.520176142454147339e-02,-3.563026711344718933e-02,2.489697933197021484e-01,-2.013413049280643463e-02,7.429789006710052490e-02,-8.700947463512420654e-02,1.748770475387573242e-02,6.977271987125277519e-04,-2.200156301259994507e-01,2.282784730195999146e-01,-1.731563210487365723e-01,4.555851593613624573e-02,3.250415325164794922e-01,-2.570256590843200684e-01,-3.373001143336296082e-02,-1.730922795832157135e-02,-8.569551259279251099e-02,-1.847054213285446167e-01,1.572663635015487671e-01,-1.006828062236309052e-02,1.613897085189819336e-01,-1.650097221136093140e-02,4.137546420097351074e-01,5.928701721131801605e-03,1.868904195725917816e-02,2.093630880117416382e-01,-3.410317003726959229e-01,-5.717150866985321045e-02,-6.853976286947727203e-03,1.339274495840072632e-01,-1.844939440488815308e-01,-3.722324669361114502e-01,1.151315052993595600e-03,-3.691378608345985413e-02,4.349078536033630371e-01,-6.189044192433357239e-02,-1.998912394046783447e-01,-1.935219950973987579e-02,-3.415120840072631836e-01,3.722643852233886719e-02,-7.896011322736740112e-02,2.952364087104797363e-01,1.272888034582138062e-01,4.438576400279998779e-01,-5.357748866081237793e-01,1.906832456588745117e-01,1.719556450843811035e-01,-1.622833013534545898e-01,1.240527853369712830e-01,1.683884672820568085e-02,-3.377832174301147461e-01,1.251602768898010254e-01,9.993322938680648804e-02,3.678018152713775635e-01,-1.875438094139099121e-01,-1.788017153739929199e-01,4.869315400719642639e-02,-1.655979603528976440e-01,-9.758746623992919922e-02,2.296083569526672363e-01,-2.687407732009887695e-01,-3.183626532554626465e-01,-3.097161464393138885e-02,8.985875174403190613e-03,-3.536933660507202148e-01,-3.115870952606201172e-01,-2.061961404979228973e-02,4.627918079495429993e-02,1.904693841934204102e-01,7.980448752641677856e-02,-1.209204271435737610e-01,-1.761159896850585938e-01,3.389779925346374512e-01,2.653519250452518463e-02,-1.371183991432189941e-01,-5.410661101341247559e-01,1.671502739191055298e-02,-1.068806350231170654e-01,1.455352604389190674e-01,1.739071216434240341e-03,-9.294391423463821411e-02,-1.556761376559734344e-02,1.245957314968109131e-01,9.552737325429916382e-02,-3.907586038112640381e-01,-1.243759617209434509e-01,3.030690848827362061e-01,3.656699359416961670e-01,8.001764863729476929e-02,4.552195593714714050e-02,9.084475040435791016e-02,3.482334315776824951e-02,2.319778501987457275e-01,5.201847478747367859e-02,3.536612689495086670e-01,-5.001699551939964294e-03,3.058167174458503723e-02,-1.313492506742477417e-01,-3.298589587211608887e-01,2.203188389539718628e-01,-2.055555880069732666e-01,-6.862494349479675293e-02,-1.129692941904067993e-01,-2.134664952754974365e-01,-2.773554623126983643e-01,-1.194683164358139038e-01,3.569870591163635254e-01,7.864846289157867432e-02,1.779319494962692261e-01,-2.841458022594451904e-01,2.440832108259201050e-01,-2.036918997764587402e-01,-2.496756464242935181e-01,-1.702386289834976196e-01,-3.984491154551506042e-02,8.472180366516113281e-02,2.897319495677947998e-01,5.119906067848205566e-01,-1.648047864437103271e-01,4.075708985328674316e-01,1.693908125162124634e-01,-1.143464259803295135e-02,-6.056623160839080811e-02,-3.263402581214904785e-01,-1.008283793926239014e-01,2.227216586470603943e-02,-2.329640835523605347e-02,2.149198502302169800e-01,3.364419192075729370e-02,1.103954538702964783e-01,-1.829327270388603210e-02,-1.037563756108283997e-01,1.776276975870132446e-01,-9.242907911539077759e-02,3.601213693618774414e-01,-1.398423910140991211e-01,-2.820673286914825439e-01,2.846235632896423340e-01,-5.708222277462482452e-03,-7.859499752521514893e-02,-2.767018675804138184e-01,1.182946935296058655e-01,2.760840356349945068e-01,-2.496687229722738266e-03,-9.705419838428497314e-02,-2.740940079092979431e-02,-5.584615468978881836e-02,1.786520630121231079e-01,9.328294545412063599e-02,-2.848739326000213623e-01,1.346977949142456055e-01,-2.248115837574005127e-01,2.798559069633483887e-01,1.526033040136098862e-02,1.940809786319732666e-01,1.631124317646026611e-02,1.079984605312347412e-01,-1.106745973229408264e-01,-4.212691262364387512e-02,4.630120098590850830e-02,-1.826897114515304565e-01,2.530471980571746826e-01,-6.332366913557052612e-02,-3.249971941113471985e-02,1.082831472158432007e-01,-1.564270704984664917e-01,2.295743077993392944e-01,3.367936909198760986e-01,-5.511985626071691513e-03,-5.712037086486816406e-01,-2.860434651374816895e-01,1.379353106021881104e-01,-2.984130084514617920e-01,2.979622781276702881e-01,-1.059166118502616882e-01,-5.073983594775199890e-02,2.426053397357463837e-02,-2.442130893468856812e-01,-1.430192403495311737e-02,-1.048129796981811523e-01,2.518563270568847656e-01,-5.499125272035598755e-02,-5.083618760108947754e-01,-3.203682303428649902e-01,-1.738194376230239868e-01,6.191635504364967346e-02,5.679844617843627930e-01,6.315971910953521729e-02,-5.095696449279785156e-01,-4.170413315296173096e-01,3.102484941482543945e-01,-1.505089849233627319e-01,2.787606120109558105e-01,8.974271267652511597e-02,-2.312430590391159058e-01,2.006321214139461517e-02,1.112976968288421631e-01,-2.583849132061004639e-01,1.435060948133468628e-01,-1.533286869525909424e-01,3.312838673591613770e-01,6.466031074523925781e-01,2.582775652408599854e-01,2.455785721540451050e-01,1.336822099983692169e-02,-4.748085141181945801e-02,2.823137640953063965e-01,7.021114975214004517e-02,-7.232626527547836304e-02,-2.070630043745040894e-01,1.508455816656351089e-02,4.852896928787231445e-02,-1.000706925988197327e-01,-1.033589914441108704e-01,6.222933530807495117e-02,-3.822462260723114014e-01,-1.627400368452072144e-01,-2.081443369388580322e-02,1.011524200439453125e-01,-2.561488188803195953e-02,-6.137049570679664612e-02,1.932059973478317261e-01,4.302309751510620117e-01,1.987797617912292480e-01,7.136905938386917114e-02,2.488765269517898560e-01,-4.568891227245330811e-02,3.303856253623962402e-01,-2.043854743242263794e-01,-1.244640499353408813e-01,5.032001808285713196e-02,-4.225785844027996063e-03,-3.102944791316986084e-01,3.286108672618865967e-01,3.598847240209579468e-02,2.656896710395812988e-01,-6.042988598346710205e-02,-2.665799856185913086e-01,-2.980947494506835938e-01,2.244288921356201172e-01,-6.747320294380187988e-02,2.311004847288131714e-01,-6.244364194571971893e-03,-2.306078970432281494e-01,1.628782600164413452e-02,2.151494473218917847e-01,-4.751514792442321777e-01,-2.087519019842147827e-01,1.401854753494262695e-01,-3.179061412811279297e-01,2.610582113265991211e-02,-3.230506479740142822e-01,-2.767640650272369385e-01,1.175397932529449463e-01,1.721982061862945557e-01,1.841066479682922363e-01,-8.540786802768707275e-02,2.620368003845214844e-01,5.232059583067893982e-02,2.623864449560642242e-02,1.111431494355201721e-01,-5.403650575317442417e-04,-9.288536012172698975e-02,2.355095557868480682e-02,-2.371572889387607574e-02,-3.169850409030914307e-01,1.445705592632293701e-01,-2.588800191879272461e-01,1.449277400970458984e-01,-1.713622510433197021e-01,1.320448070764541626e-01,2.211704105138778687e-01,4.349844157695770264e-01,1.129529699683189392e-01,1.759463250637054443e-01,-1.709353923797607422e-01,-3.171561658382415771e-01,-1.327408254146575928e-01,-1.565963327884674072e-01,2.052118480205535889e-01,-5.003140121698379517e-02,-1.195648908615112305e-01,-2.480613589286804199e-01,2.457856982946395874e-01,-3.769711554050445557e-01,-3.545832037925720215e-01,-2.290004044771194458e-01,-6.021542549133300781e-01,-2.249698340892791748e-02,-1.365988999605178833e-01,2.274205088615417480e-01,3.619734048843383789e-01,3.953513875603675842e-02,-8.092499524354934692e-02,1.757470220327377319e-01,3.069451749324798584e-01,-6.006653308868408203e-01,3.747280687093734741e-02,3.199889957904815674e-01,1.290319859981536865e-01,-4.651522934436798096e-01,3.427502810955047607e-01,1.806936599314212799e-02,-2.245544493198394775e-01,-1.032945886254310608e-01,-1.566744297742843628e-01,3.917744159698486328e-01,2.786537706851959229e-01,-6.543146818876266479e-02,-1.557972840964794159e-02,6.158685684204101562e-02,2.765286564826965332e-01,-1.262438148260116577e-01,8.991562575101852417e-02,1.713327616453170776e-01,6.065958365797996521e-02,4.827709496021270752e-01,2.151365578174591064e-01,-6.742371618747711182e-02,-2.447933554649353027e-01,4.321008920669555664e-02,4.075510203838348389e-01,-5.073626525700092316e-03,7.402961701154708862e-02,-2.034244388341903687e-01,1.682175397872924805e-01,2.680777907371520996e-01,3.493337705731391907e-02,-2.945507764816284180e-01,1.461109668016433716e-01,-4.201497882604598999e-02,5.397474765777587891e-01,9.837210923433303833e-02,-5.888779833912849426e-02,-1.842746585607528687e-01,1.773635041899979115e-03,-5.244501680135726929e-02,-3.922530114650726318e-01,1.489006280899047852e-01,-3.262127637863159180e-01,-5.927938818931579590e-01,3.116534948348999023e-01,-1.728260666131973267e-01,-8.085139095783233643e-02,4.895449057221412659e-02,8.486589789390563965e-02,2.775429002940654755e-02,2.247589826583862305e-01,2.881472185254096985e-02,-2.523299492895603180e-02,3.656632006168365479e-01,-1.203439850360155106e-02,1.394768506288528442e-01,1.672803163528442383e-01,-3.488207161426544189e-01,-5.791237112134695053e-03,-3.029847741127014160e-01,-5.821055918931961060e-02,9.876196086406707764e-02,-2.325128018856048584e-01,2.642130851745605469e-01,-1.103929802775382996e-01,4.376249015331268311e-02,-2.245874553918838501e-01,-1.781124249100685120e-02,-2.721127271652221680e-01,1.919345557689666748e-01,2.697609663009643555e-01,-8.935137093067169189e-02,-3.244333714246749878e-02,1.119298338890075684e-01,-3.193838149309158325e-02,2.155724018812179565e-01,-2.571774721145629883e-01,1.048408672213554382e-01,3.700380027294158936e-01,3.264522254467010498e-01,9.190860204398632050e-03,1.041216924786567688e-01,2.032997459173202515e-01,3.331587016582489014e-01,-2.563122212886810303e-01,3.502169847488403320e-01,2.998886108398437500e-01,5.012550577521324158e-02,-2.686152160167694092e-01,-1.785683035850524902e-01,-2.405767887830734253e-01,1.723807863891124725e-02,2.306492999196052551e-02,3.731414079666137695e-01,-6.911773979663848877e-02,-4.637453556060791016e-01,1.474028527736663818e-01,1.170171350240707397e-01,-8.780839294195175171e-02,-9.009090811014175415e-02,8.536771684885025024e-02,-3.917288482189178467e-01,3.387108445167541504e-02,-2.626287043094635010e-01,3.662708699703216553e-01,2.050100266933441162e-01,3.576233386993408203e-01,6.544134020805358887e-02,1.278304606676101685e-01,1.214283797889947891e-02,3.993408679962158203e-01,-1.378200501203536987e-01,6.401127576828002930e-02,-3.648941516876220703e-01,-2.857700288295745850e-01,-5.212704464793205261e-02,2.150803618133068085e-02,1.739267855882644653e-01,-3.091831505298614502e-01,1.217378154397010803e-01,4.716968908905982971e-02,3.150643110275268555e-01,1.487074941396713257e-01,3.661741316318511963e-02,-9.700276702642440796e-02,4.590876102447509766e-01,2.498327940702438354e-01,-2.039517164230346680e-01,3.831844544038176537e-03,-2.035861909389495850e-01,-1.546609997749328613e-01,5.492402315139770508e-01,-1.023790449835360050e-03,-1.841035485267639160e-01,-1.858011633157730103e-01,3.342282176017761230e-01,4.521567746996879578e-02,2.028975784778594971e-01,-1.913782060146331787e-01,-1.505990773439407349e-01,-2.876373827457427979e-01,-3.319888561964035034e-02,1.544696986675262451e-01,-3.201914131641387939e-01,-7.250755093991756439e-03,-8.941876888275146484e-02,2.158218324184417725e-01,-7.780759036540985107e-02,-7.706455886363983154e-02,-1.101210936903953552e-01,1.329513043165206909e-01,1.984697952866554260e-02,2.043576538562774658e-01,-3.853396177291870117e-01,1.112265605479478836e-02,-1.458778828382492065e-01,-2.481804937124252319e-01,-1.925882250070571899e-01,2.183684408664703369e-01,-4.401522129774093628e-02,-8.652207255363464355e-02,-2.688590884208679199e-01,-3.750894963741302490e-01,3.783424943685531616e-02,-2.954370081424713135e-01,-2.848941087722778320e-01,2.598774433135986328e-02,8.563208580017089844e-02,-1.833760440349578857e-01,-9.686522930860519409e-02,-9.103425592184066772e-02,5.552345514297485352e-02,5.339898169040679932e-02,2.646269798278808594e-01,-6.902784109115600586e-02,3.112549334764480591e-02,-9.786115586757659912e-02,-1.885681897401809692e-01,4.124271124601364136e-02,-2.138226926326751709e-01,1.086126789450645447e-01,-3.030967712402343750e-01,6.156991422176361084e-02,1.528757363557815552e-01,1.461623609066009521e-01,2.050048410892486572e-01,-2.818881869316101074e-01,-3.341592848300933838e-02,4.846505075693130493e-02,7.985050976276397705e-02,-4.245082139968872070e-01,1.706580370664596558e-01,2.533304877579212189e-02,-1.586962044239044189e-01,2.547874152660369873e-01,1.274627353996038437e-02,-3.624040186405181885e-01,-4.003509134054183960e-02,-1.329264342784881592e-01,2.552907168865203857e-01,3.819551765918731689e-01,-4.203788936138153076e-01,-1.130599305033683777e-01,1.926526427268981934e-02,2.896021902561187744e-01,-7.165366411209106445e-02,1.254145503044128418e-01,6.813937332481145859e-03,2.405801862478256226e-01,5.135092884302139282e-02,-2.652008831501007080e-01,1.369134187698364258e-01,-2.232563048601150513e-01,2.505464479327201843e-02,-1.401089876890182495e-01,-8.923119306564331055e-02,1.045668646693229675e-01,-1.472782343626022339e-01,9.233313053846359253e-02,1.815033555030822754e-01,-5.098409205675125122e-02,-1.095000430941581726e-01,7.147097587585449219e-02,-1.630069874227046967e-02,4.717464148998260498e-01,3.793109655380249023e-01,1.586306467652320862e-02,1.819878965616226196e-01,-2.554745972156524658e-01,-1.917265951633453369e-01,-1.507830321788787842e-01,3.627016544342041016e-01,-6.089445948600769043e-02,-7.588852196931838989e-02,-4.979738295078277588e-01,-2.181748896837234497e-01,3.721181675791740417e-02,-2.001138925552368164e-01,-1.606334932148456573e-02,1.168656162917613983e-02,-7.217525690793991089e-02,-2.129214853048324585e-01,5.203207582235336304e-02,-2.290535867214202881e-01,4.482141509652137756e-02,9.904924035072326660e-02,-1.385989338159561157e-01,2.029575034976005554e-02,-3.048405982553958893e-02,7.017792668193578720e-03,3.881625533103942871e-01,2.898537516593933105e-01,2.140601426362991333e-01,-2.024249881505966187e-01,4.685261249542236328e-01,7.812070846557617188e-02,-3.368340432643890381e-02,-9.800146333873271942e-03,3.355973064899444580e-01,-1.285098940134048462e-01,1.168182045221328735e-01,-2.469582259654998779e-01,5.578877329826354980e-01,2.731175422668457031e-01,8.853869885206222534e-02,-3.233265280723571777e-01,-3.425995707511901855e-01,2.615533173084259033e-01,4.075942188501358032e-02,1.638434976339340210e-01,-9.409181773662567139e-02,-1.415651142597198486e-01,-9.602447599172592163e-02,-1.191703230142593384e-01,1.233893632888793945e-02,-3.766007125377655029e-01,-3.864580988883972168e-01,1.459282636642456055e-01,4.062133431434631348e-01,-3.525154888629913330e-01,-2.146142721176147461e-01,-3.426098823547363281e-01,-1.995273530483245850e-01,-1.704020798206329346e-01,-8.130496740341186523e-02,3.363685011863708496e-01,-2.329264432191848755e-01,3.858399763703346252e-02,-2.684535086154937744e-01,-1.967854946851730347e-01,1.397060453891754150e-01,-2.424206286668777466e-01,-5.343711972236633301e-01,-1.518674939870834351e-01,1.667841076850891113e-01,-1.998548209667205811e-01,1.292795389890670776e-01,7.690206170082092285e-02,6.158886104822158813e-02,8.703149110078811646e-02,1.905393414199352264e-02,-4.440607875585556030e-02,2.330519855022430420e-01,2.151266932487487793e-01,1.630762815475463867e-01,6.178125143051147461e-01,-1.676224768161773682e-01,5.983483418822288513e-02,-6.427118182182312012e-02,3.428887948393821716e-02,2.629214823246002197e-01,2.986503243446350098e-01,-1.362378001213073730e-01,-9.994366019964218140e-02,4.279506206512451172e-02,3.142018020153045654e-01,-2.450755424797534943e-02,1.041881665587425232e-01,-1.016264483332633972e-01,-1.007219702005386353e-01,1.998733580112457275e-01,4.008690640330314636e-02,-3.125849366188049316e-01,1.124321520328521729e-01,-6.170735508203506470e-02,-1.759082525968551636e-01,1.182903572916984558e-01,3.192550241947174072e-01,1.552005112171173096e-01,-1.013535261154174805e-01,-2.764168977737426758e-01,7.112237811088562012e-02,6.718677878379821777e-01,-2.061324939131736755e-02,2.902510017156600952e-02,1.636338531970977783e-01,-3.085609674453735352e-01,-1.570704951882362366e-02,-1.275044530630111694e-01,-1.679996401071548462e-01,4.162008166313171387e-01,8.156037330627441406e-02,1.080566793680191040e-01,-1.995068490505218506e-01,2.887988984584808350e-01,1.270312070846557617e-01,1.667671203613281250e-01,-6.420398503541946411e-02,1.471628695726394653e-01,1.155175566673278809e-01,4.734924435615539551e-02,-2.622963488101959229e-01,2.975496351718902588e-01,-5.979988723993301392e-02,-1.839705407619476318e-01,-1.011209264397621155e-01,8.713991194963455200e-02,4.714365601539611816e-01,-5.089217051863670349e-02,-4.636090307030826807e-04,-2.201511412858963013e-01,-1.467172205448150635e-01,1.123845651745796204e-01,-1.781173348426818848e-01,-8.257789909839630127e-02,-1.669186055660247803e-01,-9.955706447362899780e-02,-1.516163796186447144e-01,6.375686079263687134e-02,5.553846806287765503e-02,-5.457765236496925354e-02,-2.403866797685623169e-01,-8.349813288077712059e-05,-5.556414723396301270e-01,3.694675490260124207e-02,1.801510900259017944e-02,-3.165434896945953369e-01,-2.334852367639541626e-01,-1.621949970722198486e-01,-1.924966424703598022e-01,-6.513969600200653076e-02,1.951662153005599976e-01,4.140581190586090088e-01,2.451834082603454590e-01,-2.644464559853076935e-02,-3.108972497284412384e-02,6.017733812332153320e-01,1.699398010969161987e-01,4.765364155173301697e-02,1.957315392792224884e-02,1.602215766906738281e-01,2.177925081923604012e-03,-2.562396824359893799e-01,-2.423545569181442261e-01,4.936394467949867249e-02,-2.349019497632980347e-01,-9.254760295152664185e-02,-5.507851243019104004e-01,1.747988611459732056e-01,6.137703731656074524e-02,1.221752092242240906e-01,-2.900389432907104492e-01,3.495246469974517822e-01,3.290002644062042236e-01,-1.022872254252433777e-01,-2.001460045576095581e-01,-4.612810909748077393e-03,-5.577369406819343567e-02,3.463265951722860336e-03,-3.681243956089019775e-01,-3.607636094093322754e-01,1.753696948289871216e-01,1.858330816030502319e-01,-1.921526193618774414e-01,-2.403471320867538452e-01,-9.778395295143127441e-02,-6.955780088901519775e-02,1.178232836537063122e-03,3.382239863276481628e-02,-1.148005127906799316e-01,1.372071653604507446e-01,5.450956895947456360e-02,1.361076533794403076e-01,1.649471819400787354e-01,1.217820048332214355e-01,4.959302544593811035e-01,6.508485227823257446e-02,4.239692687988281250e-01,-1.669782847166061401e-01,-5.619164183735847473e-02,6.835313141345977783e-02,6.295821070671081543e-02,-7.785933464765548706e-02,4.356570914387702942e-02,-1.623328775167465210e-01,5.219227075576782227e-02,-6.807969510555267334e-02,6.269262731075286865e-02,1.193926706910133362e-01,-3.013119697570800781e-01,-1.183099579066038132e-02,-1.627293825149536133e-01,2.252669483423233032e-01,2.450193464756011963e-01,1.349802017211914062e-01,2.445457428693771362e-01,-2.442658245563507080e-01,1.483359187841415405e-01,-1.834938228130340576e-01,5.167120099067687988e-01,-6.596731022000312805e-03,3.900392726063728333e-02,-8.250559121370315552e-02,-1.646129973232746124e-02,-1.140623390674591064e-01,-1.247358620166778564e-01,1.542713306844234467e-02,4.559604823589324951e-02,3.722513616085052490e-01,1.432662159204483032e-01,-1.689825206995010376e-01,2.517893537878990173e-02,-4.091343283653259277e-02
-1.355352848768234253e-01,-3.179489374160766602e-01,-7.660232484340667725e-02,3.894054517149925232e-02,-2.165883928537368774e-01,-1.077654138207435608e-01,4.640651121735572815e-02,2.065255790948867798e-01,1.571244299411773682e-01,1.145588010549545288e-01,1.254611611366271973e-01,6.555864214897155762e-02,-2.424218356609344482e-01,6.909659504890441895e-02,1.434180736541748047e-01,-2.986992299556732178e-01,7.051501423120498657e-02,-1.162160709500312805e-01,5.432947874069213867e-01,-8.492186665534973145e-02,2.213452160358428955e-01,4.165427982807159424e-01,4.564490616321563721e-01,2.501522302627563477e-01,-3.146882355213165283e-02,-5.765905231237411499e-02,-1.292851120233535767e-01,-1.194897368550300598e-01,-3.280883729457855225e-01,-4.378249496221542358e-02,-4.580578953027725220e-02,-1.510848253965377808e-01,-7.989810407161712646e-02,9.288184810429811478e-04,5.540190264582633972e-02,-6.755728274583816528e-02,9.454783983528614044e-03,-2.057736217975616455e-01,4.595179483294487000e-02,8.432165533304214478e-02,-1.063862070441246033e-02,9.478317201137542725e-02,4.105333983898162842e-01,3.745232522487640381e-02,1.759365499019622803e-01,5.463906377553939819e-02,-1.576453745365142822e-01,3.092219531536102295e-01,2.779673039913177490e-01,-1.974503882229328156e-02,-1.241887211799621582e-01,-2.038031518459320068e-01,4.437066614627838135e-02,-3.385328650474548340e-01,9.077467024326324463e-02,1.002696454524993896e-01,8.669502288103103638e-02,-7.825351506471633911e-02,-1.632300764322280884e-01,-1.708324626088142395e-02,-1.296802982687950134e-02,1.825383007526397705e-01,-1.751051247119903564e-01,-1.664007157087326050e-01,1.497189849615097046e-01,-1.302142292261123657e-01,-2.681494057178497314e-01,-3.201773464679718018e-01,5.604926347732543945e-01,-6.167431548237800598e-02,-7.586716115474700928e-02,4.287623800337314606e-03,5.396668314933776855e-01,-6.408284604549407959e-02,-1.074175611138343811e-01,3.296815976500511169e-02,-1.844433834776282310e-03,-2.453944236040115356e-01,-1.003373339772224426e-01,1.780594140291213989e-01,2.989615201950073242e-01,2.310596704483032227e-01,8.952439762651920319e-03,7.917224615812301636e-02,3.167800307273864746e-01,3.890300914645195007e-02,1.345170661807060242e-02,3.794531151652336121e-02,-1.674300581216812134e-01,1.627041250467300415e-01,6.712964177131652832e-02,-3.255080282688140869e-01,-8.282755315303802490e-02,7.908040285110473633e-02,-6.374227255582809448e-02,-2.497344017028808594e-01,2.428392469882965088e-01,-2.966532111167907715e-01,1.253318786621093750e-01,2.781934142112731934e-01,5.206256508827209473e-01,1.023196354508399963e-01,3.980447947978973389e-01,2.093837559223175049e-01,-3.043895959854125977e-02,1.754493569023907185e-03,-1.093987822532653809e-01,-6.381607055664062500e-02,2.848306596279144287e-01,-3.342953920364379883e-01,-1.805597096681594849e-01,4.554576426744461060e-02,2.244792431592941284e-01,-1.155798733234405518e-01,-3.193655610084533691e-01,-2.301853001117706299e-01,1.597718298435211182e-01,1.542202830314636230e-01,-1.315348297357559204e-01,9.505841135978698730e-02,3.267806023359298706e-02,-1.513604223728179932e-01,-1.211870908737182617e-01,1.963979154825210571e-01,-2.145783752202987671e-01,5.234668403863906860e-02,-1.751590371131896973e-01,-1.768728643655776978e-01,1.368733793497085571e-01,3.509885817766189575e-02,3.607455492019653320e-01,-1.396792083978652954e-01,8.762855827808380127e-02,1.532548815011978149e-01,-2.545920908451080322e-01,1.821506619453430176e-01,1.412956416606903076e-01,-1.445664018392562866e-01,-2.504951953887939453e-01,-1.803226023912429810e-01,1.627946943044662476e-01,-2.511956393718719482e-01,-7.556651532649993896e-02,1.565235555171966553e-01,-2.118457257747650146e-01,-1.258839219808578491e-01,4.354718700051307678e-02,-4.221109673380851746e-03,-1.095640379935503006e-02,5.512181296944618225e-02,-1.193082854151725769e-01,-1.803712546825408936e-01,2.507150769233703613e-01,1.299536526203155518e-01,-1.869817972183227539e-01,-7.983190566301345825e-02,-3.816302120685577393e-01,-2.066034525632858276e-01,-7.458715885877609253e-02,-1.715192049741744995e-01,-4.966417327523231506e-02,-2.459068223834037781e-02,5.953152850270271301e-02,-4.914194047451019287e-01,-3.413026034832000732e-02,-1.543473601341247559e-01,-2.482446581125259399e-01,3.244147077202796936e-02,-4.826714098453521729e-02,4.348841309547424316e-01,1.115550771355628967e-01,4.433705806732177734e-01,1.874426901340484619e-01,8.334946632385253906e-02,1.430700719356536865e-01,5.989778637886047363e-01,-1.890889108180999756e-01,1.441113203763961792e-01,2.303301729261875153e-02,-4.820170998573303223e-01,2.827413380146026611e-01,3.289899826049804688e-01,2.280523534864187241e-03,-3.920263350009918213e-01,2.405066639184951782e-01,-1.490390487015247345e-02,1.695995479822158813e-01,-7.821170240640640259e-02,4.944025874137878418e-01,-7.837386801838874817e-03,7.467172294855117798e-02,-2.061951011419296265e-01,8.164669573307037354e-02,2.148151546716690063e-01,1.124011538922786713e-02,3.585845232009887695e-01,-1.264396458864212036e-01,1.326217800378799438e-01,-5.333602894097566605e-03,3.141990900039672852e-01,-3.225566446781158447e-01,-3.650584071874618530e-02,1.648687571287155151e-02,-2.723722457885742188e-01,-8.579369634389877319e-02,-7.761764526367187500e-02,2.417271770536899567e-02,-2.310251891613006592e-01,9.166783839464187622e-02,-1.933853924274444580e-01,-2.484364509582519531e-01,-1.814658045768737793e-01,2.160114645957946777e-01,1.536719128489494324e-02,-1.154183298349380493e-01,5.488768592476844788e-02,5.019446089863777161e-02,-3.198646903038024902e-01,-1.727782003581523895e-02,-1.467581689357757568e-01,9.354421496391296387e-02,2.539452016353607178e-01,-1.536424160003662109e-01,2.683918364346027374e-02,1.129095479846000671e-01,-4.128806293010711670e-02,-4.737638682126998901e-02,1.871614716947078705e-02,-3.556323423981666565e-02,3.826703410595655441e-03,1.294471919536590576e-01,-8.613534271717071533e-02,1.595948487520217896e-01,-6.239990592002868652e-01,2.739041149616241455e-01,8.017171174287796021e-02,2.827136218547821045e-01,-9.671547450125217438e-03,-4.924332723021507263e-03,2.206031382083892822e-01,-1.059345230460166931e-01,-4.901501536369323730e-02,-1.112044751644134521e-01,-7.855185307562351227e-03,-7.167828083038330078e-02,2.487241849303245544e-02,-1.618478894233703613e-01,-2.551514096558094025e-02,-1.965238004922866821e-01,-1.639456599950790405e-01,-2.372094057500362396e-02,2.186882197856903076e-01,-9.506601840257644653e-02,-1.068705022335052490e-01,7.278873771429061890e-02,1.044725626707077026e-01,-4.799196124076843262e-02,-2.142949998378753662e-01,3.472218513488769531e-01,2.115100175142288208e-01,1.044529005885124207e-01,-5.866073071956634521e-02,3.248296082019805908e-01,-5.098616480827331543e-01,2.125390022993087769e-01,1.106365472078323364e-01,8.159668743610382080e-02,5.139865279197692871e-01,-4.215757846832275391e-01,-9.653092175722122192e-02,-1.705804020166397095e-01,1.623219810426235199e-02,-1.173706073313951492e-02,-6.473658233880996704e-02,3.248317837715148926e-01,-1.644432842731475830e-01,2.554046511650085449e-01,2.470748275518417358e-01,4.168005883693695068e-01,-3.456044197082519531e-02,2.420216239988803864e-02,1.196604743599891663e-01,1.939350813627243042e-01,-6.678521633148193359e-02,-1.545367389917373657e-01,1.170098409056663513e-02,-6.198868900537490845e-02,-4.404786527156829834e-01,3.600581735372543335e-02,-3.033901751041412354e-01,2.689425349235534668e-01,-5.744167417287826538e-02,1.164142116904258728e-01,1.264799386262893677e-01,-7.918767631053924561e-02,-1.436953991651535034e-01,1.306712925434112549e-01,-1.306146383285522461e-01,-6.847942620515823364e-02,1.796317403204739094e-03,2.421275973320007324e-01,-5.576371401548385620e-02,-8.186862617731094360e-02,1.291393488645553589e-01,1.993452608585357666e-01,2.308742552995681763e-01,-1.608325541019439697e-01,1.681451499462127686e-02,4.533750191330909729e-02,1.913918741047382355e-02,-2.238338738679885864e-01,-4.110199958086013794e-02,-1.193732675164937973e-02,-1.697466149926185608e-02,-6.018347106873989105e-03,-2.727577984333038330e-01,-1.636239290237426758e-01,2.328143417835235596e-01,-2.244040071964263916e-01,-9.007346630096435547e-02,-2.228724211454391479e-01,3.518869876861572266e-01,-3.760239481925964355e-01,2.366409078240394592e-02,1.622161716222763062e-01,1.247768029570579529e-01,-5.803984031081199646e-02,5.646598711609840393e-02,-6.577624082565307617e-01,4.999952390789985657e-02,-1.360589116811752319e-01,4.296229220926761627e-03,1.624762564897537231e-01,3.149016797542572021e-01,2.849694192409515381e-01,-3.124611079692840576e-01,5.761770531535148621e-02,1.460126638412475586e-01,9.819771349430084229e-02,-1.666390448808670044e-01,8.667627722024917603e-02,2.579492926597595215e-01,-4.401330053806304932e-01,1.030498184263706207e-02,-1.142748370766639709e-01,4.155750274658203125e-01,9.666478633880615234e-02,5.599024146795272827e-02,4.095110297203063965e-01,-1.943322420120239258e-01,-3.037977591156959534e-02,4.981113225221633911e-02,8.955194801092147827e-02,3.916378691792488098e-02,3.734923601150512695e-01,-4.533948004245758057e-01,-5.920610949397087097e-02,9.921567142009735107e-02,4.691765904426574707e-01,-2.035041749477386475e-01,-1.762452274560928345e-01,-2.285737544298171997e-01,-3.514742553234100342e-01,2.367544919252395630e-01,2.068769484758377075e-01,9.107422083616256714e-02,-2.659681998193264008e-02,-7.163833826780319214e-02,-9.001413732767105103e-02,1.414020955562591553e-01,-1.889503002166748047e-01,1.232682690024375916e-01,5.892171338200569153e-02,1.030350755900144577e-02,1.473204046487808228e-01,-3.662831187248229980e-01,-3.231756389141082764e-01,4.835648536682128906e-01,1.129086390137672424e-01,-1.706781387329101562e-01,-1.643371284008026123e-01,-2.115795575082302094e-02,-7.327114045619964600e-02,-3.461533784866333008e-02,1.422745287418365479e-01,-2.291496545076370239e-01,2.514593675732612610e-02,-3.397041857242584229e-01,-3.956224396824836731e-02,-1.007598359137773514e-02,-2.874939441680908203e-01,-2.717914283275604248e-01,2.112184017896652222e-01,-1.039837151765823364e-01,-3.210527300834655762e-01,1.545376479625701904e-01,1.366574615240097046e-01,1.665929704904556274e-01,1.679220497608184814e-01,1.006395444273948669e-01,3.830808699131011963e-01,7.542861253023147583e-02,-4.634550958871841431e-02,-3.199972808361053467e-01,1.818566210567951202e-02,-9.295434504747390747e-02,8.593053370714187622e-02,-2.599214315414428711e-01,5.252174660563468933e-02,3.181446809321641922e-03,-8.905607275664806366e-03,-2.963254749774932861e-01,-5.829743295907974243e-02,-5.261094495654106140e-02,5.757290124893188477e-01,-4.353018850088119507e-02,-4.267914220690727234e-02,7.944997400045394897e-02,-9.270440787076950073e-03,9.156956523656845093e-02,1.541293114423751831e-01,6.448854692280292511e-03,-3.815338313579559326e-01,-3.158103525638580322e-01,-1.317308247089385986e-01,1.618913263082504272e-01,1.115524917840957642e-01,-1.789258569478988647e-01,-6.814083456993103027e-02,-1.507175862789154053e-01,2.474029064178466797e-01,-2.963567078113555908e-01,1.469286084175109863e-01,-2.664075791835784912e-01,-1.447146236896514893e-01,3.892353773117065430e-01,-1.167668700218200684e-01,-2.800478041172027588e-01,-1.944618374109268188e-01,-8.774244226515293121e-03,4.564727842807769775e-01,3.646995173767209053e-03,1.868860125541687012e-01,-5.360655114054679871e-02,-2.541103065013885498e-01,-3.174989223480224609e-01,2.026754319667816162e-01,-1.380591094493865967e-01,-4.666561633348464966e-02,1.014511138200759888e-01,-6.096368283033370972e-02,2.601137757301330566e-01,1.715446859598159790e-01,5.629577860236167908e-02,1.606652513146400452e-02,6.729549169540405273e-02,2.107254564762115479e-01,1.051658242940902710e-01,2.226235419511795044e-01,-5.125568434596061707e-02,6.218736618757247925e-02,1.074192821979522705e-01,-2.065398097038269043e-01,1.926980167627334595e-01,9.355041198432445526e-03,-4.082184135913848877e-01,1.514417231082916260e-01,-1.873527169227600098e-01,1.400364935398101807e-01,-2.739309072494506836e-01,2.752796113491058350e-01,-8.410293608903884888e-02,1.351601481437683105e-01,1.694790646433830261e-02,3.806615173816680908e-01,-1.348338276147842407e-01,-8.461906760931015015e-02,4.320721924304962158e-01,-2.374724149703979492e-01,-7.825198024511337280e-02,-8.782942593097686768e-02,-3.903469070792198181e-02,2.340765595436096191e-01,-5.819569900631904602e-02,-9.866540879011154175e-02,2.698353528976440430e-01,2.050844393670558929e-02,9.889560751616954803e-03,3.234996795654296875e-01,1.318022161722183228e-01,4.437401518225669861e-02,4.287887737154960632e-02,7.182098925113677979e-02,-1.063208132982254028e-01,-2.769170999526977539e-01,1.022144630551338196e-01,3.796923533082008362e-02,8.976918645203113556e-03,1.136409193277359009e-01,7.811187952756881714e-02,-6.568276882171630859e-02,-3.473298996686935425e-02,-1.414510011672973633e-01,4.079278931021690369e-02,-1.615812033414840698e-01,2.201754748821258545e-01,-1.608634591102600098e-01,1.128859892487525940e-01,-1.907644122838973999e-01,4.704009741544723511e-02,-9.619075804948806763e-02,-2.235994040966033936e-01,-2.015157341957092285e-01,2.737908363342285156e-01,2.384396083652973175e-02,-1.402086392045021057e-02,6.032956019043922424e-02,4.177102148532867432e-01,9.974909946322441101e-03,1.371483504772186279e-01,4.132302105426788330e-01,-2.533914744853973389e-01,-2.163451761007308960e-01,8.052616566419601440e-02,2.785081565380096436e-01,6.295108795166015625e-02,-4.093753993511199951e-01,-1.151423901319503784e-01,-2.840580046176910400e-02,-3.231689631938934326e-01,9.015978313982486725e-03,-5.927197933197021484e-01,1.270262748003005981e-01,-8.017162233591079712e-02,1.474225372076034546e-01,-3.439689576625823975e-01,-1.214374974370002747e-01,3.772214353084564209e-01,8.428069204092025757e-02,-3.839586377143859863e-01,1.794220954179763794e-01,2.801996469497680664e-01,2.801213413476943970e-02,6.194555317051708698e-04,1.303045358508825302e-02,2.879617214202880859e-01,-1.864987611770629883e-01,3.406375646591186523e-01,6.075829267501831055e-02,6.553812325000762939e-02,1.351831294596195221e-02,1.803803741931915283e-01,1.246664524078369141e-01,1.255773305892944336e-01,4.259869828820228577e-02,2.058983743190765381e-01,-7.209008187055587769e-02,-1.172002777457237244e-01,8.938186615705490112e-02,3.238748610019683838e-01,1.100609898567199707e-01,-3.450022935867309570e-01,-1.090051159262657166e-01,-2.766239643096923828e-01,-2.931978106498718262e-01,1.051042694598436356e-02,-8.619879931211471558e-02,-1.213969439268112183e-01,1.765138655900955200e-01,1.379573494195938110e-01,-3.651595711708068848e-01,3.055684268474578857e-02,1.876007318496704102e-01,-4.548344612121582031e-01,-4.615826532244682312e-03,-6.908641755580902100e-02,5.814456343650817871e-01,-5.123320221900939941e-01,-1.445345431566238403e-01,5.626602843403816223e-02,5.407436490058898926e-01,7.845776528120040894e-02,2.026867270469665527e-01,2.667416930198669434e-01,2.835648357868194580e-01,-1.152229011058807373e-01,-2.566602230072021484e-01,-1.949155777692794800e-01,-3.438694402575492859e-02,1.429904699325561523e-01,3.695168495178222656e-01,8.320773951709270477e-03,-1.908123791217803955e-01,1.878307610750198364e-01,-3.116460144519805908e-01,-1.932337731122970581e-01,-2.965540252625942230e-02,-1.168826073408126831e-01,-1.149384230375289917e-01,1.350531131029129028e-01,-5.060114338994026184e-02,-7.453744113445281982e-02,-9.382817894220352173e-02,7.633993029594421387e-02,-3.189563751220703125e-01,1.910865753889083862e-01,2.119191139936447144e-01,-1.016136929392814636e-01,-7.532165944576263428e-02,-2.744854986667633057e-01,1.634657084941864014e-01,6.317091733217239380e-02,-1.523196697235107422e-01,8.406024426221847534e-02,4.397004097700119019e-02,-3.298325240612030029e-01,2.892658859491348267e-02,-3.250656127929687500e-01,3.239252269268035889e-01,-1.324624121189117432e-01,-7.056107278913259506e-03,9.307661093771457672e-03,9.718888252973556519e-02,1.116893067955970764e-01,-2.181022167205810547e-01,-2.004255056381225586e-01,4.629034698009490967e-01,-2.636101245880126953e-01,2.514418661594390869e-01,2.747265696525573730e-01,-2.012196332216262817e-01,1.510652452707290649e-01,-3.766053542494773865e-02,2.878068089485168457e-01,2.929799854755401611e-01,-3.681298196315765381e-01,3.260929137468338013e-03,2.048783153295516968e-01,1.137992963194847107e-01,1.182248741388320923e-01,-2.387205809354782104e-01,2.014079838991165161e-01,3.642353788018226624e-02,-5.629906058311462402e-02,-3.954009413719177246e-01,2.987544424831867218e-02,3.320747613906860352e-02,-1.901188343763351440e-01,4.208419099450111389e-02,6.174598261713981628e-02,-1.771489530801773071e-01,1.048721745610237122e-01,3.265245556831359863e-01,-1.498821973800659180e-01,-1.316365748643875122e-01,-5.324494838714599609e-02,3.616351783275604248e-01,-4.918187856674194336e-01,-8.579155057668685913e-02,2.592626810073852539e-01,-2.002097666263580322e-02,-1.675665080547332764e-01,2.102098017930984497e-01,-4.641395062208175659e-03,5.570982396602630615e-02,1.955938786268234253e-01,-2.401694469153881073e-02,8.683953434228897095e-02,-7.366681843996047974e-02,-4.428849369287490845e-02,7.382308691740036011e-02,4.245498776435852051e-01,-2.272339016199111938e-01,-6.498175859451293945e-02,2.011960744857788086e-01,2.743459343910217285e-01,1.756204292178153992e-02,2.835240587592124939e-02,-3.261794149875640869e-02,7.756836712360382080e-02,2.251956462860107422e-01,9.747652709484100342e-02,4.193282127380371094e-02,4.448022320866584778e-02,6.073274090886116028e-02,-1.703160256147384644e-01,-2.418643534183502197e-01,-1.361449211835861206e-01,3.381531238555908203e-01,6.147367507219314575e-02,5.887296423316001892e-02,3.477549254894256592e-01,-5.687556788325309753e-02,-4.890353977680206299e-02,1.722519695758819580e-01,6.269513815641403198e-02,8.480971306562423706e-02,-9.651622176170349121e-02,6.039535626769065857e-02,-9.911903738975524902e-02,1.162221506237983704e-01,-1.816669851541519165e-01,2.594246566295623779e-01,1.116360276937484741e-01,1.318677961826324463e-01,-8.395874500274658203e-02,2.966866493225097656e-01,1.443514823913574219e-01,8.358167856931686401e-02,7.036135345697402954e-02,-1.230535134673118591e-01,-5.173773765563964844e-01,-5.457737017422914505e-03,3.272720277309417725e-01,-6.414632499217987061e-02,-3.117046952247619629e-01,-1.312843114137649536e-01,1.094550713896751404e-01,-2.047092765569686890e-01,2.735342383384704590e-01,4.008290171623229980e-01,-1.642018556594848633e-02,-4.165953695774078369e-01,2.455805242061614990e-02,-1.433671861886978149e-01,-3.405483961105346680e-01,-6.670554727315902710e-02,3.061276078224182129e-01,-1.423133909702301025e-01,4.235116392374038696e-02,2.104832530021667480e-01,2.260648161172866821e-01,-2.494807690382003784e-01,4.260380864143371582e-01,1.966853998601436615e-02,-2.180872261524200439e-01,-4.339461624622344971e-01,-8.539067208766937256e-02,6.812982559204101562e-01,-1.580118983983993530e-01,1.001142859458923340e-01,-9.937038272619247437e-02,2.788170240819454193e-03,-1.477312445640563965e-01,3.364030718803405762e-01,2.828459627926349640e-02,4.126678407192230225e-02,1.698374897241592407e-01,-2.933982387185096741e-02,2.089332491159439087e-01,1.034469008445739746e-01,7.288317382335662842e-02,5.186240002512931824e-02,4.234091043472290039e-01,2.434452474117279053e-01,-1.893159598112106323e-01,1.204397995024919510e-02,1.093234568834304810e-01,1.211890876293182373e-01,-3.294113650918006897e-02,-1.558554023504257202e-01,1.552004367113113403e-02,7.681446615606546402e-03,-2.618365548551082611e-02,1.913406327366828918e-02,-4.287212796043604612e-04,2.886574864387512207e-01,1.216240301728248596e-01
-3.887313902378082275e-01,2.412837296724319458e-01,1.957798004150390625e-01,1.120242774486541748e-01,-5.009140446782112122e-02,-5.105899274349212646e-02,1.726318597793579102e-01,5.835781618952751160e-02,2.084848098456859589e-02,1.802145391702651978e-01,-1.618835628032684326e-01,-8.483379334211349487e-02,-2.677922546863555908e-01,4.905321635305881500e-03,1.620711684226989746e-01,1.103660613298416138e-01,-8.679675310850143433e-02,-1.390474885702133179e-01,-2.277777343988418579e-01,2.385769933462142944e-01,-4.793696105480194092e-01,-1.687101460993289948e-02,4.144389927387237549e-02,2.037242203950881958e-01,-2.849129140377044678e-01,-3.328444957733154297e-01,-1.541455984115600586e-01,4.879669249057769775e-01,3.654677867889404297e-01,2.474417686462402344e-01,1.830186992883682251e-01,-3.140447437763214111e-01,4.654452800750732422e-01,1.461287885904312134e-01,4.832231104373931885e-01,2.185766771435737610e-02,-4.408788979053497314e-01,4.956063330173492432e-01,-4.577759206295013428e-01,-1.491530090570449829e-01,-2.504853997379541397e-03,-2.673158347606658936e-01,1.368878781795501709e-01,-2.891029715538024902e-01,2.260613143444061279e-01,9.745014458894729614e-02,1.688369512557983398e-01,9.300702065229415894e-02,1.993216425180435181e-01,3.643513843417167664e-02,4.799596592783927917e-02,-9.128806740045547485e-02,2.940657138824462891e-01,9.088881313800811768e-02,-2.040515840053558350e-01,-3.153978586196899414e-01,-1.979464888572692871e-01,3.731375634670257568e-01,-1.315192580223083496e-01,2.513391673564910889e-01,-2.596423923969268799e-01,2.584611251950263977e-02,-1.401910465210676193e-02,-1.935361325740814209e-01,-2.941307984292507172e-02,-1.692084521055221558e-01,-7.466610986739397049e-04,-9.649912267923355103e-02,-6.887864321470260620e-02,8.026669919490814209e-02,-1.652236431837081909e-01,1.236472278833389282e-02,3.136613667011260986e-01,-4.345231354236602783e-01,-1.552179157733917236e-01,-1.424469798803329468e-01,1.202265992760658264e-01,1.190037429332733154e-01,-1.131078228354454041e-01,1.499676555395126343e-01,-3.605498373508453369e-01,9.602534025907516479e-02,2.016993314027786255e-01,2.420143038034439087e-01,4.365831911563873291e-01,6.235429272055625916e-02,-3.916140794754028320e-01,-2.217842452228069305e-02,-3.183805570006370544e-02,2.863987386226654053e-01,-1.079152747988700867e-01,-2.519990205764770508e-01,2.233353704214096069e-01,4.913587570190429688e-01,-8.325637131929397583e-02,3.979074656963348389e-01,-1.954627782106399536e-01,-3.720963895320892334e-01,2.641811966896057129e-02,1.286411136388778687e-01,1.628728061914443970e-01,1.033745408058166504e-01,-3.387379646301269531e-01,-3.354062139987945557e-01,-3.018675148487091064e-01,3.318405151367187500e-01,1.504563391208648682e-01,-1.876091510057449341e-01,-5.880200862884521484e-01,8.625090867280960083e-02,1.518638283014297485e-01,-3.036506772041320801e-01,-8.658365905284881592e-02,-1.307509392499923706e-01,7.376860976219177246e-01,-2.758642137050628662e-01,-1.066237539052963257e-01,5.213052779436111450e-02,-8.051318675279617310e-02,1.861414313316345215e-01,-1.740614324808120728e-01,6.061333231627941132e-03,2.283816039562225342e-01,-1.817765831947326660e-02,1.527681946754455566e-02,-2.920466959476470947e-01,-1.308047771453857422e-01,1.788611263036727905e-01,-5.631477832794189453e-01,2.236081846058368683e-02,-1.438290029764175415e-01,4.358826577663421631e-02,2.124328613281250000e-01,-4.311770498752593994e-01,-1.903546005487442017e-01,1.266696453094482422e-01,6.975377909839153290e-03,-3.953769505023956299e-01,-1.457741390913724899e-02,1.407034546136856079e-01,1.752507314085960388e-02,6.060013920068740845e-02,3.590377271175384521e-01,-3.827144205570220947e-01,-2.647002600133419037e-02,6.896456331014633179e-02,-3.317008316516876221e-01,-5.914846435189247131e-02,-1.294283419847488403e-01,9.367185644805431366e-03,1.450338363647460938e-01,3.918870389461517334e-01,3.932435065507888794e-02,-2.947981059551239014e-01,-1.716437637805938721e-01,1.438452154397964478e-01,-1.057414337992668152e-01,2.761166095733642578e-01,7.596293836832046509e-02,4.564807936549186707e-02,-1.328752934932708740e-01,6.796632707118988037e-02,1.414833366870880127e-01,-4.362140898592770100e-04,-4.098203480243682861e-01,9.378793090581893921e-02,7.970798015594482422e-02,6.632215529680252075e-02,-4.984433576464653015e-02,-3.629355728626251221e-01,-4.296795427799224854e-01,-2.531953454017639160e-01,1.890741288661956787e-01,-2.693289816379547119e-01,-1.121410056948661804e-01,-4.081727564334869385e-01,2.015979886054992676e-01,1.970338672399520874e-01,2.969807088375091553e-01,2.004847973585128784e-01,-6.023542955517768860e-02,-2.798700928688049316e-01,1.149765029549598694e-01,-9.716089814901351929e-02,-2.225252091884613037e-01,-1.776232197880744934e-02,1.713178306818008423e-01,-9.220584481954574585e-02,1.404573172330856323e-01,-2.120868265628814697e-01,1.690251827239990234e-01,2.432149648666381836e-02,-4.766253381967544556e-02,-1.778080314397811890e-02,-4.348575770854949951e-01,4.847250506281852722e-02,5.175993442535400391e-01,1.748522073030471802e-01,-7.537035644054412842e-02,4.280293360352516174e-02,2.828339338302612305e-01,4.730362817645072937e-02,-1.808748543262481689e-01,-1.598863303661346436e-01,1.966857612133026123e-01,3.559457063674926758e-01,-2.940797209739685059e-01,3.361544311046600342e-01,-2.132080644369125366e-01,4.317907243967056274e-02,-3.089114129543304443e-01,-2.029587477445602417e-01,2.792140245437622070e-01,-3.196469321846961975e-02,-3.870372474193572998e-01,-2.863799929618835449e-01,-2.607236802577972412e-01,2.473514080047607422e-01,2.032691054046154022e-02,2.252615988254547119e-01,4.263912737369537354e-01,-2.777725756168365479e-01,7.449736446142196655e-02,3.876826763153076172e-01,-2.245289385318756104e-01,5.826921015977859497e-02,3.324983716011047363e-01,1.231739819049835205e-01,2.355473041534423828e-01,-3.007472157478332520e-01,-2.519703507423400879e-01,3.384613096714019775e-01,-3.358544409275054932e-01,7.347115874290466309e-02,-2.700969344004988670e-03,1.525980234146118164e-01,4.574078619480133057e-01,1.877306029200553894e-02,9.159875661134719849e-02,-1.341853290796279907e-02,6.074429303407669067e-02,-1.360126864165067673e-02,3.410887122154235840e-01,-3.358839154243469238e-01,1.405300479382276535e-02,3.110006153583526611e-01,3.179471194744110107e-01,-2.886229157447814941e-01,-1.951847523450851440e-01,-1.029955968260765076e-01,-1.124123483896255493e-01,1.779333800077438354e-01,1.402690261602401733e-01,1.397071499377489090e-02,-2.316858917474746704e-01,2.009378522634506226e-01,3.523464500904083252e-02,7.153706252574920654e-02,7.967631518840789795e-02,-5.909704044461250305e-02,1.827848404645919800e-01,-2.998410165309906006e-01,-2.248612195253372192e-01,7.701513171195983887e-01,-4.980261623859405518e-02,2.918935120105743408e-01,3.109267354011535645e-02,-4.041056931018829346e-01,3.547918796539306641e-02,-1.424198746681213379e-01,-3.248719871044158936e-01,3.094148337841033936e-01,2.071671187877655029e-01,-1.011903509497642517e-01,7.685526460409164429e-02,8.877658098936080933e-02,1.215575039386749268e-01,9.480204433202743530e-02,1.553428471088409424e-01,-1.402262151241302490e-01,-1.226785257458686829e-01,1.355745922774076462e-02,-2.876221016049385071e-02,2.830693721771240234e-01,8.826673962175846100e-03,-2.956421673297882080e-01,-1.169889718294143677e-01,2.030720263719558716e-01,1.508518401533365250e-02,2.101844698190689087e-01,1.656235605478286743e-01,-4.693937301635742188e-01,-6.498635560274124146e-02,-4.278638362884521484e-01,-3.987114727497100830e-01,-3.914811015129089355e-01,1.488770544528961182e-01,-1.604482978582382202e-01,6.513213366270065308e-02,-1.186322122812271118e-01,1.964353919029235840e-01,-1.917328834533691406e-01,-1.022379845380783081e-01,1.677244603633880615e-01,3.428048789501190186e-01,1.111697852611541748e-01,-4.268806055188179016e-02,-2.497977167367935181e-01,1.633355170488357544e-01,-3.544515371322631836e-01,3.111926317214965820e-01,-1.456772834062576294e-01,-1.637772917747497559e-01,-3.558408617973327637e-01,-1.288416087627410889e-01,5.697735548019409180e-01,6.533852219581604004e-01,-3.426939547061920166e-01,2.641147971153259277e-01,1.737659275531768799e-01,-2.757006287574768066e-01,-5.254124104976654053e-02,3.099250495433807373e-01,2.538446784019470215e-01,-5.409768968820571899e-02,-4.962381422519683838e-01,-4.327709972858428955e-02,5.424282699823379517e-02,2.471807748079299927e-01,1.866785734891891479e-01,8.174528926610946655e-02,-8.797842264175415039e-02,-2.256469875574111938e-01,2.639224380254745483e-02,-8.191816508769989014e-03,-4.029120504856109619e-02,2.385310977697372437e-01,2.757310867309570312e-01,-1.913170367479324341e-01,-7.485809177160263062e-02,1.890904903411865234e-01,1.960996687412261963e-01,5.918282549828290939e-03,3.951798006892204285e-02,-1.385820955038070679e-01,1.503109186887741089e-01,8.800571411848068237e-02,6.095422431826591492e-02,-1.263940036296844482e-01,-2.684954106807708740e-01,-3.964831307530403137e-02,-4.993006214499473572e-02,1.894698888063430786e-01,1.028334200382232666e-01,3.932783603668212891e-01,3.419780731201171875e-01,8.533191680908203125e-02,-2.507568597793579102e-01,-1.928859502077102661e-01,1.450561732053756714e-01,3.644650056958198547e-02,4.420819282531738281e-01,1.140799745917320251e-01,8.593127876520156860e-02,-6.024320051074028015e-02,-3.000330328941345215e-01,-3.605596721172332764e-01,-1.983260065317153931e-01,-2.871651947498321533e-01,-1.577080190181732178e-01,2.194699794054031372e-01,2.273222208023071289e-01,3.408978581428527832e-01,3.055544570088386536e-02,-8.169806748628616333e-02,1.011537611484527588e-01,-1.089928001165390015e-01,-8.597988635301589966e-02,-1.131735444068908691e-01,3.502949476242065430e-01,2.295545339584350586e-01,1.246827915310859680e-01,-1.210049688816070557e-01,2.662954330444335938e-01,-8.187681436538696289e-02,-8.501859754323959351e-02,5.938143469393253326e-03,-1.505684293806552887e-02,-1.099220216274261475e-01,-3.159709647297859192e-02,-2.113060839474201202e-02,1.086377128958702087e-01,2.044296115636825562e-01,-2.100280253216624260e-03,4.138110876083374023e-01,-1.950387805700302124e-01,-4.029749706387519836e-02,2.038864344358444214e-01,-1.961658596992492676e-01,6.842813640832901001e-02,3.084502518177032471e-01,4.302958548069000244e-01,-9.190724045038223267e-02,6.594759821891784668e-01,4.301676154136657715e-01,-5.344855412840843201e-02,8.547148853540420532e-02,3.174326419830322266e-01,6.390511244535446167e-02,2.135593146085739136e-01,-1.989270001649856567e-02,3.092623651027679443e-01,-4.362028241157531738e-01,1.948144882917404175e-01,-3.037536442279815674e-01,2.413730472326278687e-01,4.339284822344779968e-02,-2.780923247337341309e-01,-3.723328700289130211e-03,-5.994594693183898926e-01,1.016875356435775757e-02,-3.923870325088500977e-01,-2.483948469161987305e-01,-9.268434345722198486e-02,6.583622097969055176e-02,-1.006360948085784912e-01,3.533310890197753906e-01,-2.348119951784610748e-02,-7.719171643257141113e-01,-1.837846487760543823e-01,1.629314571619033813e-02,-4.552160799503326416e-01,-1.932341903448104858e-01,2.728883177042007446e-02,3.483366072177886963e-01,-3.222792223095893860e-02,2.716141045093536377e-01,2.392497211694717407e-01,1.004168465733528137e-01,-4.920966625213623047e-01,2.531827688217163086e-01,-3.391526341438293457e-01,-1.343667507171630859e-01,-2.780682444572448730e-01,1.655566692352294922e-01,-6.018307209014892578e-01,2.906973958015441895e-01,-1.781796663999557495e-01,-9.600773453712463379e-02,2.367356568574905396e-01,-3.016291856765747070e-01,-2.816263027489185333e-02,7.571171224117279053e-02,-2.521958947181701660e-01,-4.459260776638984680e-02,2.393188029527664185e-01,1.449550837278366089e-01,-3.199954330921173096e-01,-1.415784955024719238e-01,1.375466864556074142e-02,1.990821212530136108e-01,-2.392993420362472534e-01,-1.146202720701694489e-02,9.082747995853424072e-02,3.422997519373893738e-02,-1.135919094085693359e-01,-2.195796221494674683e-01,-1.942307651042938232e-01,-2.913705259561538696e-02,1.051018759608268738e-01,2.662905156612396240e-01,1.704839617013931274e-01,-5.003905892372131348e-01,5.153951644897460938e-01,2.701985836029052734e-02,3.599787354469299316e-01,-2.000366300344467163e-01,2.675677239894866943e-01,-3.504707291722297668e-02,3.224374353885650635e-01,9.407766629010438919e-04,1.946448981761932373e-01,8.594716340303421021e-02,-1.805760562419891357e-01,7.029513828456401825e-03,-2.278036251664161682e-02,-6.611277163028717041e-02,-3.622192516922950745e-02,-4.064772129058837891e-01,-4.106983840465545654e-01,1.907934397459030151e-01,1.186927482485771179e-01,-5.810743942856788635e-02,2.186513841152191162e-01,3.666140139102935791e-01,-4.467081278562545776e-02,-3.749829251319169998e-03,-1.271776854991912842e-02,-5.189328640699386597e-02,9.853928536176681519e-02,-8.502770215272903442e-03,8.654250949621200562e-02,-3.117668330669403076e-01,-5.280635133385658264e-02,-2.851849198341369629e-01,4.608897864818572998e-01,-2.204053699970245361e-01,-1.578064709901809692e-01,-1.043253242969512939e-01,-5.655627846717834473e-01,-5.064176917076110840e-01,-3.491428494453430176e-01,-5.096170678734779358e-02,1.840972574427723885e-03,2.034157812595367432e-01,1.730048805475234985e-01,3.544921278953552246e-01,-5.755527019500732422e-01,-1.712001860141754150e-01,-3.277266025543212891e-01,9.660738706588745117e-02,1.031860858201980591e-01,-2.653359770774841309e-01,1.418405920267105103e-01,-7.496222853660583496e-02,1.411467641592025757e-01,-9.244293905794620514e-03,5.282422900199890137e-02,-8.115225285291671753e-02,-1.183477640151977539e-01,-6.565206497907638550e-02,-1.523094028234481812e-01,4.853950142860412598e-01,1.663523763418197632e-01,5.004835128784179688e-01,-1.212375517934560776e-02,-2.471502125263214111e-01,9.044509381055831909e-02,2.979442775249481201e-01,2.716090679168701172e-01,-2.220014631748199463e-01,-1.125724390149116516e-01,3.604539334774017334e-01,-2.677431106567382812e-01,2.385858297348022461e-01,-1.326277703046798706e-01,2.806447744369506836e-01,-3.243686854839324951e-01,1.494369059801101685e-01,3.406560420989990234e-01,-2.579434812068939209e-01,2.848204970359802246e-01,-3.130745291709899902e-01,1.967290639877319336e-01,-1.354840248823165894e-01,3.042309582233428955e-01,1.131438463926315308e-01,-2.170961201190948486e-01,-2.185331881046295166e-01,1.093626841902732849e-01,2.249267548322677612e-01,3.030991256237030029e-01,3.572120666503906250e-01,-2.769204080104827881e-01,2.869299650192260742e-01,-5.897112190723419189e-02,-3.035554895177483559e-03,-1.399865299463272095e-01,9.250289201736450195e-02,-2.852250635623931885e-01,4.914295673370361328e-02,2.283697873353958130e-01,-6.529340893030166626e-02,-4.052585959434509277e-01,-4.151609167456626892e-02,6.052650138735771179e-02,2.677729129791259766e-01,5.633646622300148010e-02,-5.112764984369277954e-02,-3.696472644805908203e-01,6.771391630172729492e-02,1.336701363325119019e-01,1.751868575811386108e-01,-1.357045769691467285e-01,5.371790528297424316e-01,3.212509304285049438e-02,-2.866521179676055908e-01,-3.390143215656280518e-01,4.828048124909400940e-02,3.124191164970397949e-01,5.786845460534095764e-03,9.029886126518249512e-02,3.966442644596099854e-01,4.076009616255760193e-02,2.487734407186508179e-01,2.094218134880065918e-01,-7.193902134895324707e-02,1.993695497512817383e-01,2.494189143180847168e-01,1.780518144369125366e-01,-2.102079093456268311e-01,9.612286090850830078e-02,1.908480972051620483e-01,-1.657290197908878326e-02,-2.098552286624908447e-01,-4.490599334239959717e-01,-2.586671411991119385e-01,-9.792436659336090088e-02,-1.659103631973266602e-01,-1.441114465706050396e-03,3.024372160434722900e-01,1.054030507802963257e-01,2.319823503494262695e-01,4.642956331372261047e-02,-1.028326228260993958e-01,4.537831246852874756e-02,1.673605591058731079e-01,-4.510648548603057861e-02,-4.582560658454895020e-01,2.639168500900268555e-01,-1.072864383459091187e-01,-2.956979870796203613e-01,1.273424737155437469e-02,-1.922067999839782715e-01,-1.076881121844053268e-02,-2.399819195270538330e-01,-3.390081524848937988e-01,-4.835814982652664185e-02,-3.356092572212219238e-01,2.867519855499267578e-01,-8.002586662769317627e-02,-3.507142066955566406e-01,2.033716291189193726e-01,-4.908861815929412842e-01,1.209155470132827759e-01,-7.148279249668121338e-02,3.422160744667053223e-01,2.455663233995437622e-01,2.097985297441482544e-01,-1.993293128907680511e-02,5.239780247211456299e-02,8.707848191261291504e-02,-6.967919319868087769e-02,-7.615749537944793701e-02,1.915510594844818115e-01,2.101774662733078003e-01,-3.367236554622650146e-01,1.663561165332794189e-01,1.453280355781316757e-02,-1.582553833723068237e-01,4.007404148578643799e-01,-1.743740886449813843e-01,-1.612814217805862427e-01,1.959591656923294067e-01,-3.983190748840570450e-03,-1.120959296822547913e-01,6.353496015071868896e-02,-2.357859909534454346e-01,-4.849281311035156250e-01,-4.467768967151641846e-01,7.291729003190994263e-02,-3.286500871181488037e-01,3.837471604347229004e-01,1.986045762896537781e-02,2.759311497211456299e-01,-1.786208748817443848e-01,-9.578417241573333740e-02,2.401151806116104126e-01,2.473884029313921928e-03,1.086914241313934326e-01,-2.155205160379409790e-01,-1.166185215115547180e-01,-1.535377204418182373e-01,-7.709903270006179810e-02,4.352058283984661102e-03,1.152243278920650482e-02,-3.639131188392639160e-01,-1.904595196247100830e-01,1.901320070028305054e-01,1.028071567416191101e-01,-7.872738875448703766e-03,1.417617946863174438e-01,-4.067331179976463318e-02,-1.390757691115140915e-02,3.503042086958885193e-02,-2.894787117838859558e-02,-2.850879132747650146e-01,2.327948212623596191e-01,-3.415723741054534912e-01,-8.028038428165018559e-04,-1.770213805139064789e-02,-1.018520370125770569e-01,-3.607297539710998535e-01,-6.990161538124084473e-02,7.663477957248687744e-02,1.230839863419532776e-01,9.086868166923522949e-02,-6.220183148980140686e-02,-1.302647292613983154e-01,1.115073934197425842e-01,-8.532189531251788139e-05,-1.873588748276233673e-02,1.087390184402465820e-01,8.153796941041946411e-02,-2.609808444976806641e-01,-1.473404467105865479e-01,2.052105516195297241e-01,1.667807698249816895e-01,-6.521569937467575073e-02,2.016375064849853516e-01,-4.593308642506599426e-02,1.818286031484603882e-01,4.575657472014427185e-02,1.262330859899520874e-01,9.466007351875305176e-02,4.597671926021575928e-01,-1.082214638590812683e-01,6.183590739965438843e-02,-1.468790024518966675e-01,2.607245147228240967e-01,2.699042558670043945e-01,2.434351891279220581e-01,-5.990911647677421570e-02,3.441727459430694580e-01,-9.238539636135101318e-02,2.538554072380065918e-01,1.291978508234024048e-01,-3.822526931762695312e-01,-3.432094678282737732e-02,5.628297924995422363e-01,4.922401607036590576e-01,1.216063424944877625e-01,-8.295539021492004395e-02,-2.144355028867721558e-01,3.615875244140625000e-01,-2.610266804695129395e-01,-3.436009585857391357e-02,9.895123541355133057e-02,3.719836771488189697e-01,4.105283021926879883e-01,-1.607403308153152466e-01,1.311331540346145630e-01,-1.312873810529708862e-01,-3.891158998012542725e-01,-2.647996693849563599e-02,-3.609781339764595032e-02,6.292743608355522156e-03,-1.323822587728500366e-01,7.785698026418685913e-02,2.681031525135040283e-01,7.647147774696350098e-01,2.484613209962844849e-01,-6.712811589241027832e-01,-5.647601559758186340e-02,-4.037993252277374268e-01,3.079733997583389282e-02,-1.041835173964500427e-01,-5.391894578933715820e-01,2.500436902046203613e-01,-6.003781780600547791e-02,2.025840431451797485e-01,-7.369128614664077759e-02,1.211256235837936401e-01,1.797821931540966034e-02,7.828933000564575195e-02,-1.941627562046051025e-01,4.700456857681274414e-01,2.222458571195602417e-01
-9.022799134254455566e-02,2.695950567722320557e-01,3.329831659793853760e-01,-4.391949623823165894e-02,-3.082761913537979126e-02,1.948434263467788696e-01,-1.147615984082221985e-01,-3.186949295923113823e-03,4.070239067077636719e-01,1.628877669572830200e-01,-8.264838159084320068e-02,1.015329658985137939e-01,-2.802271842956542969e-01,7.035130262374877930e-02,7.617736607789993286e-02,9.591992944478988647e-02,1.023172438144683838e-01,6.278009712696075439e-02,4.260608553886413574e-01,1.243293285369873047e-01,-2.814455889165401459e-02,-3.838878870010375977e-01,1.864799261093139648e-01,-8.107268810272216797e-02,-6.948059052228927612e-02,-5.687399208545684814e-02,1.750225573778152466e-01,1.315882354974746704e-01,-2.375844269990921021e-01,6.261847168207168579e-02,4.386935234069824219e-01,-2.192087620496749878e-01,-1.080007404088973999e-01,9.417334944009780884e-02,2.229022830724716187e-01,-1.013032719492912292e-01,2.043837606906890869e-01,-2.171094268560409546e-01,-3.755674511194229126e-02,-1.013890504837036133e-01,8.051408827304840088e-02,1.066915243864059448e-01,1.909869536757469177e-02,2.150876373052597046e-01,-1.296291202306747437e-01,3.884336352348327637e-02,-2.159560769796371460e-01,-1.245649829506874084e-01,1.732682585716247559e-01,-1.640549451112747192e-01,1.956957392394542694e-02,1.739254221320152283e-02,3.600283861160278320e-01,9.812694974243640900e-03,7.171108387410640717e-03,-3.172083497047424316e-01,7.528690993785858154e-02,2.114475704729557037e-02,2.242659032344818115e-01,2.835470736026763916e-01,9.708694368600845337e-02,-9.124536812305450439e-02,9.665545076131820679e-02,2.556289434432983398e-01,-1.422062963247299194e-01,-1.115591153502464294e-01,1.470102816820144653e-01,-2.281100302934646606e-01,-2.185899615287780762e-01,-2.944613695144653320e-01,4.995730891823768616e-02,9.555868804454803467e-03,1.570080816745758057e-01,2.516877353191375732e-01,-1.426147818565368652e-01,-2.018567919731140137e-01,6.663922965526580811e-02,-2.260519713163375854e-01,7.942788302898406982e-02,-1.719010323286056519e-01,3.007367849349975586e-01,7.216212898492813110e-02,-1.857399791479110718e-01,1.595619618892669678e-01,2.529356181621551514e-01,3.352268412709236145e-02,-2.972781285643577576e-02,-1.853429898619651794e-02,1.042647380381822586e-02,7.265061885118484497e-02,-4.290107786655426025e-01,-2.926376163959503174e-01,3.078100085258483887e-01,-1.401654724031686783e-02,1.312331557273864746e-01,-1.498448755592107773e-02,6.444986909627914429e-02,-2.447813302278518677e-01,3.669917881488800049e-01,1.864191330969333649e-02,1.276979148387908936e-01,-8.376929163932800293e-02,9.092126041650772095e-02,2.887608110904693604e-01,-3.452185690402984619e-01,-1.045837774872779846e-01,1.976852864027023315e-01,1.023681536316871643e-01,3.822366595268249512e-01,-6.292491406202316284e-02,-1.410659998655319214e-01,9.173569828271865845e-02,4.015279188752174377e-02,3.252245783805847168e-01,4.227689653635025024e-02,-8.024237304925918579e-02,2.795829176902770996e-01,-9.639611095190048218e-02,2.381569445133209229e-01,-1.262529492378234863e-01,1.552184671163558960e-01,4.340189099311828613e-01,-9.370405972003936768e-02,2.121042609214782715e-01,6.374219059944152832e-02,-4.509973526000976562e-02,4.365903139114379883e-02,-9.177048504352569580e-02,1.719824969768524170e-01,-6.232434511184692383e-02,-5.569548532366752625e-02,5.202094912528991699e-01,7.042336463928222656e-02,1.491477787494659424e-01,-3.660034388303756714e-03,-1.908500045537948608e-01,-1.441342756152153015e-02,2.484975755214691162e-01,2.212693691253662109e-01,1.709812134504318237e-01,3.400467038154602051e-01,1.125658378005027771e-01,1.721228063106536865e-01,3.377768993377685547e-01,3.638983368873596191e-01,-1.373675614595413208e-01,-2.672495543956756592e-01,-1.035645827651023865e-01,9.004887938499450684e-02,-1.205048486590385437e-01,-2.777613699436187744e-02,-4.383882284164428711e-01,-2.589511573314666748e-01,-3.092616051435470581e-02,-1.444521099328994751e-01,6.956557184457778931e-02,-1.260652542114257812e-01,-3.587241172790527344e-01,1.732751540839672089e-02,-2.827389240264892578e-01,4.814101383090019226e-02,1.220760680735111237e-02,1.867315769195556641e-01,-5.696166306734085083e-02,1.065749228000640869e-01,7.773287594318389893e-02,-3.899267315864562988e-01,-3.378152847290039062e-01,-3.679558038711547852e-01,-3.862243890762329102e-01,-1.869979649782180786e-01,3.466165363788604736e-01,-1.387980729341506958e-01,5.271261185407638550e-02,8.604493923485279083e-03,3.662611842155456543e-01,-7.845732569694519043e-02,4.761536419391632080e-01,-5.424409639090299606e-03,-1.882995665073394775e-01,-9.794207662343978882e-02,2.810600399971008301e-01,2.400989085435867310e-01,-3.592244684696197510e-01,1.907908767461776733e-01,3.682357370853424072e-01,-1.547455638647079468e-01,-1.917710714042186737e-02,9.790196269750595093e-02,-9.551002876833081245e-04,-1.389655051752924919e-03,5.875386763364076614e-03,-7.073611021041870117e-02,-1.484890282154083252e-01,1.641437411308288574e-01,8.436232805252075195e-02,-1.498513761907815933e-02,-5.975384637713432312e-02,2.727934420108795166e-01,-2.919214665889739990e-01,-1.301196813583374023e-01,2.174172550439834595e-01,1.503032743930816650e-01,4.361339211463928223e-01,5.984683632850646973e-01,3.919888660311698914e-02,-1.310736387968063354e-01,-2.157879024744033813e-01,-8.098560571670532227e-02,3.233550786972045898e-01,-3.650603592395782471e-01,-3.411920368671417236e-02,1.341341529041528702e-02,1.340699195861816406e-02,1.767488270998001099e-01,9.328436851501464844e-02,1.810172796249389648e-01,-1.628549993038177490e-01,1.513512339442968369e-03,-5.436761379241943359e-01,-4.513446986675262451e-02,-1.809123605489730835e-01,-3.855866193771362305e-01,1.095591261982917786e-01,9.789797663688659668e-02,-4.839778691530227661e-02,-5.810471773147583008e-01,5.255485773086547852e-01,5.105983614921569824e-01,4.946047663688659668e-01,-8.445247076451778412e-03,-5.531201362609863281e-01,1.211961135268211365e-01,-9.893702715635299683e-02,1.004455462098121643e-01,-1.906701922416687012e-01,3.610085248947143555e-01,3.499636650085449219e-01,9.797379374504089355e-02,-5.703298747539520264e-02,-4.086650907993316650e-02,-3.117447197437286377e-01,-1.277002990245819092e-01,-3.115658764727413654e-04,-3.070426359772682190e-02,-3.908646404743194580e-01,1.736467927694320679e-01,-1.457854360342025757e-01,1.377932145260274410e-03,-7.869330048561096191e-02,-1.485204696655273438e-01,-3.650514483451843262e-01,1.112052053213119507e-01,1.672382503747940063e-01,-3.325920403003692627e-01,1.722353696823120117e-01,-1.425255984067916870e-01,-4.754992201924324036e-03,-5.835400223731994629e-01,1.289619132876396179e-02,-3.698545396327972412e-01,2.535754442214965820e-02,1.391744315624237061e-01,-2.776392698287963867e-01,-3.328423202037811279e-01,-4.570503532886505127e-01,-1.994077302515506744e-02,-5.177758634090423584e-02,1.439119130373001099e-01,-3.663985729217529297e-01,-2.513897120952606201e-01,1.973575055599212646e-01,1.688514091074466705e-02,2.264926135540008545e-01,-1.761892288923263550e-01,1.141389161348342896e-01,-1.271423548460006714e-01,-1.337417513132095337e-01,1.473434418439865112e-01,-1.592109352350234985e-02,4.475914239883422852e-01,3.132055997848510742e-01,-5.747788771986961365e-02,-1.231825798749923706e-01,1.095720976591110229e-01,4.554014503955841064e-01,-4.828575253486633301e-02,7.933106273412704468e-02,-2.183905839920043945e-01,2.865997850894927979e-01,-2.042393535375595093e-01,1.423848420381546021e-01,-1.859279870986938477e-01,-2.683718502521514893e-01,-8.285021036863327026e-02,3.244163393974304199e-01,-8.501038700342178345e-02,-5.609630346298217773e-01,-3.456575572490692139e-01,-3.954420089721679688e-01,9.967077523469924927e-02,-5.161724686622619629e-01,-1.061755046248435974e-01,-3.792010992765426636e-02,8.538900315761566162e-02,1.242703720927238464e-01,-4.186021089553833008e-01,-5.113716796040534973e-02,-6.226870045065879822e-02,-2.066877037286758423e-01,2.126905135810375214e-02,9.326703846454620361e-02,1.871238499879837036e-01,2.019286900758743286e-02,1.439149826765060425e-01,-3.408391773700714111e-02,3.238524794578552246e-01,1.079960018396377563e-01,-7.283994555473327637e-02,2.661911547183990479e-01,1.805380135774612427e-01,-2.930889129638671875e-01,-2.016664594411849976e-01,-1.884988546371459961e-01,-4.261705875396728516e-01,2.051639407873153687e-01,-1.547642890363931656e-02,1.503284871578216553e-01,1.515878289937973022e-01,-6.493618246167898178e-03,-2.634070515632629395e-01,-7.845716923475265503e-02,1.416572332382202148e-01,-1.769730448722839355e-01,8.954425156116485596e-02,-4.506935179233551025e-02,-9.881596267223358154e-02,-2.650849819183349609e-01,5.929849669337272644e-02,3.534660041332244873e-01,-3.337718546390533447e-01,-3.157546371221542358e-02,-3.801054358482360840e-01,8.380632102489471436e-02,-5.974984169006347656e-02,-2.962575554847717285e-01,4.422554373741149902e-01,3.014633357524871826e-01,-2.602244019508361816e-01,-2.089438438415527344e-01,-4.082420840859413147e-02,-1.002935618162155151e-01,-1.536342501640319824e-01,7.173601537942886353e-02,1.231741160154342651e-01,-6.721019744873046875e-02,1.728179603815078735e-01,2.279373258352279663e-01,-4.957632627338171005e-03,-1.122933924198150635e-01,-1.511652469635009766e-01,2.499873377382755280e-02,1.958560347557067871e-01,-1.084814667701721191e-01,-1.641065776348114014e-01,2.773292064666748047e-01,1.201145797967910767e-01,-3.053778223693370819e-02,2.546189427375793457e-01,6.524027884006500244e-02,1.230746433138847351e-01,4.042826592922210693e-01,2.309861406683921814e-02,-1.358784586191177368e-01,1.168744117021560669e-01,-1.975572407245635986e-01,-4.667964950203895569e-02,-5.933921784162521362e-02,-1.481986492872238159e-01,-7.340585440397262573e-02,7.747237104922533035e-03,-3.591378927230834961e-01,2.928711175918579102e-01,-4.560216795653104782e-03,1.224434226751327515e-01,2.035281360149383545e-01,-1.370020508766174316e-01,-3.412229940295219421e-02,1.728320203255861998e-04,2.342822402715682983e-01,2.178023941814899445e-02,-3.512302339076995850e-01,-1.077676415443420410e-01,1.372284889221191406e-01,3.205844461917877197e-01,3.591268658638000488e-01,2.939933240413665771e-01,-1.719065010547637939e-01,-2.247250527143478394e-01,-8.920630067586898804e-02,3.001928627490997314e-01,4.712866991758346558e-02,-2.178009897470474243e-01,2.001459151506423950e-01,-1.801290661096572876e-01,2.056822180747985840e-01,2.271005809307098389e-01,3.747709095478057861e-01,-5.462184548377990723e-01,-2.692024409770965576e-01,-2.589400410652160645e-01,-1.101984828710556030e-01,-1.017302200198173523e-01,-6.389225274324417114e-02,-4.154866635799407959e-01,-2.783980369567871094e-01,-5.558950826525688171e-02,-1.582878082990646362e-01,1.162251457571983337e-01,4.711394906044006348e-01,-5.981501191854476929e-02,8.748847991228103638e-02,-1.440008133649826050e-01,-1.394804939627647400e-02,-4.528552293777465820e-01,-5.666143894195556641e-01,-2.826494872570037842e-01,2.090545743703842163e-01,2.295880913734436035e-01,-7.406655699014663696e-02,1.729985922574996948e-01,-2.649843990802764893e-01,1.698989570140838623e-01,2.243311256170272827e-01,-1.324255168437957764e-01,3.507755696773529053e-01,-5.426965281367301941e-02,-2.616776525974273682e-01,8.901495486497879028e-02,2.349093109369277954e-01,-4.761443734169006348e-01,-2.251895666122436523e-01,1.069052070379257202e-01,-6.067431718111038208e-02,3.138336911797523499e-02,-2.483684122562408447e-01,-7.078372687101364136e-02,2.439721673727035522e-01,4.302413463592529297e-01,9.601961076259613037e-02,1.073007136583328247e-01,-8.471970260143280029e-02,8.512170612812042236e-02,2.495531737804412842e-01,-5.267746746540069580e-03,9.339896589517593384e-02,-2.575340867042541504e-01,-7.118964195251464844e-02,4.494175314903259277e-02,4.781505838036537170e-02,-3.405784666538238525e-01,-2.114033848047256470e-01,2.115481495857238770e-01,-2.681242525577545166e-01,-2.039031498134136200e-02,-9.108765423297882080e-02,7.222155481576919556e-02,2.648099660873413086e-01,-2.190854102373123169e-01,3.780475854873657227e-01,-2.246461808681488037e-01,-4.824273586273193359e-01,-2.199284583330154419e-01,-1.265429556369781494e-01,-3.981230407953262329e-02,-3.496545925736427307e-02,-2.213708758354187012e-01,-7.039114087820053101e-02,-4.805708304047584534e-02,1.285000443458557129e-01,1.587772928178310394e-02,-1.794340759515762329e-01,-5.645595788955688477e-01,-1.407051980495452881e-01,-1.139236688613891602e-01,-1.111383289098739624e-01,-2.530807256698608398e-01,5.867924094200134277e-01,-6.185467913746833801e-02,-9.049043059349060059e-02,1.308365911245346069e-01,1.442824006080627441e-01,1.763099282979965210e-01,3.116143643856048584e-01,1.074581593275070190e-01,4.654469490051269531e-01,3.354208543896675110e-02,2.018008148297667503e-03,-5.786307528614997864e-02,1.204410940408706665e-01,-2.627244293689727783e-01,-2.426936663687229156e-02,1.709835529327392578e-01,-1.350352466106414795e-01,-1.842425763607025146e-01,-4.302446171641349792e-02,1.003659740090370178e-01,1.942688226699829102e-01,3.859404474496841431e-02,2.014625221490859985e-01,-2.506118118762969971e-01,2.508229911327362061e-01,1.972743719816207886e-01,3.633769974112510681e-02,3.667494654655456543e-02,-1.800391077995300293e-01,-3.254964575171470642e-02,1.162874996662139893e-01,-2.309154868125915527e-01,-1.440331786870956421e-01,2.631002664566040039e-01,-5.945718381553888321e-03,6.351632624864578247e-02,-4.093631803989410400e-01,-5.781682208180427551e-02,-2.208446115255355835e-01,-1.875900924205780029e-01,-1.532186754047870636e-03,2.904071211814880371e-01,-4.895344004034996033e-02,3.497723340988159180e-01,-2.758006565272808075e-03,2.992083430290222168e-01,2.063458263874053955e-01,8.404141664505004883e-02,-6.963791698217391968e-02,-1.696163862943649292e-01,-2.607333958148956299e-01,-4.620211943984031677e-02,-1.319473832845687866e-01,-5.084316805005073547e-02,-5.449120998382568359e-01,-1.887941062450408936e-01,-4.582759737968444824e-01,-2.613544650375843048e-02,1.546715795993804932e-01,4.411170724779367447e-03,-4.853030145168304443e-01,1.331968009471893311e-01,-9.300578385591506958e-02,-1.558863073587417603e-01,-4.650001972913742065e-02,-1.433787588030099869e-02,7.167652845382690430e-01,4.074646532535552979e-02,1.317175477743148804e-02,4.436470568180084229e-02,2.106478363275527954e-01,2.310987561941146851e-02,-2.827388048171997070e-01,1.299907863140106201e-01,2.843925654888153076e-01,4.661207273602485657e-02,2.790231108665466309e-01,2.983820438385009766e-01,1.224654465913772583e-01,1.402018368244171143e-01,6.637664884328842163e-02,1.322823315858840942e-01,-1.849508434534072876e-01,4.720524325966835022e-02,-8.898417651653289795e-02,-1.826440729200839996e-02,3.049209527671337128e-02,1.198369413614273071e-01,9.753225743770599365e-02,5.623256564140319824e-01,7.319166064262390137e-01,-2.153733670711517334e-01,2.578006386756896973e-01,-1.125797536224126816e-02,-3.890395164489746094e-01,2.949847280979156494e-01,-1.490040123462677002e-02,-2.027347534894943237e-01,-1.728969067335128784e-01,2.184315621852874756e-01,2.298625260591506958e-01,-2.600888311862945557e-01,-9.731508046388626099e-02,-3.858008086681365967e-01,-6.124519705772399902e-01,2.568909227848052979e-01,2.373878359794616699e-01,-4.963355660438537598e-01,9.972867369651794434e-02,8.049283921718597412e-02,-4.437788426876068115e-01,9.460093080997467041e-02,7.157474011182785034e-02,-1.700494289398193359e-01,3.892952203750610352e-02,-1.078475415706634521e-01,1.583450287580490112e-02,-2.180796116590499878e-01,3.928403854370117188e-01,-1.155309751629829407e-01,-1.507463958114385605e-02,-4.075124263763427734e-01,-3.953115046024322510e-01,-4.791925195604562759e-03,-2.502751350402832031e-01,6.560205668210983276e-02,2.093479037284851074e-02,1.589096039533615112e-01,2.252575755119323730e-01,2.244391441345214844e-01,5.954131949692964554e-03,1.691521108150482178e-01,-2.850345969200134277e-01,-4.632816612720489502e-01,8.137264847755432129e-02,4.624983370304107666e-01,-3.158471733331680298e-02,3.491478264331817627e-01,-2.163535207509994507e-01,-7.960894145071506500e-04,9.735302627086639404e-02,-3.559773564338684082e-01,-2.443293184041976929e-01,4.442936182022094727e-01,2.691828310489654541e-01,2.739674746990203857e-01,-2.313155680894851685e-01,3.830642625689506531e-02,9.834896773099899292e-02,-4.253339469432830811e-01,-4.885818958282470703e-01,1.143990606069564819e-01,-7.487215846776962280e-02,4.060966894030570984e-02,2.223585247993469238e-01,-7.421042304486036301e-03,-5.063090845942497253e-02,-1.918166503310203552e-02,2.294337451457977295e-01,3.538001477718353271e-01,4.173705875873565674e-01,-1.816940903663635254e-01,-1.589479446411132812e-01,1.541060209274291992e-01,-3.251948952674865723e-01,-3.178760409355163574e-01,-4.008893668651580811e-01,-5.159327387809753418e-01,6.669546663761138916e-02,-4.282941669225692749e-02,-1.776200085878372192e-01,-3.606468439102172852e-01,2.994945049285888672e-01,1.379395574331283569e-01,3.780730962753295898e-01,8.484286069869995117e-02,-6.383792310953140259e-02,-4.268216490745544434e-01,2.631915807723999023e-01,-5.161289125680923462e-02,7.609797269105911255e-02,-1.298057287931442261e-01,4.178028702735900879e-01,-1.609170883893966675e-01,-3.816368430852890015e-02,2.890346944332122803e-01,-1.905400007963180542e-01,1.867133378982543945e-01,1.758969426155090332e-01,1.334482878446578979e-01,-6.100392714142799377e-02,-2.211407274007797241e-01,-2.285163663327693939e-02,-2.580728232860565186e-01,-1.492790281772613525e-01,-2.321612983942031860e-01,-6.607393920421600342e-02,2.596405334770679474e-02,6.887713447213172913e-03,3.728560209274291992e-01,-2.109218388795852661e-03,4.640743508934974670e-02,-6.151872128248214722e-02,-1.622430533170700073e-01,2.513869106769561768e-01,1.278412044048309326e-01,-1.407595127820968628e-01,-2.369419783353805542e-01,-1.857621669769287109e-01,1.483547687530517578e-01,-2.352793514728546143e-01,2.603128850460052490e-01,1.056811027228832245e-02,-2.063398510217666626e-01,1.421158313751220703e-01,1.975839771330356598e-02,-1.938412338495254517e-01,7.522053271532058716e-02,2.012924700975418091e-01,-1.948816776275634766e-01,-1.930793225765228271e-01,-1.221571862697601318e-01,3.022213280200958252e-01,-3.483698889613151550e-02,-5.036211758852005005e-02,-2.876133620738983154e-01,2.341182343661785126e-02,1.941583156585693359e-01,1.147884782403707504e-02,-3.201313316822052002e-01,1.700186282396316528e-01,5.209647491574287415e-02,-1.260008811950683594e-01,1.304220706224441528e-01,-1.117400452494621277e-01,2.004908472299575806e-01,2.299232728546485305e-04,1.252228021621704102e-01,-1.798652112483978271e-01,-1.714546680450439453e-01,2.047149240970611572e-01,-2.639886438846588135e-01,-3.381710499525070190e-02,2.626259624958038330e-01,1.457888633012771606e-01,5.418189764022827148e-01,-1.965349614620208740e-01,4.010767936706542969e-01,2.754069166257977486e-03,-8.127854764461517334e-02,-1.263561546802520752e-01,-5.835714563727378845e-02,1.848047040402889252e-02,1.744589209556579590e-01,7.302110642194747925e-02,-2.581055760383605957e-01,-7.691782712936401367e-02,3.259850144386291504e-01,-7.617585826665163040e-03,-9.991512447595596313e-02,-9.266730397939682007e-02,2.595562636852264404e-01,2.091739326715469360e-01,-5.674811825156211853e-02,-2.250408940017223358e-02,3.939379453659057617e-01,-3.193694353103637695e-01,2.014891989529132843e-02,1.277554035186767578e-01,-2.719719149172306061e-02,-8.752275258302688599e-02,1.951568424701690674e-01,2.957917451858520508e-01,-1.710524111986160278e-01,9.907848387956619263e-02,-1.538387127220630646e-02,-8.825436979532241821e-02,2.498823106288909912e-01,3.635965287685394287e-01,-1.553697884082794189e-01,-1.171990782022476196e-01
1.476969420909881592e-01,8.125913143157958984e-02,-1.541496217250823975e-01,-4.508599042892456055e-01,8.723682910203933716e-02,3.548815846443176270e-02,-1.386501709930598736e-03,5.855575948953628540e-02,1.033721491694450378e-01,-5.967856943607330322e-02,1.938153174705803394e-03,-8.032761514186859131e-03,-1.349184811115264893e-01,-4.259157180786132812e-01,2.829742431640625000e-01,4.127559661865234375e-01,7.963656634092330933e-02,7.656206190586090088e-02,-4.679852426052093506e-01,4.795869346708059311e-03,-3.472121655941009521e-01,-1.585315912961959839e-02,-5.278067290782928467e-02,1.659587472677230835e-01,1.824571341276168823e-01,9.208421409130096436e-02,6.589030474424362183e-02,-1.513472199440002441e-02,1.197995245456695557e-01,-5.801893472671508789e-01,-5.782307386398315430e-01,-2.306633144617080688e-01,1.936804950237274170e-01,2.242231965065002441e-01,-1.734825074672698975e-01,5.504062175750732422e-01,3.540458083152770996e-01,-1.809442341327667236e-01,-1.711231321096420288e-01,-4.040873944759368896e-01,1.352495253086090088e-01,-6.478824615478515625e-01,2.330534160137176514e-01,-6.416045129299163818e-02,-1.715300604701042175e-03,-1.432230174541473389e-01,5.818331986665725708e-02,1.443845778703689575e-01,-2.327325493097305298e-01,7.916434109210968018e-02,1.097459197044372559e-01,-2.687741518020629883e-01,-1.251925975084304810e-01,-2.835673689842224121e-01,1.008392348885536194e-01,-1.026864722371101379e-01,1.592067182064056396e-01,3.359968308359384537e-03,-3.041466176509857178e-01,-2.227293699979782104e-01,2.974212914705276489e-02,-1.529164612293243408e-01,-2.255249321460723877e-01,-3.155240416526794434e-02,4.531726986169815063e-02,-2.313771396875381470e-01,2.912734150886535645e-01,1.851655729115009308e-02,-1.202528625726699829e-01,4.126515388488769531e-01,-8.622150868177413940e-02,1.636279188096523285e-02,-1.189215257763862610e-01,3.012208044528961182e-01,-6.601727008819580078e-02,3.641850948333740234e-01,-2.547678351402282715e-01,9.012420475482940674e-02,-8.441514521837234497e-02,6.275358796119689941e-01,1.916082799434661865e-01,-1.055218130350112915e-01,-8.943381905555725098e-02,1.821482628583908081e-01,-1.032396852970123291e-01,1.733383089303970337e-01,-9.084861725568771362e-02,-4.906393215060234070e-02,-1.591599583625793457e-01,2.358086407184600830e-02,-1.822423934936523438e-01,4.932101815938949585e-02,-2.118542939424514771e-01,-3.756315112113952637e-01,2.759732306003570557e-01,-2.053204327821731567e-01,-2.495349049568176270e-01,2.818995714187622070e-01,1.028291359543800354e-01,2.964730560779571533e-02,3.593993186950683594e-01,5.381895229220390320e-02,1.881000399589538574e-02,2.183061838150024414e-02,7.751235365867614746e-02,-3.535547852516174316e-01,1.582790464162826538e-01,-1.942057162523269653e-01,-2.230104953050613403e-01,4.363970458507537842e-01,-2.000708878040313721e-01,-3.242415487766265869e-01,-7.535629719495773315e-02,-4.413693845272064209e-01,-2.950180768966674805e-01,5.560283064842224121e-01,-6.666014343500137329e-02,-2.594991028308868408e-01,-2.192067727446556091e-02,-5.040156245231628418e-01,-2.758881263434886932e-02,-2.900341749191284180e-01,8.182445913553237915e-02,2.624290809035301208e-02,-4.258874058723449707e-01,9.075588732957839966e-02,-2.156331241130828857e-01,4.803654849529266357e-01,1.391960773617029190e-02,4.200884401798248291e-01,-1.080244928598403931e-01,1.981098391115665436e-02,2.178098857402801514e-01,4.617951065301895142e-02,7.266909629106521606e-02,-1.387287378311157227e-01,-3.259740304201841354e-03,5.028416514396667480e-01,4.017595648765563965e-01,7.598751038312911987e-02,-6.122092008590698242e-01,-2.538394629955291748e-01,2.643769048154354095e-02,1.218730732798576355e-01,5.786694884300231934e-01,-9.114580601453781128e-02,-2.797625362873077393e-01,2.736199200153350830e-01,-2.498591393232345581e-01,1.267357021570205688e-01,1.340264976024627686e-01,-2.066662162542343140e-01,1.243792288005352020e-02,5.352251604199409485e-02,2.529542446136474609e-01,-5.249003171920776367e-01,2.543127536773681641e-01,5.561848729848861694e-02,-3.381843911483883858e-03,1.913889199495315552e-01,1.292146835476160049e-02,-1.207864582538604736e-01,-5.183428898453712463e-02,-1.317663788795471191e-01,-3.380717933177947998e-01,2.674138247966766357e-01,1.123680248856544495e-01,4.313974827527999878e-02,3.447803556919097900e-01,2.717822492122650146e-01,-5.327398329973220825e-02,3.266149014234542847e-02,4.122439920902252197e-01,-5.292097479104995728e-02,5.944691300392150879e-01,2.805964350700378418e-01,1.263994276523590088e-01,-2.693151533603668213e-01,1.436143666505813599e-01,-1.637823432683944702e-01,-1.435136944055557251e-01,5.172359347343444824e-01,-2.097877115011215210e-01,-3.660267293453216553e-01,5.969849228858947754e-02,2.591169439256191254e-02,3.522184789180755615e-01,7.135357707738876343e-02,-1.894338279962539673e-01,5.235128849744796753e-02,3.332271873950958252e-01,-3.605638742446899414e-01,-3.140121102333068848e-01,-2.051428109407424927e-01,5.802269577980041504e-01,5.147312209010124207e-02,-1.197503656148910522e-01,-3.577279150485992432e-01,3.134316802024841309e-01,2.175246551632881165e-02,1.495578587055206299e-01,-5.809634923934936523e-02,7.321827113628387451e-02,-1.131211444735527039e-01,5.221731662750244141e-01,-2.063985168933868408e-01,2.892620861530303955e-01,1.631613634526729584e-02,-4.403569549322128296e-02,5.318251848220825195e-01,2.017152160406112671e-01,-2.771562337875366211e-01,2.270184904336929321e-01,-1.991903632879257202e-01,-3.363571166992187500e-01,6.630736589431762695e-01,3.711095452308654785e-01,1.277356445789337158e-01,7.183921523392200470e-03,-1.781193912029266357e-01,5.451640114188194275e-02,5.306136608123779297e-01,3.407610356807708740e-01,1.588560342788696289e-01,-4.351690039038658142e-02,-2.501128315925598145e-01,1.194699630141258240e-01,-4.900596439838409424e-01,-3.403492867946624756e-01,9.580955654382705688e-02,2.005609720945358276e-01,1.920925527811050415e-01,1.498639285564422607e-01,-4.317435026168823242e-01,-2.855229377746582031e-01,3.872850239276885986e-01,-2.553219795227050781e-01,1.787070333957672119e-01,-1.847005933523178101e-01,-1.477675884962081909e-01,3.012809529900550842e-02,7.358419150114059448e-02,-1.514080911874771118e-01,-7.368251681327819824e-02,-7.118193060159683228e-02,-1.718221455812454224e-01,1.587684303522109985e-01,-2.029724866151809692e-01,-1.770683676004409790e-01,1.064670830965042114e-01,1.920087635517120361e-01,4.132933914661407471e-02,1.660946607589721680e-01,9.128857403993606567e-02,-1.645157784223556519e-01,-1.556288301944732666e-01,3.603095561265945435e-02,-3.475096821784973145e-01,-2.346038818359375000e-01,-4.065250456333160400e-01,-6.957766134291887283e-03,-2.669052183628082275e-01,1.529252827167510986e-01,-1.289343684911727905e-01,-1.738494448363780975e-02,-3.879791796207427979e-01,1.308131217956542969e-01,2.152498960494995117e-01,-1.235818397253751755e-02,1.866364032030105591e-01,3.205952048301696777e-01,1.615198515355587006e-02,-2.371340245008468628e-01,2.559327781200408936e-01,2.580657303333282471e-01,-6.010480597615242004e-02,-1.094091087579727173e-01,1.928477436304092407e-01,1.710691899061203003e-01,-3.249556422233581543e-01,2.214297056198120117e-01,9.044469147920608521e-02,1.820748746395111084e-01,2.177888303995132446e-01,1.550113558769226074e-01,-6.120152398943901062e-02,-1.721045374870300293e-01,3.012670576572418213e-01,-2.421778626739978790e-02,-1.875106245279312134e-01,1.173580363392829895e-01,3.014839589595794678e-01,7.423333078622817993e-02,-2.923649251461029053e-01,1.001856196671724319e-02,1.273401379585266113e-01,-3.829374015331268311e-01,2.355129718780517578e-01,-3.034079968929290771e-01,1.945188492536544800e-01,-8.224603533744812012e-02,2.385823056101799011e-02,-8.781293407082557678e-03,-7.377436012029647827e-02,-2.235101312398910522e-01,-2.869607210159301758e-01,-6.067227944731712341e-02,-2.180737555027008057e-01,-4.790523350238800049e-01,3.564566001296043396e-02,-5.704385787248611450e-02,-2.794182598590850830e-01,-1.841329336166381836e-01,-5.469046831130981445e-01,-3.034527897834777832e-01,1.220194995403289795e-01,7.225878071039915085e-03,-1.808649897575378418e-01,4.933454096317291260e-01,-9.944664314389228821e-03,1.404276769608259201e-02,1.208467930555343628e-01,-1.000473350286483765e-01,-5.859951376914978027e-01,2.334316521883010864e-01,4.228045940399169922e-01,-2.252015769481658936e-01,2.817577421665191650e-01,4.464480578899383545e-01,1.957955956459045410e-01,7.232315093278884888e-02,-2.937770187854766846e-01,-4.741613194346427917e-02,7.462183479219675064e-03,3.564701601862907410e-02,-3.719533085823059082e-01,-6.503561139106750488e-02,3.845565319061279297e-01,-2.913688719272613525e-01,-2.247596979141235352e-01,4.029183387756347656e-01,1.051713377237319946e-01,2.740840613842010498e-01,6.274504959583282471e-02,-1.491138041019439697e-01,-2.861399650573730469e-01,-1.736344099044799805e-01,2.522360980510711670e-01,1.937652081251144409e-01,2.908236086368560791e-01,7.510466575622558594e-01,-8.213167078793048859e-03,2.849711179733276367e-01,-3.704835772514343262e-01,-4.585664868354797363e-01,1.290393918752670288e-01,-1.089121401309967041e-01,2.526098191738128662e-01,2.759978473186492920e-01,-3.146646022796630859e-01,1.328455209732055664e-01,4.234392642974853516e-01,-2.897846102714538574e-01,2.207100689411163330e-01,-2.180472016334533691e-02,-3.376527875661849976e-02,1.644053459167480469e-01,1.663963347673416138e-01,4.040590226650238037e-01,-6.498049944639205933e-02,3.366316556930541992e-01,2.252687327563762665e-02,7.856062054634094238e-02,9.247253090143203735e-02,4.643571376800537109e-02,-8.373646438121795654e-02,-1.613828688859939575e-01,-3.769306465983390808e-02,-4.273153841495513916e-02,-6.901296973228454590e-02,-4.194193333387374878e-02,2.223352640867233276e-01,1.512375324964523315e-01,1.211835220456123352e-01,2.496360987424850464e-01,1.544139087200164795e-01,4.323235750198364258e-01,-1.656635552644729614e-01,2.155493646860122681e-01,-3.924152851104736328e-01,2.724592089653015137e-01,9.832791239023208618e-02,-5.767287611961364746e-01,-3.763023391366004944e-02,3.648187518119812012e-01,-8.541762828826904297e-02,-2.703412622213363647e-02,-1.824885010719299316e-01,-1.315626800060272217e-01,-9.086782485246658325e-02,1.246658787131309509e-01,-6.048315390944480896e-02,-5.723076313734054565e-02,1.042224988341331482e-01,6.238793209195137024e-02,-2.403619587421417236e-01,-3.122917115688323975e-01,-2.937111537903547287e-03,2.859112918376922607e-01,3.188144788146018982e-02,-2.731063365936279297e-01,1.280242502689361572e-01,-2.510155737400054932e-01,-1.278214305639266968e-01,1.202400699257850647e-01,-5.418978258967399597e-02,2.050970643758773804e-01,1.708068512380123138e-02,-1.302020400762557983e-01,-5.780918151140213013e-02,3.299087658524513245e-02,-4.225562512874603271e-01,3.274756073951721191e-01,-1.426981538534164429e-01,-3.767338991165161133e-01,-8.275456726551055908e-02,-1.371256113052368164e-01,2.122258581221103668e-02,2.311390936374664307e-01,-5.871210694313049316e-01,4.069299697875976562e-01,-9.639228880405426025e-02,1.885666102170944214e-01,-1.173585802316665649e-01,1.377937346696853638e-01,-1.905282586812973022e-01,-3.726066946983337402e-01,-3.214128687977790833e-02,-1.341376453638076782e-01,5.844326689839363098e-03,6.001736596226692200e-02,1.074387207627296448e-01,3.817102313041687012e-01,-3.491066768765449524e-02,-4.483079314231872559e-01,3.494986146688461304e-02,-3.873406648635864258e-01,2.229925394058227539e-01,-6.641996651887893677e-02,-2.242373824119567871e-01,2.716952189803123474e-02,-5.254825204610824585e-02,-7.131792604923248291e-02,-1.713343709707260132e-01,6.027023494243621826e-02,-8.777491003274917603e-02,1.245779618620872498e-01,-1.204207465052604675e-01,1.821076613850891590e-03,4.991549998521804810e-02,-4.367816150188446045e-01,-4.630099982023239136e-02,3.310047686100006104e-01,8.496437221765518188e-02,4.770978540182113647e-02,-1.018221303820610046e-01,-4.171775579452514648e-01,3.995313048362731934e-01,7.187838852405548096e-02,7.076378911733627319e-02,-1.814636737108230591e-01,-1.475727707147598267e-01,-4.623523354530334473e-01,3.831039369106292725e-01,-1.409903764724731445e-01,4.281059652566909790e-02,1.245120540261268616e-01,1.827607750892639160e-01,3.957760930061340332e-01,-6.964306533336639404e-02,2.718177624046802521e-02,1.991418898105621338e-01,-1.638830872252583504e-03,-8.473297208547592163e-02,-2.273310124874114990e-01,-2.052653282880783081e-01,-1.223300993442535400e-01,-8.434437960386276245e-02,-2.182307094335556030e-01,-1.259092539548873901e-01,3.231730312108993530e-02,1.342591550201177597e-02,2.000068575143814087e-01,2.518009543418884277e-01,-2.397993654012680054e-01,-7.338590174913406372e-02,2.357035316526889801e-02,9.550298564136028290e-03,3.026010096073150635e-01,-3.481055498123168945e-01,2.472213804721832275e-01,-1.636226326227188110e-01,-2.594536244869232178e-01,3.389040380716323853e-02,2.858826220035552979e-01,2.016049027442932129e-01,2.888982295989990234e-01,2.653314769268035889e-01,2.456057630479335785e-02,4.873487353324890137e-01,3.343312442302703857e-02,5.529339425265789032e-03,-3.830735981464385986e-01,4.130282104015350342e-01,4.109817445278167725e-01,-2.554961293935775757e-02,-2.793173789978027344e-01,-4.127853512763977051e-01,1.797049641609191895e-01,-5.001319646835327148e-01,-1.726597249507904053e-01,-9.319341741502285004e-03,-6.484793871641159058e-02,-5.160919427871704102e-01,-4.248173236846923828e-01,-1.072444021701812744e-01,1.775431334972381592e-01,-2.687169313430786133e-01,1.375224590301513672e-01,-2.901335358619689941e-01,-5.746424794197082520e-01,-4.406370222568511963e-01,2.590689063072204590e-02,1.992492005228996277e-02,-1.308802366256713867e-01,1.444388926029205322e-02,1.824659667909145355e-02,1.856549531221389771e-01,-6.926232576370239258e-02,8.571423590183258057e-02,5.720819160342216492e-02,-2.627541422843933105e-01,-5.347585082054138184e-01,-2.073651999235153198e-01,-2.934258282184600830e-01,-2.768149673938751221e-01,2.037590136751532555e-03,-3.354047611355781555e-02,-3.133434951305389404e-01,1.501552462577819824e-01,-5.762329101562500000e-01,2.620026096701622009e-02,-4.314833879470825195e-01,2.226015031337738037e-01,1.382483392953872681e-01,4.009397327899932861e-01,-5.206546932458877563e-02,5.083120465278625488e-01,-8.397237956523895264e-02,1.555407047271728516e-01,-3.310446143150329590e-01,-9.182101488113403320e-02,7.438097894191741943e-02,1.741009801626205444e-01,-4.802277088165283203e-01,4.265663921833038330e-01,1.770833879709243774e-01,2.573553323745727539e-01,-1.557744592428207397e-01,9.634780883789062500e-02,-8.355046063661575317e-02,4.667665064334869385e-02,1.415672004222869873e-01,1.173512935638427734e-01,-3.840096890926361084e-01,-8.350715041160583496e-02,-3.358309864997863770e-01,5.367488265037536621e-01,2.607987821102142334e-01,-2.265989482402801514e-01,4.008114933967590332e-01,4.104933142662048340e-01,2.373466044664382935e-01,-2.144285291433334351e-01,-2.120499499142169952e-02,-1.931952983140945435e-01,4.455824196338653564e-02,-7.562503963708877563e-02,1.800266206264495850e-01,-6.023717671632766724e-02,1.732082068920135498e-01,-9.313710033893585205e-02,-5.507566332817077637e-01,-1.623785048723220825e-01,-2.902554869651794434e-01,-4.891962409019470215e-01,1.666714549064636230e-01,-4.076655805110931396e-01,2.916150726377964020e-02,2.593145370483398438e-01,3.750170469284057617e-01,-6.936789304018020630e-02,-2.205076515674591064e-01,-3.475157544016838074e-02,-2.838746607303619385e-01,2.327753007411956787e-01,-4.242970645427703857e-01,1.689129918813705444e-01,2.160171121358871460e-01,-2.512375414371490479e-01,-3.911934196949005127e-01,4.005341529846191406e-01,1.954491622745990753e-02,-2.605279684066772461e-01,-3.655313551425933838e-01,3.702186346054077148e-01,-2.585414946079254150e-01,-8.868824690580368042e-02,-2.379405498504638672e-01,1.425793766975402832e-01,-7.357653975486755371e-02,-3.297515511512756348e-01,-2.315296232700347900e-01,-4.430699944496154785e-01,1.457849144935607910e-01,1.755979657173156738e-01,4.326358065009117126e-02,3.455811366438865662e-02,2.982067130506038666e-02,-2.649025022983551025e-01,1.165073215961456299e-01,-4.697140753269195557e-01,-3.589003682136535645e-01,-1.704089939594268799e-01,6.849904656410217285e-01,-1.380258947610855103e-01,2.013782262802124023e-01,2.491358816623687744e-01,-3.816629946231842041e-01,3.258212003856897354e-03,-8.677749335765838623e-02,-1.713317185640335083e-01,-1.399131398648023605e-02,3.193136537447571754e-03,-7.076744735240936279e-02,2.430507689714431763e-01,5.974971130490303040e-02,5.109162330627441406e-01,8.298045955598354340e-03,-6.055792048573493958e-02,-5.323162078857421875e-01,-2.103075012564659119e-02,1.786329001188278198e-01,-3.423597812652587891e-01,1.310850977897644043e-01,7.722783088684082031e-02,-1.023354604840278625e-01,5.344972014427185059e-02,-5.334457010030746460e-02,-3.024044334888458252e-01,-1.431652456521987915e-01,3.296200037002563477e-01,2.123665511608123779e-01,5.486311018466949463e-02,4.260424524545669556e-02,-2.709270715713500977e-01,2.734543383121490479e-01,1.850871741771697998e-01,1.373119056224822998e-01,-2.429066412150859833e-02,-9.653602540493011475e-02,-3.929759189486503601e-02,-4.471953585743904114e-02,-1.136003360152244568e-01,-1.899393796920776367e-01,3.319268822669982910e-01,-1.263519972562789917e-01,-4.651438295841217041e-01,-1.435893028974533081e-01,9.879016131162643433e-02,-1.158348657190799713e-02,7.614785432815551758e-02,2.116419374942779541e-01,1.153839603066444397e-01,9.527152404189109802e-03,1.866973936557769775e-01,-1.238883584737777710e-01,1.562532335519790649e-01,1.357948184013366699e-01,1.129681915044784546e-01,2.987616956233978271e-01,1.111726388335227966e-01,1.944586336612701416e-01,1.340239197015762329e-01,-2.893575429916381836e-01,2.965355217456817627e-01,-5.462381243705749512e-01,9.708412736654281616e-02,1.101494058966636658e-01,8.006668090820312500e-02,-3.794510662555694580e-01,-2.263407260179519653e-01,-1.097258552908897400e-01,3.023118674755096436e-01,4.376403242349624634e-02,3.448313102126121521e-02,-8.192075788974761963e-02,2.884498834609985352e-01,4.378892779350280762e-01,-1.160828843712806702e-01,4.972472414374351501e-02,1.960799545049667358e-01,3.604558408260345459e-01,-1.513716280460357666e-01,-1.802620738744735718e-01,-3.924618959426879883e-01,2.772535085678100586e-01,1.859966367483139038e-01,1.950407624244689941e-01,3.038761913776397705e-01,4.725851714611053467e-01,-2.239568531513214111e-01,2.715543210506439209e-01,-2.324805557727813721e-01,-1.727986633777618408e-01,-1.547553092241287231e-01,-1.836378709413111210e-03,-3.725965321063995361e-01,1.862967759370803833e-01,-1.622739285230636597e-01,-1.760305017232894897e-01,-1.976380050182342529e-01,-2.351894825696945190e-01,3.038727343082427979e-01,-6.955935955047607422e-01,-1.180624291300773621e-01,8.955436944961547852e-02,-1.718799918889999390e-01,-2.310620620846748352e-02,-1.680404841899871826e-01,3.466417267918586731e-02,6.641972064971923828e-02,1.552245318889617920e-01,-3.948634490370750427e-02,-2.175435237586498260e-02,2.886868454515933990e-02,-1.340649724006652832e-01,3.716949522495269775e-01,-1.980244815349578857e-01,-1.841200143098831177e-01,3.044728338718414307e-01,-1.940617561340332031e-01,-1.528771221637725830e-01,4.084252715110778809e-01,-1.270220875740051270e-01,1.380075365304946899e-01,2.794042788445949554e-02,-2.832225263118743896e-01,3.508333265781402588e-01,-1.071554869413375854e-01,-3.095807135105133057e-01,1.250677704811096191e-01,-1.501530557870864868e-01,1.017945185303688049e-01,-1.222829446196556091e-01,-1.076867207884788513e-01,-5.175887942314147949e-01,-3.731274902820587158e-01
5.493301898241043091e-03,9.302385151386260986e-02,-3.427079021930694580e-01,1.115171462297439575e-01,-1.024195030331611633e-01,-1.528159081935882568e-01,1.525099873542785645e-01,1.911824755370616913e-02,5.797835066914558411e-03,1.967069208621978760e-01,-1.624984443187713623e-01,-1.403247863054275513e-01,1.705164909362792969e-01,6.127035990357398987e-02,4.936587437987327576e-02,-6.144814938306808472e-02,2.054735124111175537e-01,3.833355009555816650e-01,4.053052663803100586e-01,-7.355313003063201904e-02,-2.357145994901657104e-01,-1.768286228179931641e-01,-2.194556742906570435e-01,-1.517301946878433228e-01,-9.213837236166000366e-02,-2.736316919326782227e-01,3.496776521205902100e-02,1.244789958000183105e-01,-3.141441047191619873e-01,6.213217377662658691e-01,2.492608502507209778e-02,-2.257004827260971069e-01,1.420211642980575562e-01,-3.440049290657043457e-01,-8.096796274185180664e-02,-1.357473880052566528e-01,1.712349802255630493e-01,2.621086537837982178e-01,5.388100445270538330e-02,-1.623142138123512268e-02,-4.674224928021430969e-02,-4.191961884498596191e-01,-3.754801154136657715e-01,-3.290214017033576965e-02,1.633732765913009644e-01,-1.351333111524581909e-01,-5.840012058615684509e-02,-3.417318463325500488e-01,2.508728802204132080e-01,-6.478139758110046387e-02,-2.458473294973373413e-01,-3.137031495571136475e-01,1.782034933567047119e-01,-4.375859722495079041e-02,1.156564652919769287e-01,-7.417599856853485107e-02,-5.456046387553215027e-02,3.255207538604736328e-01,1.262960582971572876e-01,9.539388865232467651e-02,-2.436138242483139038e-01,-8.476994000375270844e-03,6.088235378265380859e-01,1.570909470319747925e-01,1.959889233112335205e-01,2.041444778442382812e-01,-9.417987614870071411e-02,-1.549619734287261963e-01,1.975586712360382080e-01,1.704315394163131714e-01,2.591001391410827637e-01,-6.539523601531982422e-02,-1.753186583518981934e-01,-2.625031769275665283e-01,-1.209435537457466125e-01,-1.629018187522888184e-01,-1.525751687586307526e-02,-2.367128729820251465e-01,1.817220151424407959e-01,2.611918374896049500e-02,-3.264016211032867432e-01,-2.607328295707702637e-01,6.446360051631927490e-02,-5.504937842488288879e-02,-2.018542885780334473e-01,-8.400076627731323242e-02,3.495635986328125000e-01,5.050674080848693848e-02,4.152674376964569092e-01,1.456011086702346802e-01,-3.856963813304901123e-01,5.051203370094299316e-01,1.610610485076904297e-01,-2.148594856262207031e-01,-3.043059110641479492e-01,2.600809931755065918e-01,-3.298190236091613770e-01,2.714164257049560547e-01,-4.456628561019897461e-01,-2.955785691738128662e-01,1.333183646202087402e-01,-4.281600713729858398e-01,1.889131367206573486e-01,-9.455804526805877686e-02,-8.842685073614120483e-02,-1.760534048080444336e-01,8.621933870017528534e-03,3.515233099460601807e-01,-6.667312234640121460e-02,-2.097768634557723999e-01,2.234780490398406982e-01,8.492923527956008911e-02,1.930969059467315674e-01,2.298517972230911255e-01,7.533697411417961121e-03,-1.874469369649887085e-01,-3.191219270229339600e-01,-1.110548526048660278e-01,1.320445537567138672e-01,4.906987771391868591e-02,-3.550570905208587646e-01,-3.120491206645965576e-01,2.700534164905548096e-01,-1.115311682224273682e-01,1.403788030147552490e-01,1.051438674330711365e-01,-7.956586033105850220e-02,-2.558732032775878906e-01,2.907225787639617920e-01,-1.258098930120468140e-01,1.175218373537063599e-01,-1.159678176045417786e-01,2.543319761753082275e-01,1.470309197902679443e-01,2.512410879135131836e-01,-1.263246089220046997e-01,-9.333530068397521973e-02,3.121751546859741211e-02,-4.221783280372619629e-01,-3.466641008853912354e-01,1.502998918294906616e-01,2.716808021068572998e-01,1.157016865909099579e-02,-3.408785462379455566e-01,1.090473830699920654e-01,9.394617378711700439e-02,2.440527975559234619e-01,-1.779900342226028442e-01,-3.073743358254432678e-02,-1.810141950845718384e-01,3.704300522804260254e-01,-5.402278900146484375e-02,2.251112908124923706e-01,-4.586902260780334473e-01,-7.575751096010208130e-02,-3.155228495597839355e-01,-2.368732988834381104e-01,9.910426288843154907e-02,4.679168760776519775e-01,-1.162080764770507812e-01,-8.629237115383148193e-02,-2.010726183652877808e-01,-1.141121238470077515e-01,-6.820477545261383057e-02,-1.910827159881591797e-01,1.586908400058746338e-01,-1.981934905052185059e-01,-9.446445852518081665e-02,3.279516939073801041e-03,-9.502240270376205444e-02,3.250905871391296387e-01,8.326391875743865967e-02,3.680443763732910156e-02,1.502918638288974762e-02,-3.935719374567270279e-03,-3.432027697563171387e-01,-1.899387538433074951e-01,5.441309884190559387e-02,-1.273485422134399414e-01,2.360520139336585999e-02,-1.179401278495788574e-01,-6.851688027381896973e-02,-8.437627553939819336e-02,6.999814510345458984e-02,-5.896572023630142212e-02,-9.917180985212326050e-02,2.117817103862762451e-01,-2.280307859182357788e-01,-2.321742027997970581e-01,-1.159865707159042358e-01,1.156039834022521973e-01,3.681131899356842041e-01,-5.655394867062568665e-02,3.646676838397979736e-01,-4.326425790786743164e-01,-2.117733098566532135e-02,1.216619238257408142e-01,-5.660324357450008392e-03,-3.867396712303161621e-01,-3.140765726566314697e-01,3.167405128479003906e-01,1.045664474368095398e-01,-1.413275003433227539e-01,-1.419658660888671875e-01,-2.058331072330474854e-01,-2.240591496229171753e-01,1.885762438178062439e-02,-2.400433123111724854e-01,1.642896533012390137e-01,4.930032044649124146e-02,-3.407772257924079895e-02,5.860601365566253662e-02,-3.341586887836456299e-01,-6.111590657383203506e-03,-2.357268780469894409e-01,-7.840919494628906250e-02,-3.735436201095581055e-01,-1.502361595630645752e-01,-1.710048690438270569e-02,-9.915312379598617554e-02,-1.546967122703790665e-02,3.822479024529457092e-02,-6.276344507932662964e-02,-5.784216336905956268e-03,1.968864947557449341e-01,-2.707270681858062744e-01,2.373797297477722168e-01,-7.207951694726943970e-02,-1.575324535369873047e-01,-2.418578863143920898e-01,-2.281466275453567505e-01,-6.351704150438308716e-02,1.848926842212677002e-01,3.708985447883605957e-01,2.266150116920471191e-01,1.449164152145385742e-01,-4.205826520919799805e-01,1.920053213834762573e-01,-1.925145536661148071e-01,-1.712082326412200928e-01,1.056297868490219116e-01,1.728365942835807800e-02,1.080733835697174072e-01,2.265868149697780609e-02,3.501103520393371582e-01,-7.469140738248825073e-02,3.879624903202056885e-01,1.627259105443954468e-01,2.474528849124908447e-01,-7.608736306428909302e-02,2.808408737182617188e-01,3.854881525039672852e-01,5.309921875596046448e-02,-4.067083597183227539e-01,1.218302771449089050e-01,-2.049217671155929565e-01,1.046728193759918213e-01,2.050880044698715210e-01,6.600630283355712891e-02,2.750766873359680176e-01,-1.470646858215332031e-01,4.153070226311683655e-02,-2.000416517257690430e-01,-1.304715871810913086e-01,-4.802961274981498718e-02,4.016920030117034912e-01,-1.345022916793823242e-01,-6.228069961071014404e-02,-1.511999815702438354e-01,-1.236562952399253845e-01,-1.325930505990982056e-01,1.738142669200897217e-01,-5.830251574516296387e-01,1.255036741495132446e-01,1.898563951253890991e-01,-4.466339945793151855e-01,-9.542249888181686401e-02,-2.442316710948944092e-01,-1.896694004535675049e-01,2.011503726243972778e-01,1.222450658679008484e-01,-1.347046643495559692e-01,-2.007530182600021362e-01,-2.639930844306945801e-01,-1.281207147985696793e-02,3.105816245079040527e-01,-1.863383352756500244e-01,-5.136941745877265930e-02,-3.150416538119316101e-02,8.045339584350585938e-02,8.438365161418914795e-02,4.192145168781280518e-01,3.482418060302734375e-01,2.348739206790924072e-01,1.673894822597503662e-01,-1.837521493434906006e-01,-2.002115547657012939e-01,8.079083263874053955e-02,1.060017645359039307e-01,3.711646795272827148e-02,-5.536891147494316101e-02,1.305840350687503815e-02,-1.112009435892105103e-01,-1.982180634513497353e-03,1.343525946140289307e-01,7.414323091506958008e-02,-3.292158991098403931e-02,-4.077825248241424561e-01,-8.926007896661758423e-02,-4.059617817401885986e-01,-3.441930711269378662e-01,1.354862302541732788e-01,2.138925641775131226e-01,1.201582103967666626e-01,4.208859801292419434e-01,1.962142437696456909e-01,-2.505899071693420410e-01,2.968668565154075623e-02,-2.024556100368499756e-01,2.672673165798187256e-01,-2.412161678075790405e-01,2.477216534316539764e-02,4.396915733814239502e-01,2.040539234876632690e-01,-1.562943756580352783e-01,1.429766695946455002e-02,1.221635788679122925e-01,-4.272327423095703125e-01,-5.692251026630401611e-02,2.660983800888061523e-01,3.160374164581298828e-01,-7.448555529117584229e-02,4.633720219135284424e-02,-5.967432260513305664e-01,-7.200033962726593018e-02,1.454219818115234375e-01,8.081599138677120209e-03,-3.295520246028900146e-01,-7.544897031038999557e-03,-2.332240492105484009e-01,-2.081355005502700806e-01,3.775496780872344971e-02,1.138658747076988220e-01,1.505543142557144165e-01,4.306313022971153259e-02,1.726138889789581299e-01,2.610318958759307861e-01,-1.608973145484924316e-01,-3.193789422512054443e-01,-2.303436100482940674e-01,4.170593023300170898e-01,8.871653117239475250e-03,-3.813101053237915039e-01,1.669652014970779419e-01,-1.227731555700302124e-01,-1.515595242381095886e-02,-1.635823100805282593e-01,-1.007158234715461731e-01,-7.413945198059082031e-01,4.564602300524711609e-02,-3.022538311779499054e-02,7.545379549264907837e-02,1.828867942094802856e-01,-8.817540109157562256e-02,-4.307480901479721069e-02,-1.683849245309829712e-01,4.658276140689849854e-01,-1.076038703322410583e-01,2.334462106227874756e-01,-1.365487370640039444e-02,-2.367828488349914551e-01,5.337082780897617340e-03,-2.333025485277175903e-01,-1.537877321243286133e-01,7.075964659452438354e-02,2.964381314814090729e-02,1.909433603286743164e-01,4.210224375128746033e-02,5.111151337623596191e-01,1.177700310945510864e-01,3.821481764316558838e-01,4.939810633659362793e-01,-1.439308822154998779e-01,5.289117619395256042e-02,-1.894948184490203857e-01,-2.340752817690372467e-02,6.999991089105606079e-02,3.050130903720855713e-01,3.587917611002922058e-02,6.617304682731628418e-02,-1.975701190531253815e-02,-6.192734837532043457e-02,1.071299016475677490e-01,9.247127175331115723e-02,-1.868444532155990601e-01,-6.660617887973785400e-02,2.179345637559890747e-01,3.555513545870780945e-02,-1.695406734943389893e-01,3.683553636074066162e-01,-3.682723045349121094e-01,3.340555727481842041e-01,8.437876403331756592e-02,1.529613435268402100e-01,-1.360061168670654297e-01,-9.443685412406921387e-02,1.974039375782012939e-01,-1.679388247430324554e-02,-3.723757863044738770e-01,1.304382979869842529e-01,2.197367697954177856e-01,2.201519012451171875e-01,1.300988495349884033e-01,-6.965785473585128784e-02,-8.412945270538330078e-02,-8.622097969055175781e-02,-8.875130861997604370e-02,1.609836518764495850e-01,4.344466328620910645e-01,2.873588204383850098e-01,-2.990971505641937256e-02,2.364493012428283691e-01,-2.490843385457992554e-01,1.217659190297126770e-01,7.138138264417648315e-02,-6.598875671625137329e-02,9.436886757612228394e-02,2.498537153005599976e-01,-6.219924613833427429e-02,-6.441298127174377441e-02,-1.531523913145065308e-01,-3.024831414222717285e-01,2.963073365390300751e-02,-3.003038233146071434e-03,-4.619656503200531006e-02,-2.380585074424743652e-01,-1.554588377475738525e-01,-1.246715486049652100e-01,-3.768139779567718506e-01,2.821784019470214844e-01,3.324220702052116394e-02,7.020470499992370605e-02,-1.855401098728179932e-01,3.295047581195831299e-01,3.255612552165985107e-01,3.747064769268035889e-01,-1.606669872999191284e-01,3.720504343509674072e-01,1.331369578838348389e-01,-2.324913740158081055e-01,-2.350410521030426025e-01,8.859980851411819458e-02,2.746840119361877441e-01,4.034565985202789307e-01,1.712891757488250732e-01,-1.548676937818527222e-01,4.350357949733734131e-01,-1.914284564554691315e-02,1.951598227024078369e-01,-8.705738931894302368e-03,6.253191083669662476e-02,3.020425559952855110e-03,-5.881857872009277344e-02,1.391521990299224854e-01,-9.102082997560501099e-02,2.661368250846862793e-01,2.380442917346954346e-01,1.530311703681945801e-01,-2.792736589908599854e-01,2.966621816158294678e-01,1.858426034450531006e-01,-1.822789758443832397e-01,1.335370093584060669e-01,2.550675272941589355e-01,-1.754585206508636475e-01,-4.000040143728256226e-02,-9.968172013759613037e-02,-2.279072627425193787e-02,1.078382134437561035e-02,-2.163759618997573853e-01,5.880597606301307678e-02,-1.750327944755554199e-01,5.265443399548530579e-02,1.553419679403305054e-01,-3.420674055814743042e-02,-3.092219233512878418e-01,3.343149125576019287e-01,-2.777677774429321289e-01,-5.500783920288085938e-01,-4.750528931617736816e-01,-3.518195748329162598e-01,4.299146533012390137e-01,-1.284101903438568115e-01,-1.772563010454177856e-01,7.011104375123977661e-03,7.553233951330184937e-02,-2.284200191497802734e-01,-2.225105417892336845e-03,1.355030834674835205e-01,1.094554364681243896e-01,9.258866310119628906e-02,2.994675934314727783e-01,-1.941505819559097290e-01,2.001676708459854126e-01,-1.947339773178100586e-01,-1.749627739191055298e-01,1.025956198573112488e-01,-2.293026000261306763e-01,1.296887993812561035e-01,2.778791785240173340e-01,1.124525293707847595e-01,-3.070539534091949463e-01,-1.515976786613464355e-01,3.683338761329650879e-01,8.496884256601333618e-02,4.807813465595245361e-02,-2.679880559444427490e-01,2.684275060892105103e-02,-6.981301307678222656e-02,8.642265945672988892e-02,5.268862005323171616e-04,4.248166978359222412e-01,2.497172206640243530e-01,-1.301479488611221313e-01,-2.587763965129852295e-01,-8.272722363471984863e-02,4.812667369842529297e-01,-3.409304916858673096e-01,2.510861456394195557e-01,8.466473664157092571e-04,-2.404798865318298340e-01,-8.808664977550506592e-02,1.762032210826873779e-01,1.876306086778640747e-01,2.199001163244247437e-01,-7.855733484029769897e-02,4.527836143970489502e-01,-1.635753363370895386e-01,-4.733075574040412903e-02,1.512850970029830933e-01,-1.637240350246429443e-01,5.836280807852745056e-02,-4.386175796389579773e-02,9.582590311765670776e-02,-2.821390517055988312e-03,1.399287730455398560e-01,1.052421256899833679e-01,1.222235187888145447e-01,-1.699371188879013062e-01,-2.662764117121696472e-02,2.834317088127136230e-01,3.745687305927276611e-01,2.712769806385040283e-01,4.483016729354858398e-01,1.867229789495468140e-01,-2.821877002716064453e-01,-1.637169122695922852e-01,-2.328767776489257812e-01,-5.694732069969177246e-03,3.640840575098991394e-02,1.695720255374908447e-01,-6.162315257824957371e-04,-3.161092698574066162e-01,-1.915679574012756348e-01,7.810609787702560425e-02,1.648454926908016205e-02,-4.726784676313400269e-02,3.087348159169778228e-05,-2.670886227861046791e-03,-5.213542655110359192e-02,-4.486812353134155273e-01,8.074427023530006409e-03,3.362101912498474121e-01,-1.827305257320404053e-01,-3.211701288819313049e-02,-7.647795230150222778e-02,-1.949696540832519531e-01,2.557055950164794922e-01,2.873373031616210938e-02,-1.894743144512176514e-01,-2.888522148132324219e-01,1.525678932666778564e-01,-7.410706579685211182e-02,1.512907445430755615e-01,-2.383068203926086426e-01,3.023476004600524902e-01,-4.165217280387878418e-01,3.503391444683074951e-01,-5.796248838305473328e-02,-3.257810175418853760e-01,-3.776620328426361084e-01,2.744871675968170166e-01,6.861595064401626587e-02,2.315810136497020721e-02,-1.506754010915756226e-01,2.076957076787948608e-01,-1.846812665462493896e-01,-1.813614368438720703e-01,9.843782335519790649e-02,-1.400044411420822144e-01,-3.689907789230346680e-01,7.560699433088302612e-02,-1.447101831436157227e-01,2.447537928819656372e-01,1.215433776378631592e-01,1.581770740449428558e-02,-2.792175114154815674e-01,-1.187821850180625916e-01,-1.524863392114639282e-01,1.538828760385513306e-01,6.341926008462905884e-02,9.200973063707351685e-02,6.911519449204206467e-03,1.216329708695411682e-01,6.266611814498901367e-02,-2.075632810592651367e-01,1.915546059608459473e-01,2.313759177923202515e-02,-4.332510232925415039e-01,-6.892057508230209351e-02,-2.033630162477493286e-01,-2.405411303043365479e-01,-1.239812895655632019e-01,-2.162149548530578613e-01,1.020152270793914795e-01,-2.844532392919063568e-02,-4.981492832303047180e-02,3.150463104248046875e-02,2.690181136131286621e-01,1.035120487213134766e-01,4.021157324314117432e-01,1.557991355657577515e-01,1.054898500442504883e-01,4.644190967082977295e-01,8.173824846744537354e-02,-3.332166969776153564e-01,-4.323499649763107300e-02,2.421683818101882935e-01,-3.508963808417320251e-02,3.319301605224609375e-01,-2.178476937115192413e-02,3.893274366855621338e-01,-1.042418275028467178e-02,2.152262255549430847e-02,9.981426410377025604e-03,5.697046220302581787e-02,-2.331425994634628296e-02,-1.350322663784027100e-01,-1.115392744541168213e-01,-2.601064741611480713e-01,1.117095351219177246e-01,-4.762376844882965088e-02,-3.695168718695640564e-02,-1.043412238359451294e-01,1.123485043644905090e-01,3.590434044599533081e-02,3.209200501441955566e-01,-3.158677220344543457e-01,-1.250086575746536255e-01,1.904464811086654663e-01,-1.634714603424072266e-01,-1.603560596704483032e-01,6.029201671481132507e-03,-1.443191170692443848e-01,-2.583443745970726013e-02,-1.985322535037994385e-01,2.696133591234683990e-02,-3.226059079170227051e-01,-4.276904165744781494e-01,3.116502165794372559e-01,-3.599731922149658203e-01,-3.612676402553915977e-03,1.820058445446193218e-03,1.375413537025451660e-01,3.390524983406066895e-01,7.518016733229160309e-03,-5.550930649042129517e-02,-3.733800649642944336e-01,2.860125601291656494e-01,-3.560007214546203613e-01,-1.044820398092269897e-01,2.831511497497558594e-01,-9.628343395888805389e-03,6.477019935846328735e-02,-1.398947238922119141e-01,1.580092608928680420e-01,-1.378148794174194336e-01,-2.184341996908187866e-01,-1.516746580600738525e-01,8.032380044460296631e-02,-2.594458758831024170e-01,2.671146690845489502e-01,-1.171305924654006958e-01,4.381814599037170410e-01,1.363171637058258057e-01,-6.553493440151214600e-02,8.221226930618286133e-02,-6.467974744737148285e-03,4.834919050335884094e-02,1.547519117593765259e-01,4.496082663536071777e-01,2.675363123416900635e-01,-7.084951549768447876e-02,-1.679417560808360577e-03,-3.367662429809570312e-02,-6.464684754610061646e-02,-1.942389011383056641e-01,-3.583264350891113281e-01,-3.747110664844512939e-01,3.179715946316719055e-02,-6.373255513608455658e-03,1.790919154882431030e-02,-1.770287752151489258e-01,3.041714131832122803e-01,-9.694840013980865479e-02,-3.084768652915954590e-01,-8.923711627721786499e-02,-3.024009466171264648e-01,1.553381886333227158e-02,4.763606488704681396e-01,-4.187670350074768066e-01,-1.741297915577888489e-02,-3.105477392673492432e-01,4.133634567260742188e-01,-1.488799899816513062e-01,3.382973670959472656e-01,2.571796476840972900e-01,2.718106210231781006e-01,3.666217327117919922e-01,2.291717678308486938e-01,2.894039452075958252e-01,-1.947898268699645996e-01,2.103522717952728271e-01,1.180477067828178406e-01,3.006616234779357910e-01,-5.583932623267173767e-03,3.750101327896118164e-01,9.265397489070892334e-02,7.171948254108428955e-02,1.374060660600662231e-01,-6.167956069111824036e-02,-2.551819086074829102e-01,-2.594584412872791290e-02,-3.249689936637878418e-01,3.079167008399963379e-02,1.366218179464340210e-01,4.757954273372888565e-03,-1.050184890627861023e-01,-2.233274132013320923e-01,9.759890288114547729e-02,-1.026058197021484375e-01,7.799879182130098343e-03,7.176571339368820190e-02,6.190255284309387207e-03,-4.683298990130424500e-02,5.913951247930526733e-02,1.844152510166168213e-01,-2.180177420377731323e-01,-2.601668238639831543e-01,-1.741508692502975464e-01,4.519836008548736572e-01,-2.858133018016815186e-01,1.440650820732116699e-01,3.644571900367736816e-01,-1.978710144758224487e-01,2.555900514125823975e-01,-4.269918501377105713e-01,2.091979235410690308e-01
1.938016265630722046e-01,-1.063110530376434326e-01,-1.751634776592254639e-01,9.828162193298339844e-02,1.167394220829010010e-02,-6.281137932091951370e-03,2.675768733024597168e-01,-9.956729412078857422e-02,-4.484708979725837708e-02,-2.032985985279083252e-01,2.919143736362457275e-01,1.400374770164489746e-01,-1.839318871498107910e-01,-1.773615181446075439e-01,2.710073888301849365e-01,2.995928525924682617e-01,-2.401704788208007812e-01,7.353177666664123535e-02,3.999764472246170044e-02,2.102415822446346283e-02,1.598990410566329956e-01,-1.549762934446334839e-01,-7.319389283657073975e-02,-3.987664729356765747e-02,-1.227388083934783936e-01,-1.799150109291076660e-01,-2.185241281986236572e-01,-4.570332914590835571e-02,8.382220566272735596e-02,-3.042830824851989746e-01,1.153147965669631958e-01,1.212222948670387268e-01,-2.754343301057815552e-02,-1.444520894438028336e-02,2.609971165657043457e-01,2.479748576879501343e-01,3.391840681433677673e-02,-6.732004135847091675e-02,-9.588664770126342773e-02,-2.602992057800292969e-01,-7.676633447408676147e-02,1.279124468564987183e-01,1.671726405620574951e-01,-4.185420460999011993e-03,-2.833042740821838379e-01,-8.829237520694732666e-02,1.031488180160522461e-01,-8.625887334346771240e-02,5.395967047661542892e-03,-1.310338526964187622e-01,3.821349889039993286e-02,-1.849295645952224731e-01,-2.373957931995391846e-01,8.254464715719223022e-03,1.051919013261795044e-01,1.249112263321876526e-01,1.479551643133163452e-01,-6.911151111125946045e-02,7.213144749402999878e-02,9.329774230718612671e-02,5.263955332338809967e-03,-3.558761626482009888e-02,6.348738819360733032e-02,5.202214047312736511e-02,-7.790149003267288208e-02,9.873972088098526001e-02,2.565927430987358093e-02,1.347211599349975586e-01,-8.950262516736984253e-02,-1.781974285840988159e-01,1.694254428148269653e-01,8.155010640621185303e-02,-1.593068838119506836e-01,-2.617138624191284180e-02,-2.131472229957580566e-01,-4.202481359243392944e-03,1.735714972019195557e-01,1.985675282776355743e-02,7.414943724870681763e-02,-1.510741859674453735e-01,-1.431536395102739334e-02,-1.727100312709808350e-01,1.086383834481239319e-01,5.068671703338623047e-02,9.485924988985061646e-02,-8.508815616369247437e-02,-1.068144664168357849e-01,-2.318038837984204292e-03,-6.192553788423538208e-02,-6.805939972400665283e-02,6.103524193167686462e-02,5.901676043868064880e-02,-1.132967546582221985e-01,-2.585978507995605469e-01,-1.022489815950393677e-01,2.295905500650405884e-01,1.217188537120819092e-01,1.384740322828292847e-01,-1.724846810102462769e-01,-5.695376917719841003e-02,1.750946938991546631e-01,-5.591346323490142822e-02,-9.709582477807998657e-02,3.941183537244796753e-02,1.294745206832885742e-01,2.073716372251510620e-01,4.805323481559753418e-02,-1.724351663142442703e-03,1.369652450084686279e-01,7.019982486963272095e-02,1.850722283124923706e-01,-1.930266916751861572e-01,-4.513652995228767395e-02,2.170008048415184021e-02,-1.096601411700248718e-02,2.928704954683780670e-02,9.209084324538707733e-03,4.326284676790237427e-02,-5.925932899117469788e-02,-2.460584603250026703e-02,-3.268278762698173523e-02,6.789647787809371948e-02,1.208151131868362427e-01,6.280541419982910156e-02,-7.653642911463975906e-03,-2.123542577028274536e-01,5.739470012485980988e-03,-1.697315126657485962e-01,4.776453226804733276e-02,7.598675042390823364e-02,-3.972481191158294678e-02,-5.968618392944335938e-02,-1.392312049865722656e-01,6.098634004592895508e-02,-1.704940199851989746e-01,1.879708468914031982e-02,1.743128597736358643e-01,1.831310987472534180e-01,2.161942571401596069e-01,1.673706471920013428e-01,1.237817928194999695e-01,-1.364400833845138550e-01,-6.594005040824413300e-03,7.468402385711669922e-02,1.623397171497344971e-01,9.451170265674591064e-02,6.475360691547393799e-02,1.830534338951110840e-01,-1.639706939458847046e-01,-1.721215806901454926e-02,-6.966704502701759338e-03,2.872156202793121338e-01,1.908504813909530640e-01,1.416416615247726440e-01,-2.881765365600585938e-01,-7.150718569755554199e-02,-4.020708426833152771e-02,-7.748869061470031738e-02,-3.164957463741302490e-01,-7.585240993648767471e-03,1.094839423894882202e-01,-1.325383633375167847e-01,1.275603026151657104e-01,1.228822320699691772e-01,9.311503916978836060e-02,7.691372185945510864e-03,7.450714707374572754e-02,2.387307435274124146e-01,-8.680509030818939209e-02,-7.152479141950607300e-02,-1.387696713209152222e-01,-1.126754935830831528e-02,2.545955032110214233e-02,1.346961259841918945e-01,-3.674602508544921875e-02,1.684923321008682251e-01,2.691013552248477936e-02,-2.655572295188903809e-01,-1.750081926584243774e-01,2.809116616845130920e-02,-2.626937814056873322e-02,7.114422321319580078e-02,1.418031603097915649e-01,4.872370138764381409e-02,-9.912392497062683105e-02,2.361691929399967194e-02,-1.136216893792152405e-01,4.116770625114440918e-02,-5.095661804080009460e-02,9.998703002929687500e-02,-1.704897135496139526e-01,9.842802584171295166e-02,1.601033359766006470e-01,1.706231981515884399e-01,-1.814384758472442627e-01,2.320527732372283936e-01,-1.528742015361785889e-01,4.484269395470619202e-02,2.234237343072891235e-01,1.046352013945579529e-01,-1.550683528184890747e-01,-1.405255347490310669e-01,1.775196380913257599e-02,-1.599249988794326782e-01,3.753226995468139648e-02,4.437030106782913208e-02,-4.081122949719429016e-02,4.459143057465553284e-02,7.707794755697250366e-02,9.350030869245529175e-02,-2.146329730749130249e-01,3.509920537471771240e-01,-1.214769482612609863e-01,-3.300010412931442261e-02,-1.265401840209960938e-01,-5.012834444642066956e-02,9.454628825187683105e-02,8.935140818357467651e-02,-2.308567985892295837e-02,-1.104596704244613647e-01,4.168950021266937256e-02,-1.762461960315704346e-01,2.017981112003326416e-01,1.206977944821119308e-02,1.761374771595001221e-01,-1.029299572110176086e-01,9.069859236478805542e-02,5.135183036327362061e-02,-2.386003173887729645e-02,-7.360044866800308228e-02,-1.033199280500411987e-01,7.409857213497161865e-02,-2.758218348026275635e-01,1.027935519814491272e-01,1.603101938962936401e-01,-1.064454838633537292e-01,-2.408539354801177979e-01,-1.725715398788452148e-02,8.527399599552154541e-02,-2.445192076265811920e-02,7.121043652296066284e-02,-1.094834059476852417e-01,1.375660151243209839e-01,-1.830810010433197021e-01,-1.855254769325256348e-01,-2.908754944801330566e-01,-2.461013197898864746e-01,8.127629011869430542e-02,3.230389952659606934e-02,-2.125033587217330933e-01,-1.242876872420310974e-01,-1.574787646532058716e-01,1.260533183813095093e-01,4.982053488492965698e-02,-5.921635776758193970e-02,-2.592271938920021057e-02,1.333911269903182983e-01,-2.847980558872222900e-01,4.058410227298736572e-02,3.166602179408073425e-02,1.767627708613872528e-02,-8.230922371149063110e-02,8.193702995777130127e-02,6.238556280732154846e-02,4.361319914460182190e-02,-2.069458365440368652e-01,-9.391428530216217041e-02,3.740031719207763672e-01,-1.493617296218872070e-01,-1.003054622560739517e-02,-3.450799360871315002e-02,1.904592365026473999e-01,3.901971131563186646e-02,1.340776309370994568e-02,9.459882974624633789e-02,-1.385278701782226562e-01,-1.007172688841819763e-01,7.374942302703857422e-02,-1.195829808712005615e-01,-7.793071120977401733e-02,-1.284117847681045532e-01,2.620639503002166748e-01,2.671817839145660400e-01,-2.511193752288818359e-01,-1.518859416246414185e-01,-8.498092740774154663e-02,-1.138211637735366821e-01,5.333047732710838318e-02,1.386045515537261963e-01,7.263951748609542847e-02,1.528389304876327515e-01,2.089540287852287292e-02,-1.665567606687545776e-01,9.691984951496124268e-02,-7.699251174926757812e-02,-1.844553649425506592e-01,1.748009622097015381e-01,-1.225140988826751709e-01,8.686235174536705017e-03,8.164875209331512451e-02,5.490343645215034485e-02,-1.132421717047691345e-01,1.458529233932495117e-01,-2.097962796688079834e-02,-4.531504586338996887e-02,2.933235466480255127e-01,-4.176447913050651550e-02,9.965521842241287231e-02,1.033459324389696121e-02,2.792086005210876465e-01,4.330526664853096008e-02,-1.040812283754348755e-01,-8.541841804981231689e-02,-2.789725065231323242e-01,-8.031252026557922363e-02,-3.042522966861724854e-01,1.520989090204238892e-01,-2.399962954223155975e-02,1.697095185518264771e-01,-9.197895973920822144e-02,2.617262601852416992e-01,-1.036909371614456177e-01,-9.432251006364822388e-02,2.212378233671188354e-01,-1.271100938320159912e-01,-1.799774169921875000e-01,7.288271933794021606e-02,1.345891412347555161e-02,2.652187049388885498e-01,1.175604388117790222e-01,5.399116128683090210e-02,-6.189056113362312317e-02,-2.406720444560050964e-02,-1.577575802803039551e-01,-6.426668912172317505e-02,-3.447605669498443604e-02,-4.578983411192893982e-02,-4.022673889994621277e-02,-4.738375544548034668e-02,2.470415234565734863e-01,2.372617125511169434e-01,3.627580776810646057e-02,1.268666833639144897e-01,-6.656152009963989258e-02,-7.088514417409896851e-02,-2.082576304674148560e-01,8.734861761331558228e-02,-5.125443339347839355e-01,-2.009735256433486938e-01,-4.516026377677917480e-02,2.936427593231201172e-01,-5.185659974813461304e-02,1.478164643049240112e-01,-1.222898885607719421e-01,-2.231619134545326233e-02,-2.447139322757720947e-01,1.939326152205467224e-02,6.031531468033790588e-02,2.344907969236373901e-01,4.376183450222015381e-01,-6.380324065685272217e-02,-8.185089379549026489e-02,-3.561064973473548889e-02,1.739487648010253906e-01,-2.993012070655822754e-01,1.202846467494964600e-01,-1.160721778869628906e-01,-2.248911932110786438e-02,1.072266101837158203e-01,-1.266687363386154175e-02,5.881606042385101318e-02,3.359970077872276306e-02,-3.009653091430664062e-01,6.647109985351562500e-02,-5.258772149682044983e-02,-1.491913795471191406e-01,3.121329545974731445e-01,1.098162978887557983e-01,-2.403604239225387573e-01,-1.240281537175178528e-01,1.021904498338699341e-01,-1.556356158107519150e-02,-8.852183073759078979e-02,-1.713683605194091797e-01,1.277432739734649658e-01,-1.705575287342071533e-01,2.522886916995048523e-02,3.846411779522895813e-02,4.982720315456390381e-02,-1.870915889739990234e-01,-9.388788044452667236e-02,2.091728448867797852e-01,5.793476477265357971e-02,-4.343048036098480225e-01,3.619637107476592064e-03,7.119893282651901245e-02,-3.013094887137413025e-02,9.777025133371353149e-02,1.157646626234054565e-01,1.487026810646057129e-01,6.832025200128555298e-02,5.105636641383171082e-02,5.798323825001716614e-02,1.666901856660842896e-01,5.941632203757762909e-03,1.090515181422233582e-01,-4.586340859532356262e-02,9.191072732210159302e-02,1.868363618850708008e-01,-1.744576543569564819e-01,1.651226282119750977e-01,-3.036266937851905823e-02,-4.762722551822662354e-02,-2.256233841180801392e-01,-1.262469333596527576e-03,-2.686357200145721436e-01,1.305466592311859131e-01,1.538026332855224609e-01,-1.533032767474651337e-02,7.962193340063095093e-02,-4.274708777666091919e-02,-1.515615880489349365e-01,3.721335157752037048e-02,6.469895690679550171e-02,1.007566973567008972e-01,2.278641313314437866e-01,1.225052103400230408e-01,-4.693004861474037170e-02,-2.642548084259033203e-01,3.172493875026702881e-01,3.035405278205871582e-01,4.417168721556663513e-02,-1.587872207164764404e-01,1.324375271797180176e-01,1.124594062566757202e-01,-1.302056014537811279e-01,-1.594190448522567749e-01,1.714578270912170410e-01,2.491682581603527069e-02,1.276521533727645874e-01,-6.759584695100784302e-02,-6.107514724135398865e-02,4.858534038066864014e-02,7.681372761726379395e-02,-1.914964290335774422e-03,1.857125610113143921e-01,4.486352577805519104e-02,8.864058554172515869e-02,2.673010826110839844e-01,-3.765298426151275635e-02,-1.153366118669509888e-01,-1.732784658670425415e-01,-6.451340764760971069e-02,-2.010407671332359314e-02,1.996119171380996704e-01,-4.217019081115722656e-01,3.737949952483177185e-02,-3.325130417943000793e-02,-4.263082444667816162e-01,-6.021720170974731445e-02,1.227958574891090393e-01,-8.726537227630615234e-02,-7.871548086404800415e-02,-5.235674232244491577e-02,-9.408438345417380333e-04,5.632517486810684204e-02,-1.492577493190765381e-01,1.219760775566101074e-01,1.211599409580230713e-01,1.267116144299507141e-02,-1.129842549562454224e-01,-1.561989635229110718e-01,-1.542746573686599731e-01,1.872995793819427490e-01,2.363710701465606689e-01,7.900624722242355347e-02,1.836953759193420410e-01,8.874890208244323730e-02,7.362575083971023560e-02,-1.221065670251846313e-01,-1.041776239871978760e-01,-2.043362706899642944e-01,1.684620231389999390e-02,1.696744561195373535e-02,3.873022645711898804e-02,5.099081993103027344e-02,-1.113698352128267288e-02,-1.662981659173965454e-01,-1.023104637861251831e-01,-2.104478143155574799e-02,-2.540938854217529297e-01,-4.760418459773063660e-02,-5.087935552000999451e-02,-1.409647464752197266e-01,-2.179310657083988190e-03,1.791199594736099243e-01,1.329839080572128296e-01,-9.288688004016876221e-02,1.484982669353485107e-01,3.492362797260284424e-02,-6.150951609015464783e-02,-7.040485739707946777e-02,9.132078289985656738e-02,-5.365955233573913574e-01,1.276066992431879044e-02,7.411841303110122681e-02,-1.295574307441711426e-01,-3.048050701618194580e-01,1.209325045347213745e-01,1.025805622339248657e-02,-3.739172220230102539e-02,-6.759016215801239014e-02,-1.953385025262832642e-01,-4.996161162853240967e-02,-3.097829036414623260e-02,2.840369343757629395e-01,2.324753254652023315e-01,3.925061523914337158e-01,-1.016913503408432007e-01,7.041341159492731094e-03,4.773772507905960083e-02,-8.645983040332794189e-02,2.399989217519760132e-01,2.686198614537715912e-02,-2.241045385599136353e-01,-1.596507132053375244e-01,1.173419225960969925e-02,1.134077087044715881e-01,8.892089128494262695e-02,2.904595434665679932e-01,-2.290895581245422363e-01,-1.275449693202972412e-01,1.035353317856788635e-01,-2.170814201235771179e-02,-5.541203543543815613e-02,2.295805513858795166e-02,2.460262775421142578e-01,1.770292818546295166e-01,-3.590277582406997681e-02,-2.725155353546142578e-01,1.821587979793548584e-01,-7.144760340452194214e-02,-2.177642583847045898e-01,-2.119182609021663666e-02,1.946984827518463135e-01,-1.106560602784156799e-01,-1.403987556695938110e-01,-9.071953594684600830e-02,1.297942250967025757e-01,9.359705448150634766e-02,-3.968411311507225037e-02,8.041513501666486263e-04,-2.475598305463790894e-01,-1.633635908365249634e-02,3.103697486221790314e-02,-1.363079398870468140e-01,-8.857101202011108398e-02,-2.037217020988464355e-01,2.872694982215762138e-03,1.499014254659414291e-02,-1.544235199689865112e-01,3.953886926174163818e-01,7.668007165193557739e-02,1.146779507398605347e-01,-1.515850126743316650e-01,6.809879094362258911e-02,-9.842730313539505005e-02,1.262943595647811890e-01,-1.296533085405826569e-02,2.937906794250011444e-02,-4.462317824363708496e-01,8.968348056077957153e-02,1.457139402627944946e-01,-4.272091388702392578e-01,-2.024091631174087524e-01,8.129683136940002441e-02,-2.648724615573883057e-01,2.804639637470245361e-01,-2.016437007114291191e-03,1.387558579444885254e-01,3.656208887696266174e-02,-1.177482008934020996e-01,-2.862620353698730469e-01,1.985407620668411255e-01,-2.104641199111938477e-01,1.464134901762008667e-01,-7.577530574053525925e-03,1.609603166580200195e-01,-1.608626991510391235e-01,-1.162183731794357300e-01,2.499056607484817505e-01,1.573302894830703735e-01,1.142629459500312805e-01,2.666979469358921051e-02,-1.670308709144592285e-01,2.794553637504577637e-01,3.295165300369262695e-02,8.236797153949737549e-02,-9.122820198535919189e-02,-3.750740364193916321e-02,1.202450320124626160e-01,1.356094330549240112e-01,4.701939225196838379e-02,8.004046231508255005e-02,1.229091435670852661e-01,1.050583571195602417e-01,-2.304256856441497803e-01,5.472514405846595764e-02,-8.626968413591384888e-02,-1.555740833282470703e-01,9.780493378639221191e-02,-1.187699809670448303e-01,1.510770916938781738e-01,-2.484994083642959595e-01,5.484547838568687439e-02,4.347161948680877686e-02,-3.667457029223442078e-02,-3.657332062721252441e-02,9.853492677211761475e-02,3.057194128632545471e-02,1.098173111677169800e-01,-1.788764260709285736e-02,-2.004718407988548279e-03,1.412201225757598877e-01,1.579888463020324707e-01,-3.428154438734054565e-02,4.592768847942352295e-02,1.054820045828819275e-01,-9.174206294119358063e-03,-3.200078755617141724e-02,1.173560097813606262e-01,-3.551213443279266357e-02,1.339127421379089355e-01,5.172995105385780334e-02,8.809041976928710938e-02,-1.883554309606552124e-01,1.496231555938720703e-01,1.738474518060684204e-01,-2.654281854629516602e-01,8.765190839767456055e-02,-1.034812703728675842e-01,-4.240698367357254028e-02,2.114129438996315002e-02,-6.584427505731582642e-02,8.655696362257003784e-02,3.890907019376754761e-02,8.752165362238883972e-03,3.561248481273651123e-01,-2.760873921215534210e-02,-1.742526441812515259e-01,-2.449087500572204590e-01,-4.669582843780517578e-02,1.676909625530242920e-01,1.013231500983238220e-01,1.137485727667808533e-01,-1.552791893482208252e-01,2.104881703853607178e-01,2.241806685924530029e-01,-1.989071965217590332e-01,-4.919231287203729153e-04,-8.026786148548126221e-02,-6.609182804822921753e-02,4.360390454530715942e-02,-2.354506701231002808e-01,-2.130784094333648682e-01,-1.422484815120697021e-01,-7.528860867023468018e-02,8.394878357648849487e-02,6.053352355957031250e-02,1.468068547546863556e-02,1.232613343745470047e-02,1.745536364614963531e-02,-1.978049799799919128e-02,1.386552751064300537e-01,3.227342152968049049e-03,-3.254520893096923828e-01,-2.180435508489608765e-02,1.107550263404846191e-01,-1.382773965597152710e-01,2.717721834778785706e-02,-1.042366959154605865e-02,2.375369658693671227e-03,1.257749367505311966e-02,-8.381900191307067871e-02,-1.965159177780151367e-01,1.464553475379943848e-01,2.353106625378131866e-02,-1.770167425274848938e-02,8.566020429134368896e-02,-6.709445267915725708e-03,-6.297394633293151855e-02,-7.069464027881622314e-02,2.040337175130844116e-01,2.460600584745407104e-01,-4.877562820911407471e-02,-4.574306681752204895e-02,8.905825088731944561e-04,-8.601287752389907837e-02,-1.153465658426284790e-01,2.348345369100570679e-01,1.303059756755828857e-01,-1.077464148402214050e-01,-1.671008318662643433e-01,-2.145901620388031006e-01,-1.280127018690109253e-01,3.653985857963562012e-01,2.258088253438472748e-02,2.292284928262233734e-02,3.140687048435211182e-01,1.051730811595916748e-01,-1.080588810145854950e-02,-2.196821868419647217e-01,1.735627949237823486e-01,-6.677067279815673828e-02,2.553388662636280060e-02,8.349311351776123047e-02,5.572514608502388000e-03,-3.137695416808128357e-02,-6.258545070886611938e-02,-1.477379649877548218e-01,-3.301983773708343506e-01,-3.901885822415351868e-02,-6.251543015241622925e-02,-2.498536705970764160e-01,-1.307798475027084351e-01,1.638436019420623779e-01,-3.397589623928070068e-01,-4.638021066784858704e-02,-3.507368564605712891e-01,1.540390104055404663e-01,3.456223011016845703e-02,3.422128781676292419e-02,4.586225375533103943e-03,1.818429864943027496e-02,-7.457204163074493408e-02,2.812355160713195801e-01,-1.804602146148681641e-01,-7.351280003786087036e-02,-1.161029655486345291e-02,7.112044841051101685e-03,8.951195329427719116e-02,-2.550706267356872559e-02,-2.411304563283920288e-01,4.915812984108924866e-02,-4.235269874334335327e-02,-4.679449647665023804e-02,-3.387156426906585693e-01,1.821887120604515076e-02,8.437111228704452515e-02,-1.620600074529647827e-01,1.000165790319442749e-01,-6.710290908813476562e-02,2.435662001371383667e-01,2.094967849552631378e-02,2.359460443258285522e-01,-8.267005532979965210e-02,-6.625552475452423096e-02,-3.380069881677627563e-02,1.028545126318931580e-01,1.036234423518180847e-01,-7.328017801046371460e-02,-9.964326769113540649e-02,-3.810243308544158936e-02,1.014763787388801575e-01,-8.257998526096343994e-02,3.330671191215515137e-01,1.230465769767761230e-01,-3.536777943372726440e-02
-2.240854799747467041e-01,4.425438866019248962e-02,2.522441744804382324e-02,-1.241839230060577393e-01,1.941661089658737183e-01,2.141499221324920654e-01,2.519995272159576416e-01,-8.403512835502624512e-02,-1.572027951478958130e-01,2.513647377490997314e-01,-1.819986552000045776e-01,2.624327540397644043e-01,5.069200992584228516e-01,-2.788374722003936768e-01,-1.793082654476165771e-01,-2.308776974678039551e-01,2.424326166510581970e-02,8.996094018220901489e-02,1.013828814029693604e-01,2.112445831298828125e-01,1.465437859296798706e-01,4.503830894827842712e-02,-5.651917308568954468e-02,1.291790753602981567e-01,1.668150722980499268e-01,-2.787219882011413574e-01,-5.234017223119735718e-02,-1.040904670953750610e-01,6.674304604530334473e-02,1.190501451492309570e-01,-2.164244800806045532e-01,-3.694620430469512939e-01,-1.365998536348342896e-01,-1.315929740667343140e-01,6.295694410800933838e-02,-1.308305710554122925e-01,1.058830544352531433e-01,-1.132241263985633850e-01,-6.608741730451583862e-02,2.105319499969482422e-01,2.511561214923858643e-01,-2.190534472465515137e-01,1.169289052486419678e-01,1.252166032791137695e-01,3.130742013454437256e-01,-2.976094372570514679e-02,-1.130213215947151184e-01,-7.886310666799545288e-02,3.814003895968198776e-03,3.019999526441097260e-02,1.682283431291580200e-01,6.229895516298711300e-04,7.832903414964675903e-02,3.108123131096363068e-02,1.131448373198509216e-01,-5.017144232988357544e-02,-7.973559945821762085e-02,3.096280694007873535e-01,4.057321697473526001e-02,-1.098230760544538498e-02,5.213140323758125305e-02,-1.952195316553115845e-01,-1.101145297288894653e-01,3.331067562103271484e-01,-5.843089148402214050e-02,-2.957505872473120689e-03,9.524688124656677246e-02,-1.950654536485671997e-01,-1.900861039757728577e-02,-3.377127945423126221e-01,2.670567333698272705e-01,-2.454944886267185211e-02,1.672944575548171997e-01,5.455897748470306396e-02,-9.904583543539047241e-02,-1.592435240745544434e-01,2.506528198719024658e-01,-2.130297422409057617e-01,3.054132163524627686e-01,-1.479107420891523361e-02,-5.073178410530090332e-01,-3.605327382683753967e-02,-9.584166109561920166e-02,3.267835974693298340e-01,1.922445893287658691e-01,-1.271129101514816284e-01,-4.992515966296195984e-02,-2.163127064704895020e-03,2.994948923587799072e-01,-2.560029625892639160e-01,2.437858097255229950e-02,-6.421452760696411133e-02,1.656426116824150085e-02,-1.058131456375122070e-01,-3.337411209940910339e-02,1.334252059459686279e-01,-3.389913216233253479e-02,-1.088472232222557068e-01,2.632435224950313568e-02,9.246345609426498413e-02,-3.334978818893432617e-01,2.159425169229507446e-01,-8.363547921180725098e-02,1.240222081542015076e-01,1.268489658832550049e-01,-2.861155867576599121e-01,-2.176661640405654907e-01,3.571020066738128662e-02,3.978956490755081177e-02,-1.799523830413818359e-01,-1.709127053618431091e-02,1.941106319427490234e-01,2.847838997840881348e-01,1.924823522567749023e-01,4.518257081508636475e-02,3.978513181209564209e-02,-9.644054621458053589e-02,-3.600418195128440857e-02,5.049005150794982910e-02,-7.923086173832416534e-03,-2.661325037479400635e-01,3.793229162693023682e-02,-1.276953518390655518e-01,-2.443506382405757904e-02,1.626490503549575806e-01,1.113476529717445374e-01,-4.082642029970884323e-03,-6.395769864320755005e-02,-1.342002674937248230e-02,4.160698503255844116e-02,3.001747131347656250e-01,-6.104041263461112976e-02,6.185955367982387543e-03,-1.875758320093154907e-01,2.301664836704730988e-02,-6.954959779977798462e-02,-2.442034184932708740e-01,2.600798942148685455e-02,4.370486140251159668e-01,-1.858752220869064331e-01,6.184905767440795898e-02,-4.616477061063051224e-03,-1.963165998458862305e-01,-3.693320155143737793e-01,1.603336259722709656e-02,-2.900084480643272400e-02,1.932081580162048340e-01,-5.662188306450843811e-02,8.967933803796768188e-02,8.486600965261459351e-02,-2.752669155597686768e-01,-2.847238183021545410e-01,-2.694954276084899902e-01,-3.099439851939678192e-02,-2.055713087320327759e-01,1.858978122472763062e-01,-1.854658424854278564e-01,4.731531441211700439e-01,2.734874188899993896e-01,-7.790045440196990967e-02,-8.134206384420394897e-02,-4.928047209978103638e-02,-2.999012768268585205e-01,1.566453650593757629e-02,-2.714288793504238129e-02,3.096610009670257568e-01,-1.552216559648513794e-01,-1.539331977255642414e-03,-1.405505172442644835e-04,8.434652537107467651e-02,1.378116309642791748e-01,-1.428485214710235596e-01,5.215597748756408691e-01,8.566738665103912354e-02,-2.642301619052886963e-01,-2.554232478141784668e-01,-3.371927440166473389e-01,-1.328349411487579346e-01,2.669756710529327393e-01,-6.296449154615402222e-02,-3.034756146371364594e-02,9.433159232139587402e-02,-1.516594644635915756e-02,-1.287876814603805542e-01,-3.134454488754272461e-01,-7.449386175721883774e-03,1.962184756994247437e-01,-8.996184915304183960e-02,9.755066782236099243e-02,-6.014522165060043335e-02,-2.702194750308990479e-01,1.449751853942871094e-01,2.189676910638809204e-01,-8.764398097991943359e-02,2.566132545471191406e-01,-9.553449600934982300e-02,-8.188538998365402222e-02,-1.253450661897659302e-01,4.026916250586509705e-02,-4.412358701229095459e-01,6.240428611636161804e-02,-5.648390948772430420e-02,-7.683650404214859009e-02,-1.300767213106155396e-01,-4.850404858589172363e-01,-3.651833906769752502e-02,2.922239899635314941e-01,-3.386375606060028076e-01,9.861816465854644775e-02,1.002767831087112427e-01,-1.057536378502845764e-01,2.014957927167415619e-02,-2.676796317100524902e-01,3.080052509903907776e-02,3.820798173546791077e-02,1.386567801237106323e-01,2.945065498352050781e-02,1.375215202569961548e-01,2.284675464034080505e-02,-9.049652516841888428e-02,9.349394822493195534e-04,-1.529426872730255127e-01,-9.405121952295303345e-02,-2.916060388088226318e-01,2.005831152200698853e-02,-1.399561762809753418e-01,-2.870705127716064453e-01,-9.094344824552536011e-02,-1.465812176465988159e-01,-1.344950646162033081e-01,-3.126479089260101318e-01,7.024936378002166748e-02,-9.600543230772018433e-02,1.047611236572265625e-01,7.752946764230728149e-02,1.180199682712554932e-01,1.289178133010864258e-01,1.900644451379776001e-01,1.106881052255630493e-01,-1.884554326534271240e-01,9.142001159489154816e-03,3.784841671586036682e-02,6.526639312505722046e-02,-1.005113124847412109e-01,-1.310491114854812622e-01,-2.409214377403259277e-01,8.869694173336029053e-02,5.033422634005546570e-02,-1.730465888977050781e-01,-2.361014932394027710e-01,-1.200572922825813293e-01,-1.901078075170516968e-01,-8.668280392885208130e-02,9.863680601119995117e-02,1.279645711183547974e-01,-1.932519823312759399e-01,8.264917880296707153e-02,3.379527330398559570e-01,-8.027864992618560791e-02,4.535827413201332092e-02,-3.778738668188452721e-03,-1.984408795833587646e-01,-8.184894919395446777e-02,9.814275056123733521e-02,2.470414638519287109e-01,3.703221678733825684e-02,3.147807419300079346e-01,-2.605063021183013916e-01,-1.559862215071916580e-02,3.023390471935272217e-02,1.623548269271850586e-01,-5.838899612426757812e-01,-3.242264389991760254e-01,1.458749622106552124e-01,2.655462361872196198e-02,1.218357309699058533e-01,1.208577081561088562e-01,-8.275520801544189453e-02,-9.066826105117797852e-02,7.368142157793045044e-02,-2.055650502443313599e-01,2.154772579669952393e-01,-5.647328495979309082e-01,-4.015403613448143005e-02,7.252432405948638916e-02,-2.163666635751724243e-01,-8.059338480234146118e-02,-1.020505577325820923e-01,-2.820967733860015869e-01,1.546034961938858032e-01,2.009554207324981689e-01,-2.986696362495422363e-01,-2.576290862634778023e-03,-2.715474665164947510e-01,1.843240484595298767e-02,2.705441415309906006e-01,-9.606796503067016602e-02,1.297163665294647217e-01,2.675251066684722900e-01,-1.197302900254726410e-02,-6.238522380590438843e-02,-9.089855104684829712e-02,-3.050353005528450012e-02,-9.161035716533660889e-02,3.855801746249198914e-02,-1.839010268449783325e-01,3.694144189357757568e-01,-3.558468222618103027e-01,1.496966183185577393e-01,1.233825907111167908e-01,-5.854558199644088745e-02,7.502797991037368774e-02,-1.833400130271911621e-01,1.869899928569793701e-01,1.538506001234054565e-01,2.880258262157440186e-01,-1.381388306617736816e-01,-1.672271043062210083e-01,-2.181403040885925293e-01,1.365261673927307129e-01,8.928623050451278687e-02,3.075897395610809326e-01,5.184174776077270508e-01,4.247415661811828613e-01,-2.916827797889709473e-01,-7.163065671920776367e-02,-3.057023584842681885e-01,-3.528380095958709717e-01,-1.339726150035858154e-01,-4.606565237045288086e-01,1.567284464836120605e-01,-3.759786486625671387e-01,8.273402601480484009e-02,-2.973895519971847534e-02,-1.739186495542526245e-01,1.252118349075317383e-01,1.286392211914062500e-01,1.951721608638763428e-01,-1.384986042976379395e-01,-1.198240444064140320e-01,-2.806557416915893555e-01,-2.233133465051651001e-01,-1.703581660985946655e-01,1.773515194654464722e-01,-1.427474915981292725e-01,3.453278243541717529e-01,2.121412903070449829e-01,2.287796288728713989e-01,-1.630912162363529205e-02,9.135264903306961060e-02,1.829749345779418945e-01,-4.598062951117753983e-04,2.549693286418914795e-01,-1.273948401212692261e-01,1.942646354436874390e-01,-7.363123446702957153e-02,-7.150530815124511719e-02,-3.022101819515228271e-01,-5.011728405952453613e-01,-1.505239009857177734e-01,1.177113037556409836e-02,-1.118064150214195251e-01,7.616291195154190063e-02,-1.636987328529357910e-01,-1.237566396594047546e-01,2.168008536100387573e-01,-1.257598120719194412e-02,-4.651384055614471436e-01,-1.056765094399452209e-01,-2.593026161193847656e-01,-1.949787288904190063e-01,2.024070546030998230e-02,-1.488108187913894653e-01,2.736514806747436523e-01,-1.747158728539943695e-02,3.537032902240753174e-01,-3.333776891231536865e-01,1.020000055432319641e-01,-4.218068122863769531e-01,5.782465264201164246e-02,1.401728987693786621e-01,3.760426044464111328e-01,9.391824901103973389e-02,1.759676933288574219e-01,-4.937331080436706543e-01,4.880432505160570145e-03,-2.158220708370208740e-01,-1.538890898227691650e-01,1.356080174446105957e-02,5.536921694874763489e-02,-1.635306775569915771e-01,-1.465060114860534668e-01,-1.173672303557395935e-01,2.819808721542358398e-01,3.514444530010223389e-01,-3.035326898097991943e-01,1.478565931320190430e-01,5.785630270838737488e-02,1.648155301809310913e-01,5.254412814974784851e-02,-1.844739317893981934e-01,3.925908803939819336e-01,-2.182263731956481934e-01,-7.621021941304206848e-03,2.786317169666290283e-01,-1.480006128549575806e-01,-9.335561841726303101e-02,8.233667910099029541e-02,-1.049502342939376831e-01,-1.383581906557083130e-01,1.510263532400131226e-01,-5.265779793262481689e-02,3.331766724586486816e-01,5.538412928581237793e-01,-2.920340597629547119e-01,8.766794949769973755e-02,2.203246355056762695e-01,1.620715707540512085e-01,3.947348892688751221e-02,1.490394622087478638e-01,4.211246594786643982e-02,6.010080873966217041e-02,1.455984115600585938e-01,1.992043703794479370e-01,-3.144857883453369141e-01,-1.364229321479797363e-01,-2.534638345241546631e-02,-2.572573907673358917e-02,-1.899086683988571167e-02,-1.132261455059051514e-01,-2.622073590755462646e-01,2.956524491310119629e-01,1.658393740653991699e-01,-3.219908773899078369e-01,2.266669124364852905e-01,-2.493859380483627319e-01,-2.852070927619934082e-01,-7.412038743495941162e-02,-1.094866693019866943e-01,1.227249950170516968e-01,-1.314728260040283203e-01,5.094755068421363831e-02,-1.027118787169456482e-01,4.262189194560050964e-02,1.264143288135528564e-01,1.348358839750289917e-01,2.621959447860717773e-01,-1.155441999435424805e-01,-9.979725629091262817e-02,-7.149650156497955322e-02,-2.246304452419281006e-01,3.200598657131195068e-01,2.169153541326522827e-01,1.554441303014755249e-01,3.495606034994125366e-02,2.707055211067199707e-01,-2.962269261479377747e-02,4.363405168987810612e-04,-1.987474411725997925e-01,7.307153195142745972e-02,2.125544548034667969e-01,-1.899937391281127930e-01,-1.120969951152801514e-01,8.958813548088073730e-02,-1.804684475064277649e-02,5.529263988137245178e-02,-2.386325150728225708e-01,1.707633733749389648e-01,-5.797535777091979980e-01,2.256774306297302246e-01,-1.643916666507720947e-01,-8.108595386147499084e-03,2.212280035018920898e-01,6.130476668477058411e-02,-8.899787068367004395e-02,-6.759638786315917969e-01,-2.171747945249080658e-02,1.441609561443328857e-01,3.006116151809692383e-01,2.454449608922004700e-02,3.839902207255363464e-02,-1.582082957029342651e-01,4.982437938451766968e-02,-2.633250057697296143e-01,4.272960126399993896e-01,6.794751435518264771e-02,-1.012056469917297363e-01,-6.399668753147125244e-03,1.193367242813110352e-01,-1.883632391691207886e-01,-1.289069056510925293e-01,-2.656050026416778564e-01,1.376643180847167969e-01,-1.306835860013961792e-01,-3.131586611270904541e-01,-1.025718152523040771e-01,2.409846894443035126e-02,1.027652770280838013e-01,3.615609556436538696e-02,-3.650803864002227783e-02,-7.081346958875656128e-02,-1.202908717095851898e-02,1.326963305473327637e-01,9.096278250217437744e-02,-6.740382406860589981e-03,-3.221414983272552490e-01,-1.384350210428237915e-01,-1.309625059366226196e-01,3.866262435913085938e-01,-2.546792924404144287e-01,5.642027407884597778e-02,1.053002569824457169e-02,2.459651380777359009e-01,6.404427438974380493e-02,5.138675495982170105e-02,1.708685792982578278e-02,-6.088981777429580688e-02,-2.316131591796875000e-01,3.247928339987993240e-03,4.909811913967132568e-02,-6.930539757013320923e-02,1.432445496320724487e-01,2.152289897203445435e-01,1.400602310895919800e-01,-8.974530547857284546e-02,-2.841426730155944824e-01,-1.021284684538841248e-01,1.862189769744873047e-01,2.208778820931911469e-02,-1.767644733190536499e-01,-1.879779398441314697e-01,1.351344287395477295e-01,-7.779278606176376343e-02,1.745521575212478638e-01,-1.358578056097030640e-01,8.272082358598709106e-02,5.046341195702552795e-02,-2.892041504383087158e-01,-4.403008520603179932e-01,-2.791313827037811279e-01,-1.434219181537628174e-01,3.612641096115112305e-01,8.194071054458618164e-02,1.629614979028701782e-01,-7.223562896251678467e-02,2.438426464796066284e-01,2.463984936475753784e-01,-6.109150126576423645e-02,1.001372933387756348e-01,-1.240384299308061600e-02,1.960456818342208862e-01,-3.935149312019348145e-01,1.507583856582641602e-01,2.381525188684463501e-01,-1.426101922988891602e-01,4.213944077491760254e-01,-1.943306252360343933e-02,1.963266581296920776e-01,-2.250383347272872925e-01,-8.747983723878860474e-03,1.183377113193273544e-02,-1.096058264374732971e-01,-4.843475520610809326e-01,-2.647662162780761719e-01,-2.259189784526824951e-01,-4.863220266997814178e-03,4.056906700134277344e-02,1.120096966624259949e-01,7.352537661790847778e-02,-2.276960611343383789e-01,4.480665326118469238e-01,-3.080195784568786621e-01,-4.525712504982948303e-02,-2.828357815742492676e-01,2.800289988517761230e-01,1.540744900703430176e-01,-5.669956654310226440e-02,-1.046041473746299744e-01,1.127482950687408447e-01,-7.550024241209030151e-02,-4.051116108894348145e-02,-4.343049600720405579e-02,3.636925816535949707e-01,2.618124783039093018e-01,-2.314592897891998291e-01,-2.346341162919998169e-01,3.817946314811706543e-01,8.188703656196594238e-02,-8.032699674367904663e-02,1.769212931394577026e-01,1.015853881835937500e-01,-3.075777590274810791e-01,-1.331172045320272446e-02,1.420162618160247803e-01,2.331545948982238770e-01,1.019648239016532898e-01,2.193846851587295532e-01,1.223570331931114197e-01,4.412561357021331787e-01,1.560310274362564087e-01,1.379339545965194702e-01,1.178656611591577530e-02,4.340468347072601318e-02,8.357392996549606323e-02,-9.338418394327163696e-02,1.920329928398132324e-01,-1.107085123658180237e-01,-2.305591851472854614e-01,-1.202060654759407043e-01,2.534821033477783203e-01,9.887348115444183350e-02,-3.853393793106079102e-01,-5.277639254927635193e-02,3.052025735378265381e-01,1.043406277894973755e-01,-7.588258385658264160e-02,1.427193582057952881e-01,2.011235952377319336e-01,1.183800175786018372e-01,-2.146431803703308105e-01,1.060406304895877838e-02,-1.834098100662231445e-01,3.411971405148506165e-02,-5.441229417920112610e-02,4.686233997344970703e-01,1.113828867673873901e-01,-1.317161470651626587e-01,3.478244841098785400e-01,-5.276821255683898926e-01,-3.403961658477783203e-02,-5.080295726656913757e-02,-6.239952147006988525e-02,-4.348853603005409241e-02,-4.798930138349533081e-03,-2.923243641853332520e-01,-1.006820797920227051e-01,-4.018818214535713196e-02,-1.173544228076934814e-01,2.874351479113101959e-02,-3.386167883872985840e-01,5.940535292029380798e-02,2.028087824583053589e-01,-4.597938433289527893e-02,1.954120397567749023e-01,-1.178410947322845459e-01,1.585763990879058838e-01,-1.121859624981880188e-02,-1.429753750562667847e-01,4.071355164051055908e-01,-1.639901101589202881e-01,-2.959703207015991211e-01,-1.395684182643890381e-01,-1.025772839784622192e-01,4.391535744071006775e-02,2.156390994787216187e-01,-1.866766833700239658e-03,1.757061183452606201e-01,-1.423555463552474976e-01,2.399114370346069336e-01,-2.927893586456775665e-02,6.331902742385864258e-01,8.930179476737976074e-02,-1.835125684738159180e-01,1.435148715972900391e-01,-5.229191780090332031e-01,-3.770527988672256470e-02,-8.611833304166793823e-02,-1.873172074556350708e-01,-4.064743518829345703e-01,-1.080203503370285034e-01,2.401503967121243477e-03,4.620078206062316895e-02,3.489072322845458984e-01,-1.296631246805191040e-01,-2.217750400304794312e-01,3.377291187644004822e-02,-8.911551535129547119e-02,-1.604093611240386963e-02,4.724318534135818481e-02,-1.670458316802978516e-01,-2.914896607398986816e-01,-6.335723400115966797e-02,2.001270204782485962e-01,1.756578534841537476e-01,2.547686696052551270e-01,-2.751570045948028564e-01,-9.447029978036880493e-02,2.569400370121002197e-01,-2.838763892650604248e-01,-5.931476131081581116e-02,-9.526672214269638062e-02,-3.134745359420776367e-01,2.016784846782684326e-01,1.679802983999252319e-01,-1.432229727506637573e-01,-1.083562448620796204e-01,1.951547712087631226e-01,9.000893682241439819e-02,-1.500576883554458618e-01,-1.413095444440841675e-01,2.561867833137512207e-01,2.754559181630611420e-02,-4.511640220880508423e-02,-4.893330931663513184e-01,1.628223359584808350e-01,-2.527315616607666016e-01,3.800061345100402832e-01,-1.077848896384239197e-01,-4.011607915163040161e-02,1.655929535627365112e-01,2.012160718441009521e-01,1.302099078893661499e-01,6.422939151525497437e-02,9.170049428939819336e-02,-1.315799057483673096e-01,-1.061088405549526215e-02,-7.293590903282165527e-02,6.483762711286544800e-02,-1.407459657639265060e-02,6.094464287161827087e-02,2.421025037765502930e-01,1.559154391288757324e-01,1.875098347663879395e-01,1.032296568155288696e-01,3.715395331382751465e-01,-3.284881711006164551e-01,1.113218143582344055e-01,-9.019844979047775269e-02,1.674384027719497681e-01,3.998750448226928711e-01,-1.336261779069900513e-01,-1.076869070529937744e-01,-5.557942762970924377e-02,-9.283865801990032196e-03,1.417911946773529053e-01,-2.976385056972503662e-01,2.309785187244415283e-01,6.307563185691833496e-02,2.067614942789077759e-01,7.167576998472213745e-02,-9.824029356241226196e-02,-2.414084523916244507e-01,-3.320031240582466125e-02,1.317598521709442139e-01,-4.776256158947944641e-02,-1.359085738658905029e-01,9.583248943090438843e-02,1.381790488958358765e-01,-1.744789928197860718e-01,1.119164898991584778e-01,-2.986727654933929443e-01,-4.285270571708679199e-01,-3.619846701622009277e-01,-1.545132100582122803e-01,-2.050220668315887451e-01,-3.906258195638656616e-02,-1.575962454080581665e-01,-7.128087431192398071e-02,1.254629492759704590e-01,1.259073764085769653e-01,4.275439381599426270e-01,9.340644627809524536e-02,3.784683942794799805e-01,-1.346921920776367188e-02,-9.743101894855499268e-02,-1.265813559293746948e-01,-2.880679666996002197e-01,-6.868993490934371948e-02
1.195694599300622940e-02,4.672881066799163818e-01,2.804656624794006348e-01,-2.468508295714855194e-02,-1.466832160949707031e-01,1.901136189699172974e-01,3.312059044837951660e-01,-6.226531416177749634e-02,-4.982366263866424561e-01,3.909126520156860352e-01,1.060338877141475677e-02,2.026452571153640747e-01,5.062961578369140625e-01,1.969953179359436035e-01,-4.915598332881927490e-01,-2.399825900793075562e-01,-1.461998522281646729e-01,3.501821458339691162e-01,-2.192827761173248291e-01,-2.112283855676651001e-01,-2.258310467004776001e-01,2.100254446268081665e-01,-1.489677131175994873e-01,3.530789017677307129e-01,-2.190745994448661804e-02,2.008869051933288574e-01,2.764500975608825684e-01,-1.750608719885349274e-02,-1.805967390537261963e-01,3.910258710384368896e-01,1.341520459391176701e-03,-1.700403988361358643e-01,-1.612195223569869995e-01,-4.703035578131675720e-02,3.110809996724128723e-02,7.468878477811813354e-02,-6.603373587131500244e-02,-4.086794555187225342e-01,-3.229969441890716553e-01,-3.706437349319458008e-02,2.646933794021606445e-01,-1.938029378652572632e-01,-1.712160557508468628e-01,-2.966576814651489258e-01,-7.766413688659667969e-02,1.168214622884988785e-02,6.807921826839447021e-02,-1.614913195371627808e-01,-5.266072973608970642e-02,-4.036733508110046387e-01,1.366828680038452148e-01,3.109198994934558868e-02,6.039130315184593201e-02,-2.508031129837036133e-01,2.922809123992919922e-01,-5.398843437433242798e-02,-9.584864974021911621e-02,1.338218301534652710e-01,-2.383675873279571533e-01,-2.561210989952087402e-01,-2.065917253494262695e-01,2.333766967058181763e-01,1.293063350021839142e-02,-9.693419188261032104e-02,-5.729563161730766296e-02,7.018911838531494141e-02,-6.798906624317169189e-02,1.459470540285110474e-01,-3.037623763084411621e-01,-3.086562454700469971e-01,-2.741836309432983398e-01,3.665655478835105896e-02,-3.365448117256164551e-01,9.076123684644699097e-02,1.673647612333297729e-01,1.964057087898254395e-01,-2.858086824417114258e-01,-5.894170328974723816e-02,1.567754000425338745e-01,-1.816173791885375977e-01,-4.055862426757812500e-01,1.945149600505828857e-01,1.861686110496520996e-01,-2.929384708404541016e-01,-6.153723597526550293e-02,-9.634505212306976318e-02,4.390961304306983948e-02,-2.708714827895164490e-02,-2.259776182472705841e-02,9.699003398418426514e-02,1.162543147802352905e-01,9.647645801305770874e-02,6.599740590900182724e-03,-2.217388711869716644e-02,1.211494579911231995e-01,-3.652805984020233154e-01,-3.806130727753043175e-03,2.086112946271896362e-01,-2.519726194441318512e-02,-1.267685592174530029e-01,-6.740912795066833496e-02,-4.574694484472274780e-02,1.745370477437973022e-01,-2.764345109462738037e-01,1.153357177972793579e-01,-3.252112269401550293e-01,-2.002564668655395508e-01,1.934429556131362915e-01,2.107573151588439941e-01,2.852579653263092041e-01,9.116569161415100098e-02,-2.516031861305236816e-01,-2.280927300453186035e-01,-8.936874568462371826e-02,-2.353465706110000610e-01,6.808302551507949829e-02,1.018430590629577637e-01,-2.433199435472488403e-02,-7.171602547168731689e-02,-2.956462502479553223e-01,-1.012075692415237427e-01,-1.605020761489868164e-01,-1.855317205190658569e-01,1.170205697417259216e-01,-6.358285248279571533e-02,8.701404929161071777e-02,1.493259221315383911e-01,1.342294961214065552e-01,1.069304049015045166e-01,1.635714918375015259e-01,-2.982111088931560516e-02,-1.838461309671401978e-01,-1.890050172805786133e-01,3.974861651659011841e-02,-1.762465387582778931e-01,3.368904888629913330e-01,-2.715070843696594238e-01,1.662602424621582031e-01,1.447738856077194214e-01,1.334216594696044922e-01,7.596901804208755493e-02,-3.799757957458496094e-01,-1.382602602243423462e-01,-1.751363575458526611e-01,-2.112167328596115112e-01,-1.962941586971282959e-01,1.169011443853378296e-01,-3.091113641858100891e-02,4.571302235126495361e-02,-3.731072247028350830e-01,2.030386216938495636e-02,-1.366778165102005005e-01,-4.385571777820587158e-01,1.981000304222106934e-01,9.292069077491760254e-02,2.935651242733001709e-01,-3.659341111779212952e-02,-3.496820628643035889e-01,2.606992125511169434e-01,1.931596780195832253e-03,1.112452242523431778e-02,-1.793781518936157227e-01,-2.848912775516510010e-01,5.591074004769325256e-02,2.204771041870117188e-01,-4.109406098723411560e-02,-7.114092260599136353e-02,-2.007532678544521332e-02,-1.337081342935562134e-01,-3.035639040172100067e-02,-3.313163220882415771e-01,-1.392944753170013428e-01,-8.124454319477081299e-02,2.745910920202732086e-02,-2.564285509288311005e-02,2.531776130199432373e-01,6.534115225076675415e-02,1.663918197154998779e-01,1.701606661081314087e-01,1.356603950262069702e-01,2.018452286720275879e-01,3.209507092833518982e-02,-2.189789712429046631e-01,-3.771841228008270264e-01,3.085196316242218018e-01,3.117756173014640808e-02,-1.828038841485977173e-01,1.128353476524353027e-01,3.261818289756774902e-01,-7.889355532824993134e-03,3.885845541954040527e-01,-5.039419531822204590e-01,2.926062345504760742e-01,-2.442237138748168945e-01,4.234778136014938354e-02,-4.119108915328979492e-01,2.110784202814102173e-01,-1.406272798776626587e-01,-2.312988042831420898e-01,-1.219720840454101562e-01,1.799836456775665283e-01,-6.675568968057632446e-02,2.997309863567352295e-01,-4.322576895356178284e-02,-4.128488302230834961e-01,-3.216159995645284653e-03,4.514174163341522217e-02,-1.884237080812454224e-01,5.207330584526062012e-01,-2.403845041990280151e-01,-6.401317566633224487e-02,2.535267770290374756e-01,3.013080656528472900e-01,5.981747806072235107e-02,-2.892716825008392334e-01,-8.068180829286575317e-02,1.071194037795066833e-01,-1.924990415573120117e-01,3.731376305222511292e-02,-2.847258746623992920e-01,3.781642019748687744e-01,4.452239274978637695e-01,-3.054254502058029175e-02,-2.059787213802337646e-01,1.202026158571243286e-01,-8.202898502349853516e-02,2.102350443601608276e-01,1.484770476818084717e-01,-1.273807585239410400e-01,-3.352221548557281494e-01,3.217967748641967773e-01,-1.065325289964675903e-01,-4.465505015105009079e-03,2.873518876731395721e-02,4.781401529908180237e-02,-1.088791936635971069e-01,2.491009235382080078e-01,2.101484984159469604e-01,4.303495585918426514e-02,8.409947901964187622e-02,-2.628641724586486816e-01,2.916476130485534668e-01,-5.304440273903310299e-04,6.840099394321441650e-02,3.707113564014434814e-01,4.154038429260253906e-01,-1.207798440009355545e-02,-3.184461891651153564e-01,1.754210293292999268e-01,-1.730178594589233398e-01,3.379546999931335449e-01,9.808722883462905884e-02,1.906645894050598145e-01,3.603901714086532593e-02,-9.964045137166976929e-02,-3.789897859096527100e-01,-6.035849079489707947e-02,6.176649779081344604e-02,-1.247679162770509720e-02,3.437527120113372803e-01,3.851035833358764648e-01,-1.192194074392318726e-01,-2.608288824558258057e-01,2.810990810394287109e-01,3.483956456184387207e-01,-4.013513922691345215e-01,1.714212074875831604e-02,-3.132614493370056152e-01,3.320934996008872986e-02,2.870183885097503662e-01,3.074667453765869141e-01,-1.401443406939506531e-02,-6.722978502511978149e-02,3.515769839286804199e-01,-1.718248128890991211e-01,2.297158092260360718e-01,-1.057519391179084778e-01,2.421871870756149292e-01,1.725703924894332886e-01,-1.142155230045318604e-01,1.550237182527780533e-03,-1.138817295432090759e-01,-4.934112429618835449e-01,1.404757350683212280e-01,2.175566107034683228e-01,1.280200947076082230e-02,7.522921264171600342e-02,1.959972828626632690e-02,-1.856964677572250366e-01,2.605923712253570557e-01,3.623507544398307800e-02,-3.508454933762550354e-02,-1.625596731901168823e-01,-4.217567741870880127e-01,1.004521921277046204e-01,2.169218361377716064e-01,7.116014603525400162e-03,4.231844842433929443e-01,1.906508356332778931e-01,-1.292626410722732544e-01,-3.154475092887878418e-01,2.496954053640365601e-02,5.199310183525085449e-02,2.563376426696777344e-01,-8.522175252437591553e-03,-2.656075060367584229e-01,7.025081664323806763e-02,1.204742491245269775e-01,-1.149356141686439514e-01,-4.236928522586822510e-01,-4.378716647624969482e-01,1.282172352075576782e-01,-4.527555406093597412e-01,3.344433307647705078e-01,-5.514404550194740295e-02,4.545031860470771790e-02,-4.829863831400871277e-02,4.973826929926872253e-02,-1.345025897026062012e-01,6.712224334478378296e-02,7.741677761077880859e-02,4.084077775478363037e-01,9.131165593862533569e-02,1.195939704775810242e-01,-7.402649521827697754e-02,1.950966566801071167e-01,-3.434721007943153381e-02,-1.642859429121017456e-01,-3.620859086513519287e-01,1.640262454748153687e-01,1.640205085277557373e-01,1.714577078819274902e-01,2.067060321569442749e-01,1.507475823163986206e-01,-1.336150020360946655e-01,7.185734808444976807e-02,1.253388524055480957e-01,-1.126416586339473724e-02,1.448470205068588257e-01,-3.299157917499542236e-01,-2.965231537818908691e-01,2.097054719924926758e-01,-2.794557809829711914e-01,-9.178350865840911865e-02,8.921965211629867554e-02,2.524836957454681396e-01,-1.773432344198226929e-01,-6.664210557937622070e-02,1.260340958833694458e-01,-2.123206406831741333e-01,-4.682704806327819824e-02,-1.092414464801549911e-02,-1.881824284791946411e-01,2.666274309158325195e-01,-3.535209298133850098e-01,3.401845321059226990e-02,-5.368501320481300354e-02,-1.702178120613098145e-01,1.954520195722579956e-01,1.690568476915359497e-01,-1.059409901499748230e-01,-3.228230476379394531e-01,1.064089313149452209e-01,2.909566760063171387e-01,1.285742074251174927e-01,-3.826562315225601196e-02,4.804690182209014893e-02,-8.537814952433109283e-03,2.445970475673675537e-01,-7.519402354955673218e-02,4.483779147267341614e-02,1.562806665897369385e-01,1.016671732068061829e-01,1.153118833899497986e-01,1.049686968326568604e-01,1.144482716917991638e-01,2.015551030635833740e-01,-1.889356821775436401e-01,-5.129492655396461487e-02,1.653339415788650513e-01,5.787083506584167480e-02,-1.128702331334352493e-02,1.054691150784492493e-01,-3.672441840171813965e-01,-3.223583996295928955e-01,1.493391394615173340e-01,-3.630996122956275940e-02,3.855709731578826904e-02,1.739789731800556183e-02,1.480578631162643433e-01,-4.765572547912597656e-01,-2.958782017230987549e-01,2.520796954631805420e-01,2.688024658709764481e-03,1.177119463682174683e-01,2.560938596725463867e-01,-1.386124175041913986e-02,-3.150339722633361816e-01,1.230746358633041382e-01,-1.842023879289627075e-01,1.205703765153884888e-01,-6.381831318140029907e-02,-1.372051835060119629e-01,-1.570236086845397949e-01,2.557079493999481201e-01,-2.997861802577972412e-02,-6.724960356950759888e-02,1.174845770001411438e-01,1.960115320980548859e-02,8.822847739793360233e-04,2.988980896770954132e-02,-1.880078017711639404e-01,1.922822445631027222e-01,7.736627757549285889e-02,-3.483976423740386963e-01,-1.570553481578826904e-01,-2.187587022781372070e-01,2.330624908208847046e-01,-1.118821948766708374e-01,1.693302206695079803e-02,-9.049973450601100922e-03,8.634809404611587524e-02,-4.130914062261581421e-02,-1.685650497674942017e-01,-1.012567505240440369e-01,-1.245804131031036377e-01,-2.634152472019195557e-01,-3.768008053302764893e-01,4.648460447788238525e-02,-2.522586882114410400e-01,8.066155016422271729e-02,1.235816478729248047e-01,-2.757437527179718018e-01,4.241546690464019775e-01,2.611499130725860596e-01,2.987150549888610840e-01,-1.433716565370559692e-01,2.395302653312683105e-01,6.729846447706222534e-02,2.864468395709991455e-01,2.842985093593597412e-02,1.092555746436119080e-01,1.410448253154754639e-01,-5.881559103727340698e-02,2.440428286790847778e-01,-6.677897274494171143e-02,1.202402263879776001e-01,4.032463580369949341e-02,-4.303037524223327637e-01,-2.124520242214202881e-01,-1.669194549322128296e-01,8.543811738491058350e-02,-3.216303884983062744e-02,-3.381294384598731995e-02,7.072368264198303223e-02,-6.533148884773254395e-02,2.227115631103515625e-01,-1.977635174989700317e-01,3.400891646742820740e-02,4.121829196810722351e-02,-1.090166196227073669e-01,-8.618311583995819092e-02,3.459152579307556152e-01,-1.333854049444198608e-01,3.336875885725021362e-02,4.182043299078941345e-02,1.530346125364303589e-01,2.410404197871685028e-02,-2.918564379215240479e-01,1.543897949159145355e-02,3.930921256542205811e-01,-1.434971541166305542e-01,-2.211664617061614990e-01,-1.406573783606290817e-02,-2.521028816699981689e-01,-2.976977527141571045e-01,2.744839787483215332e-01,-9.355501085519790649e-02,4.456914961338043213e-01,-5.803141370415687561e-02,-3.420154750347137451e-02,6.482038646936416626e-02,1.711624711751937866e-01,7.617229223251342773e-02,-5.626908689737319946e-02,-1.302110254764556885e-01,4.045005515217781067e-02,2.061182409524917603e-01,-2.124341577291488647e-01,-5.924407392740249634e-02,-2.653578855097293854e-02,-1.903505027294158936e-01,-2.786435931921005249e-02,3.092480264604091644e-02,-1.935554295778274536e-01,-6.060750782489776611e-02,1.764945387840270996e-01,-1.165768969804048538e-02,-7.809954881668090820e-02,2.067401409149169922e-01,3.503095507621765137e-01,-1.725311875343322754e-01,2.405205368995666504e-01,4.224935546517372131e-02,-2.847111523151397705e-01,-5.177201330661773682e-02,-1.967328339815139771e-01,-2.675808668136596680e-01,4.832527041435241699e-02,2.449220046401023865e-02,4.196797311305999756e-01,3.609378039836883545e-01,1.906008273363113403e-02,2.907714247703552246e-01,1.859575696289539337e-02,-2.186885029077529907e-01,-2.272428572177886963e-01,-6.182277202606201172e-01,-3.512130677700042725e-02,1.123057678341865540e-01,6.687012910842895508e-01,2.049092054367065430e-01,-3.755724132061004639e-01,3.544180393218994141e-01,1.340702474117279053e-01,3.197657167911529541e-01,-2.380885779857635498e-01,-4.278547316789627075e-02,-8.082484826445579529e-03,-5.519111752510070801e-01,-1.388893425464630127e-01,-9.149877727031707764e-02,-6.894688606262207031e-01,5.500184372067451477e-02,-1.597667187452316284e-01,3.162877559661865234e-01,-2.657716274261474609e-01,1.034759953618049622e-01,-5.987484380602836609e-02,2.345315814018249512e-01,-5.005427002906799316e-01,3.334774374961853027e-01,3.815583512187004089e-02,-3.307266235351562500e-01,-3.612775206565856934e-01,2.247489988803863525e-01,-2.388081252574920654e-01,-1.515374034643173218e-01,-2.984860837459564209e-01,1.403662115335464478e-01,3.113535046577453613e-01,-3.502925857901573181e-02,7.397547364234924316e-03,8.068773150444030762e-02,-1.442802101373672485e-01,1.345039606094360352e-01,2.669245600700378418e-01,4.185510575771331787e-01,-1.034778878092765808e-01,-2.543637156486511230e-01,-1.159832552075386047e-01,-1.468010544776916504e-01,-1.330775469541549683e-01,-4.247591793537139893e-01,-1.185460984706878662e-01,4.015263915061950684e-01,-3.283780440688133240e-02,5.993152409791946411e-02,1.913621127605438232e-01,4.782227873802185059e-01,-5.128756538033485413e-02,-1.551916301250457764e-01,-1.173255294561386108e-01,1.676705181598663330e-01,1.303755939006805420e-01,1.028285697102546692e-01,4.257450103759765625e-01,1.935597136616706848e-02,3.860714435577392578e-01,-3.893941640853881836e-02,-1.048720255494117737e-01,6.101231276988983154e-02,1.775800809264183044e-02,-2.130263149738311768e-01,-1.263061612844467163e-01,1.352344360202550888e-02,3.121297359466552734e-01,-3.315122798085212708e-02,1.011251807212829590e-01,1.067284569144248962e-01,-3.785978257656097412e-01,7.920948415994644165e-02,1.258291751146316528e-01,-1.224644929170608521e-01,-1.384275406599044800e-01,-4.064029455184936523e-01,-5.803116038441658020e-02,-1.803082972764968872e-01,-6.328339874744415283e-02,2.697125077247619629e-01,3.360653817653656006e-01,3.367589041590690613e-02,-7.584445178508758545e-02,4.107155203819274902e-01,-1.676159203052520752e-01,-1.249826252460479736e-01,1.508302092552185059e-01,2.490094304084777832e-01,-5.293455347418785095e-02,-3.654401004314422607e-01,3.653203323483467102e-02,-1.727501600980758667e-01,-1.600389182567596436e-01,-5.634550750255584717e-02,-1.494438499212265015e-01,1.646190136671066284e-01,2.061202526092529297e-01,-4.939592257142066956e-02,-8.041761070489883423e-02,-2.441671341657638550e-01,-3.001991212368011475e-01,3.532088100910186768e-01,-6.572144106030464172e-03,1.043671891093254089e-01,-1.248198598623275757e-01,4.613570272922515869e-01,-1.569771170616149902e-01,-5.430850386619567871e-01,6.757160276174545288e-02,-8.970511704683303833e-02,-1.618926078081130981e-01,5.207879841327667236e-02,-1.274056881666183472e-01,-3.252616822719573975e-01,4.370354115962982178e-01,-1.398796439170837402e-01,-3.064500689506530762e-01,-1.976843923330307007e-01,2.301772087812423706e-01,3.088583350181579590e-01,-3.265334665775299072e-02,-2.392965406179428101e-01,1.218252163380384445e-02,4.193988740444183350e-01,-2.924477159976959229e-01,1.965428441762924194e-01,-3.202244937419891357e-01,2.724162936210632324e-01,2.903877794742584229e-01,1.876798272132873535e-01,-1.964359730482101440e-01,8.101695030927658081e-02,1.805946379899978638e-01,-1.809502243995666504e-01,-1.828909516334533691e-01,-3.103898093104362488e-02,-3.242092132568359375e-01,-3.495551645755767822e-01,2.070664316415786743e-01,-2.749708853662014008e-02,2.202254831790924072e-01,1.582427471876144409e-01,-1.993590965867042542e-02,7.880397140979766846e-02,-3.086560368537902832e-01,-3.033365011215209961e-01,1.352846175432205200e-01,-5.756500177085399628e-03,5.329738557338714600e-02,1.891982853412628174e-01,6.873307377099990845e-02,-1.527764797210693359e-01,8.873779326677322388e-03,-2.118539661169052124e-01,-2.167366072535514832e-02,-6.901787593960762024e-03,-2.859294116497039795e-01,-2.293345890939235687e-02,5.433452874422073364e-02,2.257701456546783447e-01,-2.995087504386901855e-01,6.161695718765258789e-02,2.986310608685016632e-02,2.085650265216827393e-01,3.846066594123840332e-01,1.182211413979530334e-01,1.249750629067420959e-01,3.866589963436126709e-01,5.693323910236358643e-02,-2.568084895610809326e-01,5.865145325660705566e-01,-1.072072684764862061e-01,-2.760747969150543213e-01,3.935651481151580811e-02,1.057990938425064087e-01,-9.154956787824630737e-02,-1.722953468561172485e-01,2.241203486919403076e-01,1.003386527299880981e-01,-1.368609815835952759e-01,1.034631878137588501e-01,-5.537603795528411865e-02,5.867573022842407227e-01,1.145363748073577881e-01,1.420619934797286987e-01,-1.121508404612541199e-01,5.834572315216064453e-01,8.325833827257156372e-02,1.040214300155639648e-01,-2.462525069713592529e-01,2.192917168140411377e-01,1.183484420180320740e-01,-2.007102221250534058e-01,-2.292932569980621338e-02,2.391265481710433960e-01,2.635401487350463867e-02,-1.865195035934448242e-01,2.400420755147933960e-01,1.023630052804946899e-01,6.255882233381271362e-02,3.969438374042510986e-01,-6.989426910877227783e-02,5.389021039009094238e-01,-5.538496188819408417e-03,1.440669745206832886e-01,3.315669670701026917e-02,-3.699154406785964966e-02,2.341605573892593384e-01,8.244880288839340210e-02,-1.478428393602371216e-01,-8.063802123069763184e-02,-3.287196159362792969e-01,-6.624642014503479004e-02,1.908888369798660278e-01,9.168208390474319458e-02,-3.931120038032531738e-01,-4.207006394863128662e-01,1.620818078517913818e-01,6.337147206068038940e-02,2.799231708049774170e-01,-1.955456845462322235e-02,1.844556331634521484e-01,3.291210532188415527e-01,1.807767152786254883e-01,-8.846016228199005127e-02,-5.797773972153663635e-02,1.205355450510978699e-01,3.321401476860046387e-01,-1.385250389575958252e-01,1.709049344062805176e-01,3.478877991437911987e-02,1.934651732444763184e-01,-6.110055446624755859e-01,1.130759832449257374e-03,1.203824416734278202e-03,1.399659551680088043e-02,-8.700281381607055664e-02,2.456227540969848633e-01,-2.158373743295669556e-01,-2.432752214372158051e-02,6.637519691139459610e-04,1.411760225892066956e-02,7.197145372629165649e-02,1.042245626449584961e-01,-3.208173811435699463e-01,-1.565114706754684448e-01,1.571932882070541382e-01,5.095264315605163574e-01
-6.614152342081069946e-02,-3.147099316120147705e-01,2.598502635955810547e-01,1.486452966928482056e-01,-3.376023843884468079e-02,-2.950550615787506104e-01,1.450015604496002197e-01,4.248195514082908630e-02,-3.002178966999053955e-01,1.261501312255859375e-01,2.660666778683662415e-02,-2.446840852499008179e-01,-3.424406349658966064e-01,1.370788961648941040e-01,2.313295006752014160e-01,-7.080920785665512085e-02,-4.597407951951026917e-02,-2.238604724407196045e-01,-2.430127859115600586e-01,-4.470019042491912842e-02,3.002452105283737183e-02,-2.363354116678237915e-01,-4.147538840770721436e-01,4.515343606472015381e-01,4.695425927639007568e-01,2.373960167169570923e-01,8.180192857980728149e-02,1.378921978175640106e-02,-2.675010859966278076e-01,-1.262133419513702393e-01,6.569117307662963867e-02,-2.121041864156723022e-01,3.035271763801574707e-01,1.293666101992130280e-02,-1.426945030689239502e-01,1.689903885126113892e-01,2.411956638097763062e-01,-9.303241223096847534e-02,-4.680695384740829468e-02,2.412250079214572906e-02,8.837026543915271759e-03,1.361110061407089233e-01,-1.352019421756267548e-02,-1.409458070993423462e-01,1.642789691686630249e-01,1.373657584190368652e-01,-1.542740315198898315e-01,2.175977677106857300e-01,2.693146467208862305e-02,6.640229374170303345e-02,-2.510302662849426270e-01,1.587456017732620239e-01,-1.547434628009796143e-01,-1.457259953022003174e-01,2.014059573411941528e-02,-5.887849256396293640e-02,-9.824716299772262573e-02,1.782410591840744019e-02,3.152928054332733154e-01,1.111037563532590866e-02,-2.081468142569065094e-02,1.325412690639495850e-01,-1.835694909095764160e-01,1.310392320156097412e-01,3.920041397213935852e-02,2.888990007340908051e-02,2.557440996170043945e-01,-6.756571680307388306e-02,2.880782485008239746e-01,1.155428588390350342e-02,-5.170979499816894531e-01,-6.921498477458953857e-02,-5.660691112279891968e-02,8.098286390304565430e-02,-2.818610966205596924e-01,2.544027268886566162e-01,2.458356618881225586e-01,3.049824852496385574e-03,6.666746735572814941e-02,9.243888407945632935e-02,3.120540454983711243e-02,1.226193681359291077e-01,8.834962546825408936e-02,-4.424300789833068848e-01,-1.127912923693656921e-01,6.783693283796310425e-02,-3.050039410591125488e-01,-1.760579086840152740e-02,-1.380282044410705566e-01,8.298378437757492065e-02,-1.765521317720413208e-01,-4.359362721443176270e-01,-1.508172750473022461e-01,2.175409346818923950e-01,-1.514043509960174561e-01,-2.040951102972030640e-01,3.642512857913970947e-02,-3.760550022125244141e-01,2.578122913837432861e-01,1.974507123231887817e-01,2.823470532894134521e-01,1.587238907814025879e-01,-3.197785615921020508e-01,-3.638376891613006592e-01,-4.219475090503692627e-01,-5.216343794018030167e-03,1.066008582711219788e-01,-1.464228425174951553e-02,2.452722191810607910e-02,-1.730456203222274780e-02,-3.055725991725921631e-01,-3.125815093517303467e-01,2.090405374765396118e-01,7.217690348625183105e-02,-2.039104849100112915e-01,3.303025662899017334e-01,-2.593280673027038574e-01,1.260972321033477783e-01,2.819930016994476318e-01,7.467453181743621826e-02,2.259123474359512329e-01,3.357945084571838379e-01,-4.592791944742202759e-02,-1.261044591665267944e-01,-2.010383009910583496e-01,1.307926923036575317e-01,-3.010061681270599365e-01,5.613310635089874268e-02,-5.653746053576469421e-02,2.272159606218338013e-01,2.212681621313095093e-01,-1.631782501935958862e-01,6.723161041736602783e-02,-2.207436710596084595e-01,-1.288105547428131104e-01,1.038869172334671021e-01,1.210276260972023010e-01,4.001731872558593750e-01,7.729875445365905762e-01,3.943221867084503174e-01,-1.232235878705978394e-01,2.126781046390533447e-01,2.456364631652832031e-01,2.283636629581451416e-01,-6.770215928554534912e-02,4.485390707850456238e-02,1.352390795946121216e-01,3.361012041568756104e-02,1.224746108055114746e-01,2.369965612888336182e-01,1.833687573671340942e-01,-1.682479679584503174e-01,6.194848567247390747e-02,1.657656878232955933e-01,4.582470655441284180e-02,-4.379324913024902344e-01,1.336264461278915405e-01,7.724995911121368408e-02,-2.189975827932357788e-01,-2.490366995334625244e-01,2.016162723302841187e-01,-4.786157980561256409e-02,1.712898612022399902e-01,1.345836818218231201e-01,-2.458724975585937500e-01,2.043270617723464966e-01,4.324940033257007599e-03,5.119276046752929688e-02,7.990133762359619141e-02,-3.773619830608367920e-01,2.729380726814270020e-01,8.692923933267593384e-02,-1.131209507584571838e-01,2.377387732267379761e-01,-2.144561409950256348e-01,9.416827559471130371e-02,5.911660939455032349e-02,-6.346758455038070679e-02,2.276655733585357666e-01,2.319674491882324219e-01,1.207148954272270203e-01,2.836937904357910156e-01,3.470708131790161133e-01,3.141764998435974121e-01,1.162621676921844482e-01,2.985508441925048828e-01,4.889333993196487427e-02,-1.436520274728536606e-02,6.045255064964294434e-02,-9.531611204147338867e-02,-1.454176902770996094e-01,-1.223936602473258972e-01,7.170230895280838013e-02,-1.745719611644744873e-01,-3.136987239122390747e-02,2.875244915485382080e-01,6.574131548404693604e-02,-3.423648774623870850e-01,1.530556529760360718e-01,5.976758152246475220e-02,1.470793187618255615e-01,-8.423647284507751465e-02,2.661858219653367996e-03,9.638912230730056763e-02,-1.343741416931152344e-01,-1.404833495616912842e-01,-1.929162740707397461e-01,-2.823332250118255615e-01,-2.863919734954833984e-01,-4.424846172332763672e-02,5.496398732066154480e-02,-3.310196101665496826e-01,4.307450652122497559e-01,1.981741189956665039e-02,-2.676714360713958740e-01,-6.017970666289329529e-02,-1.537857800722122192e-01,2.955686151981353760e-01,2.121250517666339874e-02,1.660774461925029755e-02,2.757538557052612305e-01,1.140514090657234192e-01,2.088720723986625671e-02,-1.426397114992141724e-01,-2.812338471412658691e-01,2.921349108219146729e-01,1.806532777845859528e-02,6.625874899327754974e-03,-6.330372393131256104e-02,-3.601162135601043701e-01,-6.218355149030685425e-02,1.627120971679687500e-01,5.962352454662322998e-02,-4.627842456102371216e-02,-7.589488476514816284e-02,-1.621871292591094971e-01,-1.081894412636756897e-01,-2.751838266849517822e-01,-9.021053463220596313e-02,-6.167963743209838867e-01,7.948812842369079590e-02,1.550990790128707886e-01,-6.072455048561096191e-01,-3.498186469078063965e-01,2.952029556035995483e-02,4.647390544414520264e-02,2.274811267852783203e-02,3.440741216763854027e-03,1.291146129369735718e-01,9.259329736232757568e-02,2.992040812969207764e-01,2.465197257697582245e-02,-1.090873554348945618e-01,1.623409539461135864e-01,4.469609633088111877e-02,-5.320762842893600464e-02,-1.086471136659383774e-03,2.517931535840034485e-02,-3.952509164810180664e-02,2.660475373268127441e-01,2.486082911491394043e-01,2.205405980348587036e-01,4.915624558925628662e-01,-1.017707139253616333e-01,1.842032819986343384e-01,8.503910899162292480e-02,3.545373380184173584e-01,9.907900355756282806e-03,-3.860074877738952637e-01,2.681908905506134033e-01,8.149828761816024780e-02,6.062130630016326904e-02,-1.409026980400085449e-01,-1.567825525999069214e-01,-1.287560909986495972e-01,-2.751896083354949951e-01,4.822098650038242340e-03,6.801891922950744629e-01,-6.363160908222198486e-02,-2.008649557828903198e-01,4.811619222164154053e-01,-4.260305464267730713e-01,-1.950605064630508423e-01,-5.919323116540908813e-02,-2.022353932261466980e-02,-1.948108673095703125e-01,-2.589391767978668213e-01,2.451496943831443787e-02,-1.783052235841751099e-01,-2.542622983455657959e-01,3.352698981761932373e-01,1.100080609321594238e-01,1.573039442300796509e-01,1.713455915451049805e-01,-1.503702700138092041e-01,1.507262289524078369e-01,7.933603972196578979e-02,-5.937109515070915222e-02,-1.437381207942962646e-01,-1.564198136329650879e-01,-6.166365742683410645e-02,-7.379867136478424072e-02,-3.940968587994575500e-02,-2.351550012826919556e-01,-2.125246077775955200e-01,6.907871365547180176e-02,-1.048756539821624756e-01,-1.016200482845306396e-01,2.684703171253204346e-01,3.591452836990356445e-01,3.567164540290832520e-01,1.944296956062316895e-01,-1.822108775377273560e-01,5.796921253204345703e-01,2.171724475920200348e-02,-1.403950601816177368e-01,-3.599312156438827515e-02,-9.507090598344802856e-02,3.589242696762084961e-01,-4.490115121006965637e-02,9.279502928256988525e-02,1.270861946977674961e-03,-9.387627243995666504e-03,-7.951699197292327881e-02,-2.117172181606292725e-01,-2.299479953944683075e-02,-4.234179556369781494e-01,-1.062035094946622849e-02,-1.578201204538345337e-01,-2.838349640369415283e-01,6.384787708520889282e-02,-2.158320844173431396e-01,2.392719127237796783e-02,6.691933423280715942e-02,4.063996672630310059e-01,-1.872681230306625366e-01,5.832682549953460693e-02,3.405192494392395020e-01,-2.883834540843963623e-01,-2.404605410993099213e-02,3.606836497783660889e-01,4.785305354744195938e-03,-7.167284190654754639e-02,-2.732936143875122070e-01,-3.910807669162750244e-01,-2.360153496265411377e-01,-1.675875484943389893e-01,-2.722348272800445557e-01,1.986977010965347290e-01,1.490851193666458130e-01,-9.184779226779937744e-02,3.582827374339103699e-02,-1.376588195562362671e-01,2.310991100966930389e-02,4.773108661174774170e-02,-3.953856602311134338e-02,7.488912343978881836e-02,-5.988311767578125000e-02,1.742245256900787354e-01,1.402011066675186157e-01,2.397580537945032120e-03,-1.868540048599243164e-01,-1.504148840904235840e-01,-1.458951085805892944e-02,-1.187492813915014267e-02,-6.980831921100616455e-02,1.464026421308517456e-01,7.867798209190368652e-02,-2.696678042411804199e-02,1.234545782208442688e-01,2.806637808680534363e-02,-5.861974507570266724e-02,7.327474653720855713e-02,1.207554638385772705e-01,-2.142112851142883301e-01,-3.864979743957519531e-02,1.622677892446517944e-01,2.591521143913269043e-01,-4.945619404315948486e-01,5.494822561740875244e-02,-2.136653810739517212e-01,2.800340205430984497e-02,-3.002803921699523926e-01,-1.423329263925552368e-01,3.060567192733287811e-02,-1.043265983462333679e-01,9.893690049648284912e-02,-4.926498234272003174e-02,3.939366899430751801e-03,-3.453375247772783041e-04,-8.585278689861297607e-02,6.200773268938064575e-02,8.257395029067993164e-02,-2.211310267448425293e-01,-3.824498951435089111e-01,-3.330192267894744873e-01,-4.875159859657287598e-01,-1.901483833789825439e-01,1.979677379131317139e-01,1.721188724040985107e-01,3.580836355686187744e-01,-1.592126935720443726e-01,-1.446376554667949677e-02,2.699857391417026520e-02,-2.135561220347881317e-02,-7.235319167375564575e-02,-2.736186385154724121e-01,2.893227636814117432e-01,1.388493329286575317e-01,-1.936541795730590820e-01,2.646846175193786621e-01,3.069326467812061310e-02,-3.056173920631408691e-01,5.581977218389511108e-02,2.002095282077789307e-01,5.311577022075653076e-02,-5.357588641345500946e-03,-5.297728255391120911e-02,-9.403841197490692139e-02,9.774458408355712891e-02,8.032465353608131409e-03,-2.819169461727142334e-01,-2.144259065389633179e-01,2.030614018440246582e-01,-4.047739505767822266e-01,6.167496740818023682e-02,2.823531627655029297e-01,-4.293226897716522217e-01,-1.679491698741912842e-01,-8.778739720582962036e-02,-2.530834376811981201e-01,-2.362887263298034668e-01,-1.785677224397659302e-01,-1.614044308662414551e-01,-1.037403270602226257e-01,-6.908789742738008499e-03,-2.546456158161163330e-01,3.961737751960754395e-01,-6.470263004302978516e-02,-9.284145385026931763e-02,5.550448223948478699e-02,-2.115530967712402344e-01,4.041115641593933105e-01,8.102512359619140625e-02,6.910602003335952759e-02,-1.484066545963287354e-01,-2.520013153553009033e-01,4.424549341201782227e-01,6.002870947122573853e-02,5.517314188182353973e-03,-7.821292430162429810e-02,-1.874154955148696899e-01,3.067887723445892334e-01,6.424444913864135742e-02,-4.434478580951690674e-01,5.943256616592407227e-02,-4.296020045876502991e-02,-3.287912905216217041e-01,-4.328541457653045654e-01,5.465064942836761475e-02,4.012476801872253418e-01,-8.712315559387207031e-02,-2.366462023928761482e-03,6.293769925832748413e-02,4.267356917262077332e-02,7.733590155839920044e-02,-4.001474380493164062e-01,-8.716522902250289917e-02,-2.517504990100860596e-01,-3.528802096843719482e-01,2.045093625783920288e-01,9.363580495119094849e-02,2.036502957344055176e-01,1.061084419488906860e-01,6.059954315423965454e-02,-7.624338567256927490e-02,-1.163361743092536926e-01,3.014456927776336670e-01,1.041865199804306030e-01,-1.709708273410797119e-01,1.285453587770462036e-01,1.982190608978271484e-01,5.992089211940765381e-02,1.861924976110458374e-01,-9.822644293308258057e-02,-3.916331231594085693e-01,4.837215840816497803e-01,-2.047710567712783813e-01,4.521285742521286011e-02,4.924483969807624817e-02,3.504023849964141846e-01,3.090872243046760559e-02,1.880559176206588745e-01,-8.268593251705169678e-02,-5.425082519650459290e-02,2.426999807357788086e-01,1.203609853982925415e-01,1.431899517774581909e-01,-2.773647904396057129e-01,3.380947187542915344e-02,3.266026824712753296e-02,-2.472511082887649536e-01,-9.406407922506332397e-02,-3.806003183126449585e-02,1.108290627598762512e-01,6.640096008777618408e-02,-8.178225904703140259e-02,-1.052987501025199890e-01,-5.031694099307060242e-02,2.037560939788818359e-01,1.528851538896560669e-01,2.741416692733764648e-01,-6.487635523080825806e-02,3.207207098603248596e-02,-3.745357990264892578e-01,-3.131684660911560059e-02,5.489523056894540787e-03,2.850492298603057861e-01,1.688391119241714478e-01,-1.268410086631774902e-01,-3.755799308419227600e-02,6.582611054182052612e-02,6.791138648986816406e-02,1.481426414102315903e-02,-3.581659197807312012e-01,-1.348672956228256226e-01,-1.042240262031555176e-01,1.539128124713897705e-01,-2.913798391819000244e-01,7.002638578414916992e-01,-8.899410814046859741e-02,-1.317326128482818604e-01,1.647371798753738403e-01,-2.040350288152694702e-01,-2.018780410289764404e-01,-5.228328704833984375e-01,-1.894659101963043213e-01,7.344184815883636475e-02,-2.519233152270317078e-02,1.066491976380348206e-01,5.333529710769653320e-01,1.977417021989822388e-01,5.053969025611877441e-01,2.596257068216800690e-02,3.568988293409347534e-02,9.665226191282272339e-02,-1.039351299405097961e-01,2.719468437135219574e-02,7.902524620294570923e-02,1.152531430125236511e-01,-2.716998457908630371e-01,-5.838287994265556335e-03,-1.283811181783676147e-01,2.843552827835083008e-02,-1.518113017082214355e-01,-1.992224603891372681e-01,-3.728631883859634399e-02,3.797983378171920776e-02,4.661687184125185013e-03,-1.029612943530082703e-01,-1.783497333526611328e-01,-1.295377761125564575e-01,-2.689668349921703339e-02,-1.539234071969985962e-01,-4.501332640647888184e-01,1.466187089681625366e-01,2.055065929889678955e-01,3.485366329550743103e-02,1.188838183879852295e-01,-1.722130626440048218e-01,-5.140203610062599182e-02,2.698287665843963623e-01,4.682721570134162903e-02,1.534812301397323608e-01,-7.130529731512069702e-02,-3.211365640163421631e-02,-1.597766429185867310e-01,-3.080246150493621826e-01,-2.230984121561050415e-01,-9.677387773990631104e-02,2.517183423042297363e-01,-1.740138977766036987e-01,-3.106759488582611084e-01,5.049887299537658691e-02,-2.063806205987930298e-01,1.211268976330757141e-01,-1.483955234289169312e-01,7.919327914714813232e-02,-1.061551049351692200e-01,8.118362724781036377e-02,4.066284298896789551e-01,-2.084336727857589722e-01,-3.660113364458084106e-02,-1.741205304861068726e-01,-2.599962949752807617e-01,-1.339877247810363770e-01,1.455497927963733673e-02,2.779915630817413330e-01,-1.941192429512739182e-03,9.283933043479919434e-02,5.309575051069259644e-02,-3.063625991344451904e-01,-2.206097990274429321e-01,-3.642784655094146729e-01,-1.276992727071046829e-02,3.651191592216491699e-01,2.113546803593635559e-02,-2.123295813798904419e-01,3.995445370674133301e-01,6.007093563675880432e-02,2.902687489986419678e-01,-1.567253768444061279e-01,3.779533505439758301e-02,7.587036583572626114e-03,-2.513605356216430664e-01,-2.212767452001571655e-01,-2.418469339609146118e-01,9.351233392953872681e-02,2.555338144302368164e-01,1.394739001989364624e-01,7.439628988504409790e-02,-1.570212095975875854e-02,9.962083771824836731e-03,1.547664552927017212e-01,2.360813617706298828e-01,-6.033448576927185059e-01,-2.450337447226047516e-02,-1.622430384159088135e-01,-3.910458087921142578e-02,-9.396744519472122192e-02,-3.441333770751953125e-01,-4.964557588100433350e-01,-2.390952855348587036e-01,3.505729883909225464e-02,3.045291304588317871e-01,-6.920148432254791260e-02,2.404750436544418335e-01,6.302755326032638550e-02,1.608254164457321167e-01,-2.090972848236560822e-02,3.818415105342864990e-02,-1.576005071401596069e-01,-1.053555309772491455e-01,3.221442550420761108e-02,1.607116460800170898e-01,-1.330497711896896362e-01,-8.800794929265975952e-02,-2.679580748081207275e-01,1.292893141508102417e-01,2.445677369832992554e-01,5.085058510303497314e-03,3.338978290557861328e-01,-3.645046949386596680e-01,-2.292553782463073730e-01,5.650373641401529312e-03,-2.689101696014404297e-01,-1.553031951189041138e-01,-4.455636739730834961e-01,-2.540752291679382324e-01,3.948124125599861145e-02,-2.177263796329498291e-02,-8.211742341518402100e-02,3.350070714950561523e-01,1.325084865093231201e-01,-2.907110452651977539e-01,-3.367202579975128174e-01,-1.420685052871704102e-01,4.981295764446258545e-02,1.217046007513999939e-01,1.886562854051589966e-01,2.244456112384796143e-01,-7.620882987976074219e-02,-1.768482923507690430e-01,-8.628204464912414551e-02,-1.244428157806396484e-01,-1.434569358825683594e-01,-7.716658711433410645e-02,8.786722272634506226e-02,-4.968159496784210205e-01,-8.052536845207214355e-02,-1.719834469258785248e-02,2.966648340225219727e-01,-1.107949167490005493e-01,-3.568299114704132080e-01,-3.238042891025543213e-01,7.267799228429794312e-02,-1.203713491559028625e-01,2.803029417991638184e-01,-4.450198635458946228e-02,1.479418855160474777e-02,-1.063569542020559311e-02,2.834146283566951752e-02,-1.200880333781242371e-01,3.160513341426849365e-01,2.195222377777099609e-01,2.391407489776611328e-01,-3.982656598091125488e-01,3.430309295654296875e-01,1.526943892240524292e-01,-2.525197267532348633e-01,3.729059174656867981e-02,-1.606984287500381470e-01,-4.011024162173271179e-02,-4.009453952312469482e-02,9.388218075037002563e-02,5.160856992006301880e-02,-8.462939411401748657e-02,1.096392497420310974e-01,2.813663519918918610e-02,-1.438402384519577026e-01,-4.054212868213653564e-01,-9.578888118267059326e-02,-3.608980774879455566e-02,-1.393752265721559525e-02,-4.706549048423767090e-01,-8.652466349303722382e-03,6.605378538370132446e-02,-2.184556126594543457e-01,-3.358523175120353699e-02,-4.004520475864410400e-01,-2.488334029912948608e-01,5.803183838725090027e-02,1.252641975879669189e-01,1.002767086029052734e-01,1.079234555363655090e-01,7.210053503513336182e-02,-3.085303306579589844e-01,1.343023031949996948e-01,-7.528790831565856934e-02,1.503714323043823242e-01,-1.335147470235824585e-01,-7.294169068336486816e-02,-9.218639135360717773e-02,2.307838946580886841e-01,1.163226515054702759e-01,-8.972662687301635742e-02,3.829891383647918701e-01,-5.841288715600967407e-03,-3.679564967751502991e-02,1.053672060370445251e-01,1.998897343873977661e-01,-3.003679811954498291e-01,-2.238169461488723755e-01,-3.021390140056610107e-01,1.063728258013725281e-01,-1.100306287407875061e-01,-1.465990692377090454e-01,2.643342316150665283e-01,-2.743758633732795715e-02,-6.251063197851181030e-02,9.401097893714904785e-02,8.118785917758941650e-03,-1.439285427331924438e-01,-2.452484518289566040e-01,1.100852191448211670e-01,-4.183571040630340576e-01,-1.260027438402175903e-01,1.347863823175430298e-01,-2.335375696420669556e-01,-1.795067936182022095e-01,2.458723634481430054e-02,-7.825077325105667114e-02,8.332205563783645630e-02,-1.049091443419456482e-01,7.724857330322265625e-02,-2.552987933158874512e-01,2.213522344827651978e-01,-2.806746959686279297e-02
-1.756709255278110504e-02,1.192073710262775421e-02,-9.934929013252258301e-02,2.168582975864410400e-01,2.094463855028152466e-01,5.935474634170532227e-01,3.037182092666625977e-01,1.028834953904151917e-01,-2.861606776714324951e-01,-2.632772624492645264e-01,1.643552184104919434e-01,-1.001072488725185394e-02,1.617434769868850708e-01,9.350821375846862793e-02,-1.458130329847335815e-01,-3.111517727375030518e-01,1.502078920602798462e-01,2.345482409000396729e-01,6.736516207456588745e-02,4.299711287021636963e-01,-2.114179544150829315e-02,5.829434841871261597e-02,-9.337808191776275635e-02,2.227863995358347893e-03,-1.177367791533470154e-01,-2.158707678318023682e-01,-9.937298484146595001e-03,-3.569967150688171387e-01,-2.032394520938396454e-03,-1.259074509143829346e-01,-2.575749754905700684e-01,-2.485691606998443604e-01,-1.550113130360841751e-02,1.020376384258270264e-01,2.453490905463695526e-02,1.969207525253295898e-01,-2.197723984718322754e-01,1.808252185583114624e-01,-6.893908977508544922e-02,2.710429728031158447e-01,-1.392681896686553955e-01,3.016899824142456055e-01,2.305565923452377319e-01,7.537886500358581543e-02,-1.771135628223419189e-01,-1.551996916532516479e-01,1.694982796907424927e-01,-1.154564619064331055e-01,-1.751483231782913208e-01,-1.840095221996307373e-01,7.659996300935745239e-02,-3.125016391277313232e-01,3.346679806709289551e-01,-3.062676191329956055e-01,1.371276527643203735e-01,-8.012780547142028809e-02,9.154046326875686646e-02,-5.692124366760253906e-02,-3.154733479022979736e-01,9.951659291982650757e-02,-3.101577460765838623e-01,-2.562055587768554688e-01,-2.153489142656326294e-01,3.315830230712890625e-01,-5.570218339562416077e-02,-4.450606405735015869e-01,-1.269684135913848877e-01,-2.787120938301086426e-01,1.944402754306793213e-01,-2.163921594619750977e-01,-2.297886162996292114e-01,-9.691641316749155521e-04,-1.914702206850051880e-01,9.139607846736907959e-02,-5.114519502967596054e-03,9.608029574155807495e-02,1.579347699880599976e-01,1.634729951620101929e-01,-1.426007151603698730e-01,-1.267292499542236328e-01,1.928929239511489868e-01,2.404032349586486816e-01,1.871849596500396729e-01,4.810344874858856201e-01,-3.104850649833679199e-01,-6.467147171497344971e-02,-2.914585405960679054e-03,-2.004797756671905518e-02,-7.339566200971603394e-02,-3.559469580650329590e-01,2.089966386556625366e-01,2.417047023773193359e-01,-2.366923987865447998e-01,-2.939941287040710449e-01,8.722712099552154541e-02,4.551979005336761475e-01,-2.296774089336395264e-01,1.950577646493911743e-01,-2.843689918518066406e-01,1.399125903844833374e-01,3.015139997005462646e-01,1.680555194616317749e-01,3.696550130844116211e-01,-2.873617112636566162e-01,-1.456930581480264664e-02,2.388410270214080811e-01,-2.595840692520141602e-01,-2.022594958543777466e-02,1.067825481295585632e-01,3.653093874454498291e-01,1.049474626779556274e-01,1.516519188880920410e-01,-9.617657959461212158e-02,-4.907568097114562988e-01,4.976012930274009705e-02,-3.305099606513977051e-01,2.041528224945068359e-01,-2.936934530735015869e-01,2.192205190658569336e-02,4.242542386054992676e-01,-2.975427545607089996e-02,6.249343231320381165e-02,8.551003336906433105e-01,-4.099119901657104492e-01,-3.429344892501831055e-01,8.981478959321975708e-02,-6.931631825864315033e-03,-1.658052802085876465e-01,-3.824348002672195435e-02,1.017287075519561768e-01,7.509686946868896484e-01,-2.143324762582778931e-01,2.751837968826293945e-01,-1.552216708660125732e-01,-4.603267312049865723e-01,-6.110086441040039062e-01,-7.145732641220092773e-02,5.836825817823410034e-02,2.570503652095794678e-01,1.004813537001609802e-01,8.109315484762191772e-02,3.933507204055786133e-01,-1.189641803503036499e-01,-8.180815726518630981e-02,7.013311237096786499e-02,-2.329281568527221680e-01,-6.784367561340332031e-02,-1.194222569465637207e-01,2.401716113090515137e-01,8.651868253946304321e-02,1.803488433361053467e-01,-1.114169731736183167e-01,2.798231085762381554e-03,-1.701747626066207886e-01,-5.116354674100875854e-02,-1.231112256646156311e-01,-9.309802204370498657e-02,-3.211417794227600098e-01,1.766428947448730469e-01,-1.388886123895645142e-01,1.384921520948410034e-01,-6.153462082147598267e-02,1.366288065910339355e-01,3.172183036804199219e-02,7.334931194782257080e-02,-2.292062640190124512e-01,9.116076678037643433e-02,-1.296040862798690796e-01,-1.159946992993354797e-01,1.143174022436141968e-01,-2.746065519750118256e-02,-3.916451334953308105e-01,3.039084933698177338e-02,5.079982280731201172e-01,1.019147690385580063e-02,7.714302837848663330e-02,-8.373784273862838745e-02,1.507307169958949089e-03,1.852914541959762573e-01,7.886201143264770508e-02,-2.364096492528915405e-01,-3.242062330245971680e-01,-2.536426484584808350e-01,7.053429633378982544e-02,2.696363627910614014e-01,-3.038896918296813965e-01,-4.796496778726577759e-02,2.523053251206874847e-02,1.464376896619796753e-01,-3.057109415531158447e-01,-3.574137985706329346e-01,7.321333885192871094e-02,-1.508084088563919067e-01,1.349643021821975708e-01,2.212124764919281006e-01,-1.041450873017311096e-01,-4.007064700126647949e-01,-2.948288992047309875e-02,-3.364304006099700928e-01,2.974463105201721191e-01,1.429360061883926392e-01,-7.947029173374176025e-02,-2.045029252767562866e-01,-2.740576565265655518e-01,-7.376106828451156616e-02,-3.845553398132324219e-01,1.107937991619110107e-01,-2.931861877441406250e-01,2.881555855274200439e-01,6.777314841747283936e-02,2.422250509262084961e-01,-1.518085598945617676e-01,-5.004134774208068848e-02,2.479425370693206787e-01,1.785002052783966064e-01,1.037165895104408264e-01,-7.662436366081237793e-02,1.427763700485229492e-01,2.804787829518318176e-02,-3.475055098533630371e-02,4.986919164657592773e-01,2.136258631944656372e-01,-2.545389533042907715e-01,-2.797566950321197510e-01,7.279810961335897446e-03,1.886793673038482666e-01,7.583579514175653458e-03,2.825091183185577393e-01,-1.960817128419876099e-01,-4.760010838508605957e-01,2.499639838933944702e-01,1.655786335468292236e-01,2.296764552593231201e-01,-6.406821310520172119e-02,-4.798942804336547852e-01,1.705451011657714844e-01,-1.425987109541893005e-02,1.909038424491882324e-01,-3.371125757694244385e-01,-3.042628765106201172e-01,9.906630963087081909e-02,1.983766257762908936e-01,2.107806354761123657e-01,-1.835771091282367706e-02,-1.802914440631866455e-01,5.259657502174377441e-01,2.897907197475433350e-01,-6.886347383260726929e-02,-1.968939304351806641e-01,-2.759985327720642090e-01,-3.151927888393402100e-01,-1.185441985726356506e-01,3.237290084362030029e-01,2.185981422662734985e-01,-5.184466391801834106e-02,-1.997289359569549561e-01,-1.027839444577693939e-02,7.918081432580947876e-02,-8.118969947099685669e-02,-1.516248732805252075e-01,-3.276308476924896240e-01,9.008903801441192627e-02,-1.839291304349899292e-01,-4.795914515852928162e-02,-1.817722991108894348e-02,-1.599165350198745728e-01,3.830198943614959717e-02,-3.209106326103210449e-01,2.065663188695907593e-01,-5.686185136437416077e-02,-2.026271633803844452e-02,-1.262626647949218750e-01,4.924879223108291626e-02,2.967305481433868408e-01,-4.960500597953796387e-01,-1.257242709398269653e-01,1.068890020251274109e-01,1.428396701812744141e-01,-3.445141613483428955e-01,-1.082134246826171875e-01,1.617874205112457275e-01,-3.955553174018859863e-01,-2.306775897741317749e-01,1.055512428283691406e-01,-7.857856340706348419e-03,3.180544450879096985e-02,3.015524446964263916e-01,8.952549844980239868e-02,-1.684372127056121826e-01,-4.595927894115447998e-03,-1.860947310924530029e-01,-2.842034101486206055e-01,-8.372272364795207977e-03,-1.008218675851821899e-01,2.789736986160278320e-01,4.411950707435607910e-02,1.259251832962036133e-01,2.949838638305664062e-01,-2.991619892418384552e-02,-3.032572008669376373e-02,3.616326749324798584e-01,2.593514136970043182e-02,3.667590916156768799e-01,2.617251500487327576e-02,-1.019172817468643188e-01,3.148536086082458496e-01,1.313469558954238892e-01,-4.405836164951324463e-01,-1.003662645816802979e-01,6.698727607727050781e-02,-4.905968531966209412e-02,2.454808503389358521e-01,4.297942817211151123e-01,2.712273895740509033e-01,-1.484104525297880173e-02,-1.038812845945358276e-01,-1.755376607179641724e-01,-1.756580471992492676e-01,6.250290572643280029e-02,-2.529581189155578613e-01,-2.670869529247283936e-01,4.957865923643112183e-02,2.010608557611703873e-03,1.712456941604614258e-01,3.729546666145324707e-01,-1.935478746891021729e-01,-7.398861646652221680e-02,-1.285828799009323120e-01,-2.539818640798330307e-03,-3.868454098701477051e-01,-2.888675332069396973e-01,2.335349097847938538e-02,1.442987769842147827e-01,1.212482899427413940e-01,7.060569524765014648e-02,-1.706480830907821655e-01,2.575054764747619629e-01,-1.065259128808975220e-01,1.683064401149749756e-01,-3.437119126319885254e-01,-1.010767593979835510e-01,-2.004465311765670776e-01,-1.268041580915451050e-01,2.995931357145309448e-02,3.382393717765808105e-01,-1.619894057512283325e-02,2.610747143626213074e-02,-6.686831265687942505e-02,2.287902832031250000e-01,2.001983523368835449e-01,-1.697194017469882965e-02,3.563694423064589500e-03,1.699007451534271240e-01,1.522417217493057251e-01,-9.022247046232223511e-03,2.957964539527893066e-01,8.426999673247337341e-03,1.124707832932472229e-01,-2.204487323760986328e-01,-5.529498457908630371e-01,-2.429004460573196411e-01,-1.248671486973762512e-02,-5.815919954329729080e-03,5.878424271941184998e-02,-9.141994267702102661e-02,-2.293193638324737549e-01,1.839672215282917023e-02,-5.410932898521423340e-01,-4.196285903453826904e-01,-1.267017871141433716e-01,1.194348707795143127e-01,1.969218850135803223e-01,-2.606512010097503662e-01,3.361217975616455078e-01,2.014928460121154785e-01,2.762922048568725586e-01,-1.341115869581699371e-02,-6.862245500087738037e-02,-3.141240179538726807e-01,-1.361774951219558716e-01,4.085765182971954346e-01,5.034349560737609863e-01,1.853037029504776001e-01,-5.211167931556701660e-01,-4.155042469501495361e-01,-2.547185719013214111e-01,-1.570845767855644226e-02,-1.423521339893341064e-01,1.203478500247001648e-01,1.208032593131065369e-01,-3.829933702945709229e-01,-1.146536134183406830e-02,9.789062291383743286e-02,5.575736984610557556e-02,2.918289005756378174e-01,1.180862113833427429e-01,-3.969669342041015625e-01,-2.943493127822875977e-01,-1.892787218093872070e-02,-6.211505532264709473e-01,-2.067438662052154541e-01,4.766514301300048828e-01,2.053189873695373535e-01,2.306148409843444824e-01,5.096406117081642151e-02,-2.090893387794494629e-01,1.548481732606887817e-01,8.375801146030426025e-02,-4.626366309821605682e-03,-1.415893584489822388e-01,-2.502879202365875244e-01,-1.217525172978639603e-02,1.252589225769042969e-01,3.478295505046844482e-01,-1.912842988967895508e-01,-6.711999326944351196e-02,3.845437616109848022e-02,2.141590565443038940e-01,1.105394735932350159e-01,7.390498369932174683e-02,1.860090647824108601e-03,6.744202226400375366e-02,4.378941953182220459e-01,1.780888885259628296e-01,-3.644660860300064087e-02,3.663218617439270020e-01,-2.133833914995193481e-01,-3.549259155988693237e-02,-1.740385219454765320e-02,1.671226769685745239e-01,1.658463925123214722e-01,1.651690900325775146e-01,-2.241481244564056396e-01,-2.403244972229003906e-01,-2.648887634277343750e-01,1.050098687410354614e-01,-1.248275116086006165e-01,2.709302306175231934e-01,-3.125833868980407715e-01,-1.760392189025878906e-01,5.348641276359558105e-01,-4.745138064026832581e-02,-2.977244853973388672e-01,-8.798876404762268066e-02,1.754396259784698486e-01,1.365596950054168701e-01,3.835118934512138367e-02,-3.392041325569152832e-01,-2.382718473672866821e-01,1.155834868550300598e-01,-3.235964477062225342e-02,2.472340315580368042e-01,-2.199544012546539307e-01,-8.070442825555801392e-02,-2.452351748943328857e-01,-1.051336675882339478e-01,1.025309488177299500e-01,2.513143420219421387e-01,-6.404659152030944824e-02,5.557958036661148071e-03,-6.936652660369873047e-01,9.052181616425514221e-03,-2.834552228450775146e-01,-1.191159710288047791e-01,3.873812407255172729e-02,-2.502631954848766327e-02,1.296966820955276489e-01,-2.111751437187194824e-01,-8.814066648483276367e-02,-5.722650513052940369e-02,-8.804607391357421875e-02,1.454008966684341431e-01,3.868223726749420166e-02,-1.253798790276050568e-02,1.363086849451065063e-01,-8.553786203265190125e-03,2.787682116031646729e-01,2.879303097724914551e-01,3.330347537994384766e-01,1.415583938360214233e-01,-1.646092720329761505e-02,4.019743949174880981e-02,-1.926501542329788208e-01,2.526786923408508301e-01,1.247922480106353760e-01,-9.168968349695205688e-02,-2.241210490465164185e-01,1.806583851575851440e-01,-2.947979979217052460e-02,-2.932672798633575439e-01,-8.671537786722183228e-02,2.329087853431701660e-01,1.558535359799861908e-02,3.514782339334487915e-02,-1.279033571481704712e-01,-2.380180507898330688e-01,-9.591062366962432861e-02,3.914000932127237320e-03,1.376454532146453857e-01,-3.404089948162436485e-04,-4.665464907884597778e-02,-2.697084546089172363e-01,2.366275340318679810e-01,-1.257212609052658081e-01,-3.707936406135559082e-01,-1.513243615627288818e-01,1.232908964157104492e-01,6.643357127904891968e-02,4.170980155467987061e-01,-2.527249157428741455e-01,4.870344400405883789e-01,3.668128252029418945e-01,1.154944580048322678e-02,3.174525201320648193e-01,-3.140080571174621582e-01,1.083556562662124634e-02,-1.246185526251792908e-01,-6.769763231277465820e-01,1.669063270092010498e-01,-3.629251942038536072e-02,-2.934519350528717041e-01,3.284458220005035400e-01,3.612396419048309326e-01,1.785880769602954388e-03,-4.561639726161956787e-01,2.971560955047607422e-01,3.231292963027954102e-01,3.682342171669006348e-02,-2.320081368088722229e-02,-3.984564840793609619e-01,3.918109834194183350e-01,-3.248008787631988525e-01,2.393026798963546753e-01,1.357097178697586060e-01,-4.207414388656616211e-01,3.220770955085754395e-01,2.394853979349136353e-01,2.867596149444580078e-01,4.879961162805557251e-02,-1.641955375671386719e-01,-2.640564739704132080e-01,-1.095995903015136719e-01,-1.538722664117813110e-01,-2.980162389576435089e-02,-3.917976021766662598e-01,-1.322122961282730103e-01,-2.306183874607086182e-01,-1.722617000341415405e-01,-1.556539088487625122e-01,-5.392728000879287720e-02,1.387248653918504715e-02,-2.915763556957244873e-01,5.709994956851005554e-02,-1.505151540040969849e-01,-7.481218129396438599e-02,4.053591564297676086e-02,3.259972929954528809e-01,5.322433114051818848e-01,1.383985672146081924e-02,-2.835142314434051514e-01,-1.481790840625762939e-01,-2.001890689134597778e-01,2.151974439620971680e-01,1.926726251840591431e-01,-9.691569954156875610e-02,3.031456470489501953e-01,-3.213244080543518066e-01,2.555148303508758545e-01,2.367170760408043861e-03,5.384215340018272400e-02,-1.572551578283309937e-01,-4.712019115686416626e-02,4.803871810436248779e-01,2.036514431238174438e-01,4.283814430236816406e-01,1.516560325399041176e-03,4.450552761554718018e-01,7.490689307451248169e-02,3.370918929576873779e-01,-4.986654967069625854e-02,3.156077265739440918e-01,8.096301555633544922e-02,-2.933231294155120850e-01,-7.341218739748001099e-02,-3.057111240923404694e-02,7.699155062437057495e-02,-2.455450296401977539e-01,-1.376780271530151367e-01,1.663065850734710693e-01,-1.564124375581741333e-01,1.161857992410659790e-01,6.057435274124145508e-02,3.693750798702239990e-01,-1.842691302299499512e-01,-6.938645243644714355e-02,-1.039921715855598450e-01,1.819775849580764771e-01,-3.857420384883880615e-01,-2.708216309547424316e-01,1.505900174379348755e-01,-9.666532278060913086e-02,-2.046017497777938843e-01,-4.119978845119476318e-01,8.205892145633697510e-02,-6.190441548824310303e-02,-4.326720535755157471e-01,1.578781008720397949e-01,3.773809373378753662e-01,4.312470927834510803e-02,3.010527193546295166e-01,6.086709722876548767e-02,-3.023018538951873779e-01,-2.460788786411285400e-01,3.899794518947601318e-01,1.016576439142227173e-01,-7.055620849132537842e-02,3.045349419116973877e-01,1.412794440984725952e-01,-1.140339598059654236e-01,6.528047472238540649e-02,-1.714666038751602173e-01,3.739636540412902832e-01,-2.234253436326980591e-01,2.090100944042205811e-01,1.630758494138717651e-01,4.046701788902282715e-01,-3.385761082172393799e-01,-3.754904270172119141e-01,-2.727014422416687012e-01,-1.856876611709594727e-01,2.382114678621292114e-01,9.438080713152885437e-03,-3.548593223094940186e-01,1.949412673711776733e-01,3.992331027984619141e-01,-2.620297372341156006e-01,-3.726053535938262939e-01,1.824355572462081909e-01,-1.331347227096557617e-01,1.753927320241928101e-01,1.780640333890914917e-01,-7.365383207798004150e-02,7.798782084137201309e-03,2.255082130432128906e-01,2.997455000877380371e-01,3.289167582988739014e-01,-4.613588750362396240e-02,-5.038240551948547363e-01,2.510413825511932373e-01,-1.656847745180130005e-01,2.162309885025024414e-01,3.159464895725250244e-02,-1.433793455362319946e-01,1.609757244586944580e-01,8.881358057260513306e-02,1.718355268239974976e-01,-4.573124349117279053e-01,-1.579110175371170044e-01,5.650537014007568359e-01,-2.167456224560737610e-02,2.052824795246124268e-01,3.892844170331954956e-02,-3.633528947830200195e-01,-4.287551343441009521e-01,1.194127947092056274e-01,3.531799912452697754e-01,2.977389991283416748e-01,-6.960471626371145248e-03,-1.969057172536849976e-01,2.504736483097076416e-01,-5.659819841384887695e-01,-5.522461608052253723e-02,5.627824068069458008e-01,9.912207722663879395e-02,-2.105095088481903076e-01,-4.320189952850341797e-01,-3.911776468157768250e-02,-1.156604140996932983e-01,2.461825311183929443e-01,1.555946618318557739e-01,-4.066597223281860352e-01,2.274472266435623169e-01,3.367951214313507080e-01,-1.369308382272720337e-01,3.347842097282409668e-01,9.478031843900680542e-02,1.844814419746398926e-02,-2.033717371523380280e-02,-2.796304598450660706e-02,-1.562971808016300201e-02,1.880640983581542969e-01,-2.997025847434997559e-01,-2.971224952489137650e-03,-2.741562426090240479e-01,4.357370734214782715e-01,1.120360121130943298e-01,2.396960705518722534e-01,1.647111624479293823e-01,1.272667646408081055e-01,5.710666999220848083e-02,-2.784854471683502197e-01,-1.853098869323730469e-01,1.640104316174983978e-02,2.929258048534393311e-01,-2.513189017772674561e-01,2.190932780504226685e-01,2.032133340835571289e-01,2.934457361698150635e-01,-1.178258657455444336e-01,-1.269653588533401489e-01,4.807305056601762772e-03,9.710124135017395020e-02,-2.216926366090774536e-01,1.627727597951889038e-01,1.665744930505752563e-01,2.075471729040145874e-01,-1.628796458244323730e-01,5.841818451881408691e-02,-2.237432301044464111e-01,-1.518748551607131958e-01,-1.839391440153121948e-01,-7.229674607515335083e-02,2.368483245372772217e-01,2.094271034002304077e-02,1.962637305259704590e-01,2.460660785436630249e-01,8.803127706050872803e-02,2.848609089851379395e-01,3.052497208118438721e-01,3.279434517025947571e-02,-4.622908681631088257e-02,-1.335110217332839966e-01,1.406893730163574219e-01,1.679657250642776489e-01,-2.249259874224662781e-02,3.797620534896850586e-02,-2.526764571666717529e-01,-3.508919179439544678e-01,-9.608882665634155273e-02,-2.708200514316558838e-01,-3.187269568443298340e-01,-2.456602156162261963e-01,3.102044761180877686e-01,1.842297464609146118e-01,1.663704663515090942e-01,-3.481014817953109741e-02,-1.710549145936965942e-01,1.913145482540130615e-01,-1.156107708811759949e-01,3.142590522766113281e-01,-1.199690252542495728e-01,-3.215219974517822266e-01,-7.090739905834197998e-02,-2.312817424535751343e-01,-5.320022702217102051e-01,-2.125061303377151489e-01,-8.905428647994995117e-02,-1.355380862951278687e-01,-1.551686078310012817e-01,1.762281954288482666e-01,-2.403766214847564697e-01,-2.261395901441574097e-01,2.131331115961074829e-01,3.108775429427623749e-02,-1.455163210630416870e-01,-5.070806741714477539e-01,1.384712010622024536e-01,-5.585513263940811157e-02
4.361330345273017883e-02,-3.270691931247711182e-01,9.028002619743347168e-02,3.799068629741668701e-01,2.312699705362319946e-02,-1.272143125534057617e-01,-7.250369340181350708e-02,-7.049990445375442505e-02,9.325497597455978394e-02,-7.414771243929862976e-03,9.346499294042587280e-02,2.704933099448680878e-02,-1.172350868582725525e-01,3.031874075531959534e-02,-1.176315620541572571e-01,5.252217054367065430e-01,-2.466921359300613403e-01,-5.890135169029235840e-01,-3.310690224170684814e-01,-8.898409456014633179e-02,-9.478954225778579712e-02,3.690652549266815186e-01,8.468440175056457520e-02,-7.924229651689529419e-02,-2.529051601886749268e-01,6.611601263284683228e-02,-5.794287100434303284e-02,-1.304399408400058746e-02,3.363475799560546875e-01,-5.797014385461807251e-02,9.634680300951004028e-02,-3.780834376811981201e-02,3.711262941360473633e-01,4.749307408928871155e-02,2.816703021526336670e-01,2.871749103069305420e-01,1.094211861491203308e-01,-3.159802854061126709e-01,1.582370847463607788e-01,-2.730598151683807373e-01,-1.271153688430786133e-01,2.608757019042968750e-01,6.378275156021118164e-02,2.633920013904571533e-01,-1.000828966498374939e-01,2.730811536312103271e-01,-1.139820367097854614e-01,1.237311884760856628e-01,-4.970055073499679565e-02,5.006956309080123901e-02,1.808807849884033203e-01,-1.733580529689788818e-01,1.598041355609893799e-01,1.974281370639801025e-01,8.364880830049514771e-02,-4.775819554924964905e-02,-4.095579311251640320e-02,3.005029559135437012e-01,-2.012621164321899414e-01,2.380873113870620728e-01,3.929566219449043274e-02,-1.749610453844070435e-01,4.893080592155456543e-01,-3.216181099414825439e-01,-2.048881351947784424e-02,-1.313023716211318970e-01,2.644901573657989502e-01,-5.651632323861122131e-02,1.540843695402145386e-01,1.029107496142387390e-01,1.490119099617004395e-01,-3.309319168329238892e-02,-1.068125963211059570e-01,-2.009827196598052979e-01,-1.903428733348846436e-01,2.352551221847534180e-01,-5.027480423450469971e-02,-5.160273909568786621e-01,-1.050389781594276428e-01,-5.430633202195167542e-02,1.097284853458404541e-01,-2.154368013143539429e-01,-2.066624164581298828e-01,1.319090873003005981e-01,3.169399127364158630e-02,-1.793171861208975315e-03,9.451528638601303101e-02,-4.953693598508834839e-02,3.433916270732879639e-01,4.438789784908294678e-01,-9.052625298500061035e-02,-3.285126760601997375e-02,-1.354800164699554443e-01,-1.295622140169143677e-01,-2.799883186817169189e-01,-2.505576908588409424e-01,1.183147653937339783e-01,-1.827658265829086304e-01,1.895889639854431152e-01,1.711149513721466064e-02,6.844613701105117798e-02,-5.400842055678367615e-02,-1.583814769983291626e-01,1.687746495008468628e-01,3.493838608264923096e-01,-7.712560147047042847e-02,1.500450521707534790e-01,-9.826377034187316895e-03,-1.919013708829879761e-01,-4.103275015950202942e-03,-1.881111413240432739e-01,4.067856371402740479e-01,3.040026314556598663e-02,-3.127646446228027344e-02,2.849704921245574951e-01,1.187399700284004211e-01,2.337037026882171631e-01,5.329696089029312134e-02,5.220108032226562500e-01,8.816052228212356567e-02,2.522300481796264648e-01,7.567327469587326050e-03,-1.299848258495330811e-01,1.794268749654293060e-02,-2.728765457868576050e-02,-1.456364840269088745e-01,7.066661864519119263e-02,6.846361607313156128e-02,-3.679180443286895752e-01,-1.928951889276504517e-01,-5.657273158431053162e-02,-8.246277272701263428e-02,-7.723645120859146118e-02,-1.091393977403640747e-01,-4.215906858444213867e-01,1.596896499395370483e-01,-1.611143350601196289e-01,-2.604356706142425537e-01,1.920246779918670654e-01,-2.033771760761737823e-02,1.234719902276992798e-01,7.575345039367675781e-02,-4.161360561847686768e-01,-2.019916176795959473e-01,-8.117498457431793213e-02,7.501605898141860962e-02,-9.066604077816009521e-02,3.457332849502563477e-01,1.497772708535194397e-02,-1.982084810733795166e-01,1.353518664836883545e-01,5.341120064258575439e-02,1.894110590219497681e-01,-1.134223043918609619e-01,-2.535660564899444580e-01,-1.028501689434051514e-01,4.490594193339347839e-02,5.373576655983924866e-02,-4.344790577888488770e-01,9.044961631298065186e-02,-9.137668460607528687e-02,-4.194593057036399841e-02,2.495891749858856201e-01,-3.061472773551940918e-01,-3.019580617547035217e-02,-8.630248159170150757e-02,-2.051977813243865967e-01,9.290728718042373657e-02,-1.064256057143211365e-01,5.556811764836311340e-02,2.252277880907058716e-01,4.917261749505996704e-02,-2.540555298328399658e-01,4.836262017488479614e-02,-6.588205695152282715e-02,3.586680889129638672e-01,-9.602465480566024780e-02,1.029523015022277832e-01,2.741433307528495789e-02,-2.434581816196441650e-01,3.954752814024686813e-03,1.230402104556560516e-02,2.654096782207489014e-01,-2.113494575023651123e-01,-1.013472080230712891e-01,1.118995919823646545e-01,8.622032403945922852e-02,-2.269439585506916046e-02,3.735651075839996338e-01,1.561007946729660034e-01,-1.219363883137702942e-01,-1.134442836046218872e-01,2.419805377721786499e-01,4.728207290172576904e-01,1.042677536606788635e-01,6.651093065738677979e-02,-4.162621796131134033e-01,-1.454883962869644165e-01,-1.446396708488464355e-01,1.492834538221359253e-01,-1.430261284112930298e-01,-3.375711441040039062e-01,-6.104360148310661316e-02,4.233450442552566528e-02,-2.873597145080566406e-01,2.375557720661163330e-01,-1.470760554075241089e-01,3.821010887622833252e-01,-2.318797111511230469e-01,-1.083790734410285950e-01,9.463579207658767700e-02,-3.559965193271636963e-01,-1.833905875682830811e-01,-1.618951559066772461e-01,-2.122089713811874390e-01,7.375345379114151001e-02,2.721482515335083008e-01,-4.502786397933959961e-01,1.266208197921514511e-02,1.001608595252037048e-01,-3.056899905204772949e-01,-1.839661449193954468e-01,7.642399519681930542e-02,1.157338768243789673e-01,-2.435094490647315979e-02,-7.641709595918655396e-02,2.214711755514144897e-01,-8.794172108173370361e-02,5.653907656669616699e-01,-2.449364513158798218e-01,-1.170692667365074158e-01,-5.087698623538017273e-02,-6.362812966108322144e-02,-1.578587591648101807e-01,1.811550557613372803e-01,-5.474388599395751953e-02,1.683962345123291016e-01,-3.670617192983627319e-02,-4.351447522640228271e-01,8.488449454307556152e-02,-2.338829040527343750e-01,-1.136048063635826111e-01,5.584973469376564026e-02,2.301905751228332520e-01,-3.275010883808135986e-01,-4.019154310226440430e-01,1.493967920541763306e-01,9.311305731534957886e-02,1.871711164712905884e-01,2.939196527004241943e-01,2.447132021188735962e-01,4.009003192186355591e-02,1.750273108482360840e-01,5.117366313934326172e-01,3.703551292419433594e-01,3.583404049277305603e-02,-9.146001935005187988e-02,-3.806420862674713135e-01,-2.783263660967350006e-02,-8.073277771472930908e-02,-1.484132371842861176e-02,2.820945680141448975e-01,-1.411364879459142685e-02,-1.464780326932668686e-02,1.247558519244194031e-01,3.302515298128128052e-02,7.614223659038543701e-02,2.190948575735092163e-01,-4.536177590489387512e-02,3.562363386154174805e-01,-1.248386204242706299e-01,5.256105065345764160e-01,-1.095839291810989380e-01,-5.060133524239063263e-03,4.722946137189865112e-02,-4.632453024387359619e-01,-2.924471199512481689e-01,1.255581676959991455e-01,-1.259922087192535400e-01,-3.180597722530364990e-01,-2.970519661903381348e-01,-1.252673752605915070e-02,3.500446677207946777e-01,-9.140142053365707397e-02,-1.207859963178634644e-01,2.017578184604644775e-01,7.966107875108718872e-02,2.037052512168884277e-01,-1.831716150045394897e-01,1.083033829927444458e-01,-2.816514857113361359e-02,4.449445903301239014e-01,2.264911681413650513e-01,5.165869593620300293e-01,-1.368907094001770020e-01,-2.078547477722167969e-01,8.409544825553894043e-02,-2.185743302106857300e-01,-2.819705288857221603e-03,2.904638648033142090e-01,1.663833856582641602e-01,1.625032424926757812e-01,-4.834172129631042480e-02,-2.318770289421081543e-01,-2.572513222694396973e-01,6.769351661205291748e-02,4.000876843929290771e-02,-8.531947433948516846e-02,-7.486060261726379395e-02,3.588974773883819580e-01,-1.054108366370201111e-01,4.770071804523468018e-02,2.292013727128505707e-02,-3.344929516315460205e-01,1.118957251310348511e-01,1.919083446264266968e-01,3.395496010780334473e-01,3.444407880306243896e-01,1.199655607342720032e-02,-4.824692308902740479e-01,5.233694911003112793e-01,1.797964721918106079e-01,-6.063810363411903381e-02,-6.873119473457336426e-01,1.029929742217063904e-01,-8.215736597776412964e-02,-1.596443206071853638e-01,-2.019567489624023438e-01,7.464167475700378418e-02,5.890349745750427246e-01,-2.874328792095184326e-01,1.553082168102264404e-01,-4.394788295030593872e-02,1.284300386905670166e-01,-2.085532695055007935e-01,-5.512803792953491211e-01,-1.635806411504745483e-01,-3.779667019844055176e-01,-8.626074343919754028e-02,5.516715347766876221e-02,-1.071582585573196411e-01,-2.930781841278076172e-01,-2.701376974582672119e-01,-1.826070845127105713e-01,9.156595170497894287e-02,1.457606703042984009e-01,9.801194816827774048e-02,-3.200623095035552979e-01,4.222681373357772827e-02,1.447076722979545593e-02,2.276889681816101074e-01,-2.838986366987228394e-02,-4.513163492083549500e-02,1.062289066612720490e-02,-5.526534095406532288e-02,4.840753506869077682e-03,2.354485392570495605e-01,-2.842496335506439209e-02,5.823113918304443359e-01,-8.671543747186660767e-02,-1.910707056522369385e-01,-3.150260448455810547e-01,-1.456777900457382202e-01,2.329420596361160278e-01,2.476183772087097168e-01,-1.485054641962051392e-01,-1.935834884643554688e-01,2.734608650207519531e-01,1.103844866156578064e-01,-3.880016133189201355e-02,9.476253390312194824e-02,-6.438931077718734741e-02,8.848422765731811523e-02,-3.726956248283386230e-02,2.577227912843227386e-02,-2.996754646301269531e-01,-5.723765492439270020e-02,-1.007777228951454163e-01,-1.720657944679260254e-01,-1.032073399983346462e-03,-1.528913229703903198e-01,9.147894382476806641e-02,2.323413938283920288e-01,-2.846447527408599854e-01,6.218207255005836487e-02,-2.842200696468353271e-01,-2.363901585340499878e-01,-3.205742239952087402e-01,-3.284489810466766357e-01,-2.749482393264770508e-01,-2.165275998413562775e-02,-3.333523496985435486e-02,7.800856977701187134e-02,-1.399782150983810425e-01,-4.137575253844261169e-02,1.778434962034225464e-01,-9.029086679220199585e-02,-1.546062678098678589e-01,-6.395838409662246704e-02,-1.198366656899452209e-01,1.737206429243087769e-01,-1.080911532044410706e-01,5.365044251084327698e-02,-1.169770509004592896e-01,-1.653672941029071808e-02,1.017682701349258423e-01,1.245132312178611755e-01,4.936961457133293152e-02,8.685626089572906494e-02,-7.787259295582771301e-03,4.251111298799514771e-02,1.771534532308578491e-01,-3.163323700428009033e-01,-1.376754045486450195e-01,-2.056348174810409546e-01,-3.117350041866302490e-01,7.129953056573867798e-02,1.042634546756744385e-01,4.582225531339645386e-02,-2.672056667506694794e-02,-7.796114683151245117e-02,2.137036323547363281e-01,-2.326671928167343140e-01,1.927949488162994385e-01,3.438781946897506714e-02,-8.756590634584426880e-02,-2.384743839502334595e-01,5.496408939361572266e-01,-3.894271701574325562e-02,-1.203179359436035156e-01,-1.548869162797927856e-01,-6.167820096015930176e-02,1.688866168260574341e-01,-3.056517243385314941e-01,-1.764873266220092773e-01,-5.453874170780181885e-02,-4.953001439571380615e-02,1.330030262470245361e-01,1.358584612607955933e-01,-1.179597079753875732e-01,4.521671831607818604e-01,6.702706217765808105e-02,1.276844143867492676e-01,1.486522853374481201e-01,-3.804112970829010010e-02,2.478808760643005371e-01,4.061208665370941162e-01,2.615751028060913086e-01,8.108279854059219360e-02,1.456956658512353897e-02,3.044679388403892517e-02,-1.242876127362251282e-01,1.108122915029525757e-01,-8.825152367353439331e-02,1.349538117647171021e-01,-1.732162535190582275e-01,-7.393436972051858902e-03,-1.874677091836929321e-01,9.889926761388778687e-02,3.538506478071212769e-02,4.456625506281852722e-02,-2.479616850614547729e-01,6.997434049844741821e-02,2.069449424743652344e-02,-4.436971619725227356e-02,-3.334266319870948792e-02,1.573328077793121338e-01,-6.146799325942993164e-01,5.518236011266708374e-02,-6.424754112958908081e-02,8.527418226003646851e-02,1.506585478782653809e-01,-1.200440749526023865e-01,-2.571643590927124023e-01,2.996224462985992432e-01,-1.037754416465759277e-01,-2.505963742733001709e-01,-1.352657377719879150e-01,3.801442682743072510e-01,-3.870579898357391357e-01,6.061289086937904358e-02,-5.648903176188468933e-02,-1.160958483815193176e-01,-2.869561314582824707e-01,-3.476235270500183105e-01,2.377444803714752197e-01,5.521824210882186890e-02,7.883047685027122498e-03,1.415928304195404053e-01,-2.188786566257476807e-01,-1.953941732645034790e-01,-2.313153445720672607e-02,-1.622352153062820435e-01,-2.658692598342895508e-01,-1.070559173822402954e-01,-1.558332592248916626e-01,-9.314694255590438843e-02,-9.601611644029617310e-03,2.327909134328365326e-02,-8.348919451236724854e-02,-1.697504818439483643e-01,5.025877058506011963e-02,5.470009893178939819e-02,-1.406672596931457520e-01,6.899819523096084595e-02,-2.212933152914047241e-01,-2.703146040439605713e-01,1.435412187129259109e-02,2.493332922458648682e-01,9.570935368537902832e-02,-8.659708499908447266e-02,-7.378978282213211060e-02,-4.173678904771804810e-02,1.897006183862686157e-01,4.788563773036003113e-02,7.233714312314987183e-02,5.086356401443481445e-01,5.361956954002380371e-01,-4.006990045309066772e-02,6.580175459384918213e-02,5.657039880752563477e-01,-2.185925990343093872e-01,1.099830046296119690e-01,-8.385019749402999878e-02,-4.625927656888961792e-02,2.372363209724426270e-01,1.025121137499809265e-01,6.749119609594345093e-02,2.297177612781524658e-01,1.320231109857559204e-01,2.492796629667282104e-01,-3.449655696749687195e-02,1.554582417011260986e-01,3.415684103965759277e-01,9.225872904062271118e-02,3.603543639183044434e-01,2.119276672601699829e-01,-1.071856692433357239e-01,1.049033999443054199e-01,-2.015623748302459717e-01,2.413009852170944214e-01,-5.707836747169494629e-01,4.218956083059310913e-02,-3.021118640899658203e-01,1.477985233068466187e-01,6.995943188667297363e-02,3.021342456340789795e-01,2.014413774013519287e-01,2.515130639076232910e-01,-4.082705080509185791e-01,-3.016332685947418213e-01,-1.979989409446716309e-01,-2.790424525737762451e-01,2.313566058874130249e-01,1.160566806793212891e-01,1.928882151842117310e-01,5.277420282363891602e-01,9.883616864681243896e-02,9.530263394117355347e-02,1.646443456411361694e-01,-1.580332368612289429e-01,1.898327656090259552e-02,-1.039297282695770264e-01,-3.502991795539855957e-01,-2.431768923997879028e-01,1.972215995192527771e-02,-1.846475643105804920e-03,-8.839429169893264771e-02,1.241200640797615051e-01,6.743654143065214157e-03,-3.318551778793334961e-01,-2.252549976110458374e-01,2.442334443330764771e-01,-2.502574026584625244e-01,-3.400778770446777344e-01,-2.020230740308761597e-01,2.347009778022766113e-01,-1.322989817708730698e-02,-2.260292880237102509e-02,-1.583726108074188232e-01,2.659143209457397461e-01,-1.482765674591064453e-01,-6.584921479225158691e-02,2.547199465334415436e-02,4.774331152439117432e-01,-3.853510320186614990e-02,4.825843870639801025e-02,2.342037707567214966e-01,2.422682642936706543e-01,-1.192418262362480164e-01,9.400921314954757690e-02,-8.615235239267349243e-02,-1.945252120494842529e-01,-1.646593362092971802e-01,1.144150719046592712e-01,-3.322631418704986572e-01,1.040819510817527771e-01,1.599385440349578857e-01,2.807930111885070801e-01,-2.926060743629932404e-02,2.413743548095226288e-02,3.326641023159027100e-01,3.192351758480072021e-01,1.330527961254119873e-01,8.827827870845794678e-02,4.380128160119056702e-02,-1.146525219082832336e-01,2.627479434013366699e-01,1.100523471832275391e-01,-4.131821542978286743e-02,4.368966072797775269e-02,-6.230966746807098389e-02,1.334076076745986938e-01,-2.979016602039337158e-01,2.002448141574859619e-01,3.483923375606536865e-01,-3.199380338191986084e-01,-1.556388437747955322e-01,1.561357975006103516e-01,-1.140380874276161194e-01,1.314515322446823120e-01,-1.275414228439331055e-01,4.128861129283905029e-01,1.382144540548324585e-02,7.211635261774063110e-02,1.698927767574787140e-02,1.289357990026473999e-01,-9.003543108701705933e-02,-1.560179591178894043e-01,4.918719232082366943e-01,7.791489828377962112e-03,3.209529817104339600e-01,2.723023891448974609e-01,-2.163692414760589600e-01,1.295720785856246948e-01,5.830815061926841736e-02,-1.993442326784133911e-01,-3.420260176062583923e-02,4.009963199496269226e-02,-9.108517318964004517e-02,2.494257502257823944e-02,-1.954890936613082886e-01,-1.401388924568891525e-02,-1.378342658281326294e-01,-4.134884476661682129e-02,-1.855403333902359009e-01,7.837715744972229004e-02,-1.399392634630203247e-01,3.632960096001625061e-02,-9.017085283994674683e-02,-1.305562555789947510e-01,-3.015669584274291992e-01,3.595451414585113525e-01,-8.115166425704956055e-02,4.511739909648895264e-01,-2.174964547157287598e-01,2.278345078229904175e-01,2.263494729995727539e-01,8.600795641541481018e-03,-3.446932509541511536e-02,-5.206226110458374023e-01,-2.385922372341156006e-01,-9.169746935367584229e-02,-8.035256713628768921e-02,3.281809687614440918e-01,-7.451388984918594360e-02,1.026781797409057617e-01,2.178883925080299377e-02,-1.159574463963508606e-01,1.359052490442991257e-02,-3.941527605056762695e-01,1.834961175918579102e-01,1.122792158275842667e-02,8.331973850727081299e-02,2.304109483957290649e-01,1.492137312889099121e-01,-1.997122317552566528e-01,1.023337841033935547e-01,-1.655227690935134888e-01,3.892252454534173012e-03,-4.783532395958900452e-02,3.423124551773071289e-01,6.057519931346178055e-03,1.232328191399574280e-01,8.965841680765151978e-02,-7.885498553514480591e-02,-4.373322054743766785e-02,6.124068051576614380e-02,-5.126079078763723373e-03,-2.564923167228698730e-01,2.217108011245727539e-01,-2.236093580722808838e-01,1.566717326641082764e-01,1.729882061481475830e-01,-2.248362749814987183e-01,-1.595956385135650635e-01,1.785118728876113892e-01,-8.323084563016891479e-02,1.924096047878265381e-01,1.168468147516250610e-01,1.984321326017379761e-01,-1.666515320539474487e-02,-1.714126318693161011e-01,-7.192354649305343628e-03,-3.439624607563018799e-01,1.054702252149581909e-01,-1.993527561426162720e-01,-8.391499519348144531e-02,-2.442093342542648315e-01,1.611360609531402588e-01,-2.498813122510910034e-01,-1.821267604827880859e-01,2.221570611000061035e-01,2.874203026294708252e-01,6.918694078922271729e-02,-7.845663279294967651e-02,-1.978422701358795166e-01,-2.069103270769119263e-01,2.030126899480819702e-01,4.404700100421905518e-01,-8.483497798442840576e-02,3.338078036904335022e-02,-6.277769804000854492e-02,2.403208613395690918e-01,-2.027421593666076660e-01,3.402839899063110352e-01,5.716563388705253601e-02,1.411927938461303711e-01,-4.320130646228790283e-01,1.161378156393766403e-02,-1.710443794727325439e-01,-1.863546073436737061e-01,2.843778729438781738e-01,-4.553162306547164917e-02,1.742310076951980591e-01,1.695887595415115356e-01,1.067000254988670349e-01,1.284269895404577255e-02,-1.355071067810058594e-01,2.638474106788635254e-01,-2.085497081279754639e-01,-1.769940108060836792e-01,-1.050468906760215759e-01,-6.281964480876922607e-02,4.131397977471351624e-02,2.978088892996311188e-02,-1.180968359112739563e-01,1.268407702445983887e-01,-4.448903352022171021e-02,-1.326934099197387695e-01,7.175231724977493286e-02,-2.899049520492553711e-01,-2.541134357452392578e-01,9.129182249307632446e-02,1.541516333818435669e-01,-2.056113630533218384e-01,3.014440648257732391e-02,1.622956246137619019e-01,-1.873934417963027954e-01,-1.236427873373031616e-01,-3.332292661070823669e-02,-1.816940307617187500e-01,-2.260764241218566895e-01,-8.458166569471359253e-02,-1.715829037129878998e-02,1.480659246444702148e-01,-3.396138250827789307e-01,-2.855730354785919189e-01
1.309813093394041061e-02,-1.927281469106674194e-01,-8.980767801403999329e-03,-6.275355815887451172e-01,-7.837198674678802490e-02,-2.555768191814422607e-02,-2.662422955036163330e-01,-3.443720936775207520e-02,7.937824726104736328e-02,3.796872794628143311e-01,3.074311912059783936e-01,4.413844048976898193e-01,-4.253949522972106934e-01,7.673450559377670288e-02,3.891032040119171143e-01,1.211966499686241150e-01,6.153210625052452087e-02,1.250019520521163940e-01,4.669915735721588135e-01,1.757900118827819824e-01,2.726389467716217041e-01,-9.846466779708862305e-02,3.620209097862243652e-01,2.780564427375793457e-01,-5.643092095851898193e-02,-1.530954055488109589e-02,-7.037308067083358765e-02,1.484985500574111938e-01,-4.652127921581268311e-01,3.930121362209320068e-01,-1.391882002353668213e-01,2.525496780872344971e-01,7.761606574058532715e-02,-1.292581260204315186e-01,-3.444859087467193604e-01,-1.869043856859207153e-01,1.810371726751327515e-01,1.778663843870162964e-01,-1.780564635992050171e-01,5.367469787597656250e-01,9.071585536003112793e-02,1.001534983515739441e-01,-2.919663786888122559e-01,2.537468671798706055e-01,4.408801198005676270e-01,1.723676621913909912e-01,-2.706908583641052246e-01,3.118073046207427979e-01,2.294702380895614624e-01,-1.214538291096687317e-01,5.232717394828796387e-01,1.962533146142959595e-01,6.498077511787414551e-02,-5.127182602882385254e-01,4.424544572830200195e-01,-2.020297795534133911e-01,4.490631073713302612e-02,4.902409762144088745e-02,6.926249712705612183e-02,1.629855670034885406e-02,-2.360139936208724976e-01,1.396512389183044434e-01,-3.291175663471221924e-01,2.781703472137451172e-01,-1.126450002193450928e-01,-1.284773498773574829e-01,-6.101236939430236816e-01,-1.970480531454086304e-01,2.483631819486618042e-01,-3.427229225635528564e-01,4.742791354656219482e-01,1.166135445237159729e-02,-7.769125699996948242e-02,-4.459745287895202637e-01,2.061039060354232788e-01,9.334519505500793457e-02,-1.700874269008636475e-01,1.217982918024063110e-01,-4.159801304340362549e-01,3.717451989650726318e-01,1.012790249660611153e-03,5.238605141639709473e-01,2.330145388841629028e-01,-2.151103466749191284e-01,-1.363074481487274170e-01,1.481248531490564346e-02,-2.026725113391876221e-01,-2.682534232735633850e-02,6.410720944404602051e-01,-1.636206507682800293e-01,-3.419237136840820312e-01,3.539936849847435951e-03,4.218271374702453613e-02,2.070024907588958740e-01,3.263057023286819458e-02,-6.143063306808471680e-01,1.519940942525863647e-01,-2.935893237590789795e-01,1.173268556594848633e-01,1.420564204454421997e-01,3.231550753116607666e-01,1.183943152427673340e-01,2.227206081151962280e-01,-5.662558972835540771e-02,-4.055745601654052734e-01,5.090652108192443848e-01,-1.014043856412172318e-02,3.527631238102912903e-02,8.023408800363540649e-02,-3.350779041647911072e-02,-2.651571929454803467e-01,-2.323140203952789307e-01,4.521981999278068542e-02,2.397415488958358765e-01,-1.825970262289047241e-01,-3.172125518321990967e-01,-1.345455199480056763e-01,1.935870349407196045e-01,1.033836081624031067e-01,-4.026876762509346008e-03,-3.059796057641506195e-02,1.840806305408477783e-01,-3.967224434018135071e-02,-8.852561586536467075e-04,2.517649233341217041e-01,3.184413313865661621e-01,-7.329533994197845459e-02,-5.626314878463745117e-02,4.343904852867126465e-01,1.124118715524673462e-01,1.997197419404983521e-02,-3.764300420880317688e-02,-3.462505042552947998e-01,1.037441566586494446e-01,-1.047481298446655273e-01,-4.695449396967887878e-02,-5.287289619445800781e-01,-6.978076100349426270e-01,-3.813446760177612305e-01,2.342480272054672241e-01,-3.723865374922752380e-02,-1.136249899864196777e-01,3.476499319076538086e-01,6.087420880794525146e-02,1.665461510419845581e-01,-1.198368892073631287e-02,-9.950095415115356445e-02,-1.067645102739334106e-01,-3.183346092700958252e-01,-1.205324158072471619e-01,-5.187308415770530701e-02,2.721516191959381104e-01,1.466133072972297668e-02,-3.501745164394378662e-01,3.223449885845184326e-01,-5.457336455583572388e-02,4.558228552341461182e-01,4.436476156115531921e-02,4.437118470668792725e-01,-6.592324376106262207e-02,-5.442099571228027344e-01,4.612388834357261658e-02,2.666013538837432861e-01,-3.600460290908813477e-01,-3.686043918132781982e-01,-1.731249392032623291e-01,-3.000326156616210938e-01,2.322264164686203003e-01,3.734458684921264648e-01,-9.970147907733917236e-02,-4.239718616008758545e-02,3.435554802417755127e-01,4.354248046875000000e-01,1.528806239366531372e-01,3.579812124371528625e-02,-2.373632043600082397e-01,-2.832962870597839355e-01,-2.895211875438690186e-01,-1.366271376609802246e-01,-1.167153567075729370e-01,-6.554522365331649780e-02,2.294968664646148682e-01,6.602440476417541504e-01,9.077275171875953674e-03,1.083893105387687683e-01,4.075689706951379776e-03,-7.442644238471984863e-02,-1.804760843515396118e-01,4.297306761145591736e-02,-2.356380522251129150e-01,2.692620158195495605e-01,-2.451989650726318359e-01,8.728616684675216675e-02,1.467214431613683701e-02,8.188026547431945801e-01,2.142977714538574219e-01,-1.850428245961666107e-02,5.731477737426757812e-01,-1.138164848089218140e-01,4.401896297931671143e-01,-1.270896792411804199e-01,-1.352689266204833984e-01,9.061596542596817017e-02,1.073833405971527100e-01,5.080235600471496582e-01,1.865961030125617981e-02,4.757345467805862427e-02,-1.015742346644401550e-01,3.036309778690338135e-01,3.550082445144653320e-01,7.206182926893234253e-02,-1.809622198343276978e-01,1.170958429574966431e-01,5.032489448785781860e-02,2.916311323642730713e-01,9.874374372884631157e-04,4.878317117691040039e-01,-5.215492099523544312e-02,1.184580661356449127e-02,9.686516970396041870e-02,-2.682615220546722412e-01,-1.776255369186401367e-01,1.659068614244461060e-01,3.275813460350036621e-01,-3.664416968822479248e-01,-2.698645694181323051e-03,2.449330836534500122e-01,5.378041043877601624e-02,-1.071369200944900513e-01,2.625089585781097412e-01,6.041161343455314636e-02,1.921630091965198517e-02,-5.115956068038940430e-01,1.896176189184188843e-01,8.279523998498916626e-02,9.185297042131423950e-02,2.402600646018981934e-01,-5.035832873545587063e-04,3.450328707695007324e-01,1.973607540130615234e-01,9.444534778594970703e-03,1.046702787280082703e-01,8.201813697814941406e-02,5.143017172813415527e-01,6.691276282072067261e-02,-2.987094521522521973e-01,2.056833207607269287e-01,3.013937771320343018e-01,3.205318450927734375e-01,-2.563497051596641541e-02,1.476148962974548340e-01,-3.284665942192077637e-01,-5.845213681459426880e-02,-2.388928085565567017e-01,-2.215774655342102051e-01,-1.071997731924057007e-02,-1.703241914510726929e-01,1.670289784669876099e-01,1.946394294500350952e-01,5.512970089912414551e-01,4.699653387069702148e-01,-6.900905072689056396e-02,-5.305361002683639526e-02,2.184932231903076172e-01,-6.436093151569366455e-02,5.862959027290344238e-01,-9.534244239330291748e-02,3.294186592102050781e-01,-2.879792749881744385e-01,-1.767483055591583252e-01,2.170822918415069580e-01,-1.028981730341911316e-01,-3.986615836620330811e-01,-6.342603266239166260e-02,4.262313246726989746e-01,-1.058585122227668762e-01,6.706077605485916138e-02,-1.219648718833923340e-01,-1.214426755905151367e-01,5.692976117134094238e-01,1.351652015000581741e-02,-1.050974875688552856e-01,-1.294005960226058960e-01,-2.492648512125015259e-01,-3.377383351325988770e-01,-1.948944926261901855e-01,9.497134014964103699e-03,-6.270140409469604492e-02,2.421643435955047607e-01,-3.418179154396057129e-01,1.253119856119155884e-01,-1.317633390426635742e-01,1.120059490203857422e-01,2.644300758838653564e-01,1.174358725547790527e-01,-7.026702165603637695e-02,1.982409060001373291e-01,-1.025952920317649841e-01,1.214777529239654541e-01,-2.763089835643768311e-01,2.379857748746871948e-01,4.628882110118865967e-01,-2.166375964879989624e-01,1.635688692331314087e-01,1.305395960807800293e-01,-1.246279031038284302e-01,-4.404561594128608704e-02,1.834020614624023438e-01,-5.357573553919792175e-02,4.332389533519744873e-01,8.068867027759552002e-02,-1.058851554989814758e-01,1.144410520792007446e-01,1.185306012630462646e-01,-5.774492770433425903e-02,-1.573469936847686768e-01,-1.630133688449859619e-01,2.261982262134552002e-01,1.262664496898651123e-01,-5.218219477683305740e-03,5.085223820060491562e-04,-5.170985460281372070e-01,1.901483833789825439e-01,-3.448162600398063660e-02,2.926653921604156494e-01,-2.958684600889682770e-02,1.019907668232917786e-01,1.706764549016952515e-01,-2.870240211486816406e-01,3.957144320011138916e-01,3.432521969079971313e-02,-2.256346195936203003e-01,-4.535267129540443420e-02,5.653482675552368164e-02,1.269307732582092285e-01,-3.612174391746520996e-01,3.357088267803192139e-01,5.408184602856636047e-02,-4.913693666458129883e-01,7.480445504188537598e-02,2.912393212318420410e-01,5.381223559379577637e-02,-1.998460739850997925e-01,-3.751011565327644348e-02,-1.024044752120971680e-01,-4.031077027320861816e-01,1.818769425153732300e-01,-1.906115412712097168e-01,2.589753568172454834e-01,-4.190148711204528809e-01,-9.902656078338623047e-02,-2.026543766260147095e-02,9.434428066015243530e-02,2.776172161102294922e-01,3.552207648754119873e-01,-3.671162426471710205e-01,2.110327929258346558e-01,8.794549852609634399e-02,1.351402550935745239e-01,-1.535685509443283081e-01,1.933188736438751221e-01,1.085782647132873535e-01,2.307021170854568481e-01,-7.403077185153961182e-02,-3.485166132450103760e-01,-3.085298538208007812e-01,3.498017787933349609e-01,1.491044163703918457e-01,-4.137042164802551270e-01,1.608306765556335449e-01,-4.259702190756797791e-02,1.283524632453918457e-01,1.518176347017288208e-01,-6.139212101697921753e-02,-5.605790391564369202e-02,-1.763213276863098145e-01,4.583100229501724243e-02,1.305512785911560059e-01,2.131898850202560425e-01,-9.901545196771621704e-02,-1.345175597816705704e-02,2.386241108179092407e-01,-9.449254721403121948e-02,4.148364365100860596e-01,-4.852466583251953125e-01,2.380280494689941406e-01,-1.519706398248672485e-01,-3.213193416595458984e-01,-9.788712859153747559e-02,2.438398450613021851e-01,-2.967026233673095703e-01,-5.369970202445983887e-01,9.131204336881637573e-02,-1.486723572015762329e-01,9.687038511037826538e-02,1.435374319553375244e-01,1.844073683023452759e-01,-3.666125237941741943e-01,2.715134024620056152e-01,6.125180125236511230e-01,3.603687286376953125e-01,2.114108800888061523e-01,1.124540157616138458e-02,-4.258919656276702881e-01,2.103136628866195679e-01,4.849149584770202637e-01,-2.864496409893035889e-01,2.656933367252349854e-01,-3.946558833122253418e-01,-2.982304897159337997e-03,-3.058533370494842529e-01,3.390094041824340820e-01,-4.457155168056488037e-01,-4.063208699226379395e-01,4.374337494373321533e-01,2.637946009635925293e-01,2.457277476787567139e-02,1.389350146055221558e-01,-2.758091092109680176e-01,1.136767342686653137e-01,2.258217334747314453e-02,1.898479461669921875e-01,-2.296854108572006226e-01,-3.483892977237701416e-01,7.827428728342056274e-02,1.861632764339447021e-01,2.322599291801452637e-01,5.624405741691589355e-01,2.143027931451797485e-01,-6.231191009283065796e-02,-3.184002339839935303e-01,-3.476080000400543213e-01,7.244831882417201996e-03,-4.634869694709777832e-01,-3.711772710084915161e-02,1.992090940475463867e-01,-8.392523229122161865e-02,7.301304489374160767e-02,3.930657505989074707e-01,2.230363637208938599e-01,-6.518157720565795898e-01,3.079739212989807129e-01,1.511485408991575241e-02,-3.631271719932556152e-01,1.147945746779441833e-01,1.294893175363540649e-01,4.409718811511993408e-01,-5.129199624061584473e-01,-1.368078887462615967e-01,1.516653001308441162e-01,-3.449969589710235596e-01,-1.064385175704956055e-01,1.893577128648757935e-01,7.791538536548614502e-02,6.424637138843536377e-02,3.182538151741027832e-01,6.817654520273208618e-02,-1.314506977796554565e-01,-1.422682851552963257e-01,-1.592217385768890381e-02,3.840365409851074219e-01,-1.233695894479751587e-01,2.613471448421478271e-01,-4.836458340287208557e-02,2.417797222733497620e-02,6.280600428581237793e-01,-2.099767774343490601e-01,1.715493202209472656e-01,-1.771509200334548950e-01,-1.450945883989334106e-01,-2.368014454841613770e-01,3.380809724330902100e-02,-7.333461195230484009e-02,-7.026160359382629395e-01,-1.478808522224426270e-01,5.055492371320724487e-02,2.501230835914611816e-01,-4.491340517997741699e-01,-2.573218047618865967e-01,5.580623745918273926e-01,-6.917644757777452469e-03,7.037404924631118774e-02,3.761713206768035889e-01,4.364553838968276978e-02,2.553528249263763428e-01,1.861504316329956055e-01,2.001588791608810425e-01,3.187330067157745361e-02,2.010335773229598999e-02,-1.041480572894215584e-03,-2.761515676975250244e-01,-1.370963454246520996e-01,7.805867493152618408e-02,-3.743092417716979980e-01,1.660319715738296509e-01,-2.514623999595642090e-01,3.705368936061859131e-01,-5.224781925790011883e-04,4.323949813842773438e-01,-3.188458085060119629e-01,1.932290345430374146e-01,2.905290126800537109e-01,-3.436641395092010498e-01,5.226381868124008179e-02,-2.302923351526260376e-01,2.217149361968040466e-02,5.161140486598014832e-02,-3.302650153636932373e-01,8.928976207971572876e-02,-2.453388869762420654e-01,6.520217657089233398e-01,1.158372387290000916e-01,-1.914273053407669067e-01,-1.748090386390686035e-01,-2.847940325736999512e-01,9.359560161828994751e-02,5.105082988739013672e-01,1.065058857202529907e-01,2.151054143905639648e-01,1.212481930851936340e-01,-2.575203478336334229e-01,-1.096227541565895081e-01,7.262337952852249146e-02,7.192398607730865479e-02,1.718916147947311401e-01,3.862547222524881363e-03,-8.207575231790542603e-02,5.909281596541404724e-02,2.378543317317962646e-01,4.639343321323394775e-01,2.931181341409683228e-02,-2.105028778314590454e-01,-1.473192721605300903e-01,1.962989121675491333e-01,2.838401198387145996e-01,-1.655195951461791992e-01,9.792917966842651367e-02,-2.944229841232299805e-01,-1.635902971029281616e-01,6.606756243854761124e-03,2.792105972766876221e-01,-8.237814158201217651e-02,-1.806373596191406250e-01,3.032671511173248291e-01,-1.810688972473144531e-01,-2.363872528076171875e-01,3.044793903827667236e-01,-3.103579394519329071e-02,1.350103616714477539e-01,-6.659851223230361938e-02,-1.127672716975212097e-01,1.788931339979171753e-02,-2.874278724193572998e-01,-1.676725447177886963e-01,2.779088355600833893e-02,-3.879763484001159668e-01,2.643215358257293701e-01,-3.028471255674958229e-03,-1.522844433784484863e-01,-8.642376214265823364e-02,-1.168111264705657959e-01,-8.345154672861099243e-02,-6.632892042398452759e-02,-3.264522850513458252e-01,1.341514885425567627e-01,1.422054916620254517e-01,2.440732717514038086e-01,1.999403536319732666e-01,1.884214133024215698e-01,1.692811995744705200e-01,-8.715610206127166748e-02,-1.229756847023963928e-01,-2.383121103048324585e-02,3.906734585762023926e-01,-2.464832216501235962e-01,3.081199824810028076e-01,-6.596332043409347534e-02,-1.769215762615203857e-01,-2.273873835802078247e-01,1.287805885076522827e-01,1.282684952020645142e-01,2.538115978240966797e-01,-1.600381918251514435e-02,-2.831822335720062256e-01,3.478284180164337158e-01,2.780524268746376038e-02,-2.232359200716018677e-01,-3.542335331439971924e-01,-2.553228437900543213e-01,1.303147077560424805e-01,4.740461409091949463e-01,4.426534473896026611e-02,5.456767082214355469e-01,3.887369111180305481e-02,-2.783201634883880615e-01,1.710392162203788757e-02,-1.237443387508392334e-01,-1.102727502584457397e-01,-1.437779888510704041e-02,1.560513377189636230e-01,3.767609894275665283e-01,-3.773196637630462646e-01,-8.946312963962554932e-02,-1.048460602760314941e-01,2.399319112300872803e-01,1.905225515365600586e-01,-1.154514122754335403e-02,2.796865999698638916e-01,-3.392196446657180786e-02,-5.327048525214195251e-02,-2.416677474975585938e-01,-7.091382145881652832e-02,-2.353382557630538940e-01,-1.144814938306808472e-01,-8.290398120880126953e-02,3.846988976001739502e-01,6.609373725950717926e-03,-3.132270872592926025e-01,3.251161873340606689e-01,3.632724285125732422e-02,3.029184937477111816e-01,-1.413734108209609985e-01,1.195313781499862671e-01,-7.885991036891937256e-02,-2.039222866296768188e-01,-1.265527158975601196e-01,-2.042135745286941528e-01,-1.183752641081809998e-01,-7.894698530435562134e-02,-2.040986567735671997e-01,-6.319107860326766968e-02,-9.301327168941497803e-02,4.505093395709991455e-02,-3.473813831806182861e-01,5.637964978814125061e-02,-6.190183572471141815e-03,-2.826488316059112549e-01,-1.612799912691116333e-01,-2.071372419595718384e-01,-5.031613707542419434e-01,9.419970214366912842e-02,3.914598748087882996e-02,3.623303025960922241e-03,6.622232496738433838e-02,-1.974504888057708740e-01,-7.730935513973236084e-02,5.920848995447158813e-02,-5.594745278358459473e-01,7.559302449226379395e-02,2.125796377658843994e-01,-4.199146479368209839e-02,-1.548443138599395752e-01,2.440957725048065186e-01,-5.758210271596908569e-02,-1.056402325630187988e-01,2.179574593901634216e-02,1.574471294879913330e-01,-4.004031419754028320e-01,-2.164867669343948364e-01,-2.349626086652278900e-02,-1.532464921474456787e-01,-2.123021930456161499e-01,-2.299080342054367065e-01,3.415938019752502441e-01,-1.696479767560958862e-01,4.290910661220550537e-01,1.080391556024551392e-01,1.577682793140411377e-01,-3.010624349117279053e-01,5.618042498826980591e-02,9.098941087722778320e-02,5.127960070967674255e-02,-3.656253963708877563e-02,1.353255212306976318e-01,2.426336258649826050e-01,1.582193672657012939e-01,4.383908212184906006e-01,-2.579359114170074463e-01,2.163426131010055542e-01,4.568866789340972900e-01,-1.072059348225593567e-01,-1.107873320579528809e-01,-2.608794569969177246e-01,-1.662516593933105469e-01,-3.626306354999542236e-02,6.220320239663124084e-02,-1.732101142406463623e-01,3.538120985031127930e-01,2.887925505638122559e-01,1.227643117308616638e-01,-2.625424265861511230e-01,3.148995339870452881e-01,-3.408595323562622070e-01,-9.812991321086883545e-02,-4.837124347686767578e-01,-3.449847400188446045e-01,8.355468511581420898e-02,2.289365231990814209e-01,5.287606269121170044e-02,-7.194836437702178955e-02,2.794683277606964111e-01,-4.374963790178298950e-02,-2.454535514116287231e-01,-7.527876179665327072e-03,-6.946960091590881348e-01,8.984617143869400024e-02,-2.518821274861693382e-03,-6.606677174568176270e-02,-1.325028687715530396e-01,1.792524009943008423e-01,-2.118258178234100342e-02,-3.577046990394592285e-01,-5.950499325990676880e-02,2.448454499244689941e-01,-2.890115678310394287e-01,-2.045975029468536377e-01,1.194189675152301788e-02,5.796720460057258606e-02,-2.298076301813125610e-01,3.509791195392608643e-01,-1.124642044305801392e-02,-9.675858169794082642e-02,-4.629958793520927429e-02,4.954929649829864502e-02,-1.356156617403030396e-01,-8.129987865686416626e-02,3.241860866546630859e-02,2.638143301010131836e-01,-1.421013623476028442e-01,-4.156454205513000488e-01,3.823570311069488525e-01,4.104746282100677490e-01,-1.135080978274345398e-01,3.093709945678710938e-01,3.761219978332519531e-01,1.985361725091934204e-01,-2.364490330219268799e-01,-1.140373870730400085e-01,-1.505664438009262085e-01,1.902811825275421143e-01,1.541798114776611328e-01,-2.879192829132080078e-01,-4.019740521907806396e-01,-1.982648968696594238e-01,-5.253275111317634583e-02,-1.624283194541931152e-02,-2.335871160030364990e-01,-5.266939997673034668e-01,-5.904614925384521484e-01,3.471047282218933105e-01,7.135832309722900391e-02,3.492429554462432861e-01,-1.437376588582992554e-01,-2.200286649167537689e-02,5.091367289423942566e-02,1.184952035546302795e-01,-3.102215379476547241e-02,-3.174064755439758301e-01,-2.849430143833160400e-01,3.009703755378723145e-02,-3.929460793733596802e-02,2.828317284584045410e-01,2.008293569087982178e-01,7.921142131090164185e-02,1.219383925199508667e-01,9.245026111602783203e-02,-4.795609712600708008e-01,-1.509986966848373413e-01
2.104660263285040855e-03,8.378396183252334595e-02,3.791890442371368408e-01,2.384932897984981537e-02,3.339654207229614258e-01,3.293401300907135010e-01,-3.849273025989532471e-01,-3.097936883568763733e-02,-8.572014421224594116e-02,-5.488745868206024170e-02,4.206672310829162598e-01,-3.278078883886337280e-02,-4.103033803403377533e-03,8.413339033722877502e-03,-9.498108923435211182e-02,4.446016848087310791e-01,2.642905712127685547e-01,1.207869723439216614e-01,5.296356678009033203e-01,2.507212758064270020e-01,-3.531413525342941284e-02,-3.569322526454925537e-01,-1.096701174974441528e-01,-4.521559178829193115e-01,7.403159886598587036e-02,-1.238430887460708618e-01,-3.117723949253559113e-02,1.708716899156570435e-01,1.053525134921073914e-01,-9.499146044254302979e-02,-1.013546157628297806e-02,1.438230276107788086e-01,-1.545623689889907837e-01,4.759443178772926331e-02,-1.827706024050712585e-02,-2.490844875574111938e-01,-1.944285482168197632e-01,-4.371698945760726929e-02,-6.096052005887031555e-02,-1.359482258558273315e-01,2.584634125232696533e-01,-3.991718590259552002e-01,-2.514100670814514160e-01,3.034246861934661865e-01,-4.303126782178878784e-02,1.670910790562629700e-02,1.150780394673347473e-01,-3.175165504217147827e-02,2.311303615570068359e-01,-7.732957601547241211e-02,-2.537581622600555420e-01,3.037735223770141602e-01,9.316577762365341187e-02,3.220289945602416992e-01,-1.053244322538375854e-01,-1.894446164369583130e-01,1.934012770652770996e-01,3.852507472038269043e-01,1.295910328626632690e-01,-1.953111588954925537e-01,1.005863621830940247e-01,-1.438184976577758789e-01,1.366316378116607666e-01,-2.459480762481689453e-01,1.919250041246414185e-01,3.285104408860206604e-02,1.049429476261138916e-01,2.566209435462951660e-01,5.465468019247055054e-02,-5.345611572265625000e-01,1.315061151981353760e-01,-1.428033038973808289e-02,6.245615705847740173e-02,-2.058420330286026001e-01,1.108656153082847595e-01,1.979321539402008057e-01,-2.894181311130523682e-01,-1.850028932094573975e-01,3.300738334655761719e-02,-1.052167713642120361e-01,-4.870765209197998047e-01,-2.524467557668685913e-02,-1.031314432621002197e-01,-3.105336427688598633e-01,9.056169539690017700e-02,7.010421901941299438e-02,3.568514883518218994e-01,-7.492069620639085770e-03,2.299448847770690918e-01,-1.843332201242446899e-01,-1.778014004230499268e-01,5.299448221921920776e-02,6.409325450658798218e-02,9.776227921247482300e-02,2.540205121040344238e-01,-8.180947974324226379e-03,-4.607275500893592834e-02,-2.619274519383907318e-02,1.965568512678146362e-01,-2.229712158441543579e-02,-8.196451514959335327e-02,-1.400626301765441895e-01,-1.180848386138677597e-02,-1.063941866159439087e-01,-1.132396385073661804e-01,-1.870843321084976196e-01,-1.461022347211837769e-01,-5.332180112600326538e-02,-1.507232934236526489e-01,-1.590695977210998535e-01,7.711374759674072266e-02,-1.465720236301422119e-01,2.092775255441665649e-01,-8.745878934860229492e-02,-2.712182998657226562e-01,-9.819992631673812866e-02,-5.984881520271301270e-02,-1.355070173740386963e-01,-2.029639631509780884e-01,-1.220856904983520508e-01,1.094282604753971100e-02,1.400676816701889038e-01,-6.529493629932403564e-02,-3.287441730499267578e-01,-1.424593329429626465e-01,3.292703330516815186e-01,2.235912680625915527e-01,2.206030674278736115e-02,2.296018302440643311e-01,-2.310057431459426880e-01,-2.193856537342071533e-01,1.279469728469848633e-01,-3.052694955840706825e-03,3.237567245960235596e-01,6.515165418386459351e-02,-7.390169799327850342e-02,2.435102127492427826e-02,-2.183568179607391357e-01,-1.945535689592361450e-01,-5.377244204282760620e-03,1.974215358495712280e-01,3.998442739248275757e-02,2.713303267955780029e-01,-3.320949897170066833e-02,8.379539847373962402e-02,-5.652803182601928711e-02,2.480807304382324219e-01,4.560140892863273621e-02,3.615528941154479980e-01,3.432800248265266418e-02,2.086169086396694183e-02,-6.955201923847198486e-02,-8.064784854650497437e-02,5.448211450129747391e-03,4.225042462348937988e-01,4.375337436795234680e-02,1.763606518507003784e-01,1.213669870048761368e-02,2.872198522090911865e-01,-5.517088770866394043e-01,-9.360535442829132080e-02,1.456321775913238525e-01,8.462760597467422485e-02,-1.135205775499343872e-01,3.015438914299011230e-01,3.271746933460235596e-01,-1.891425400972366333e-01,1.891528218984603882e-01,3.608736023306846619e-02,-2.504718899726867676e-01,-2.038641422986984253e-01,-2.276136279106140137e-01,-3.001582026481628418e-01,-2.108225524425506592e-01,6.689275801181793213e-02,1.802524626255035400e-01,4.027723148465156555e-02,-1.635174900293350220e-01,-3.359540179371833801e-02,3.095333576202392578e-01,-8.185432851314544678e-02,2.021329104900360107e-01,3.112695217132568359e-01,-5.651384592056274414e-02,-2.367773652076721191e-01,1.256989315152168274e-02,2.377559542655944824e-01,4.695561155676841736e-02,-5.068442821502685547e-01,-7.926937192678451538e-03,1.488211005926132202e-01,-1.227827593684196472e-01,-1.415540724992752075e-01,2.991565763950347900e-01,-1.418167948722839355e-01,-1.697232127189636230e-01,1.555177662521600723e-02,1.065122559666633606e-01,-2.856893092393875122e-02,-2.806029617786407471e-01,3.980782926082611084e-01,6.842862814664840698e-02,-4.213180243968963623e-01,-8.710233122110366821e-02,2.195619195699691772e-01,1.544542163610458374e-01,1.988460421562194824e-01,5.711577832698822021e-02,5.129773020744323730e-01,-1.226904708892107010e-02,2.247571349143981934e-01,-3.143430352210998535e-01,-1.135945972055196762e-02,4.158863425254821777e-02,3.282681107521057129e-01,-2.020561695098876953e-01,-1.168117821216583252e-01,-6.313132494688034058e-02,1.232116576284170151e-02,7.975570112466812134e-02,-3.445413112640380859e-01,-1.071909815073013306e-01,-3.125397022813558578e-03,-1.661913990974426270e-01,2.907105982303619385e-01,1.900463551282882690e-01,1.802092492580413818e-01,-5.963766574859619141e-02,-3.133777678012847900e-01,1.879603713750839233e-01,-1.139730811119079590e-01,2.899231202900409698e-02,3.213709890842437744e-01,1.970992237329483032e-01,3.121073544025421143e-01,-1.650742888450622559e-01,-5.834463834762573242e-01,-5.210983157157897949e-01,-7.769884169101715088e-02,4.202913492918014526e-02,9.311927109956741333e-02,1.798187345266342163e-01,-1.368905901908874512e-01,1.575131714344024658e-01,2.950348556041717529e-01,5.621455311775207520e-01,5.517555400729179382e-02,1.730049103498458862e-01,2.457811385393142700e-01,-1.987094283103942871e-01,-1.106276065111160278e-01,-5.339848250150680542e-02,1.460279375314712524e-01,2.415307909250259399e-01,-1.232825815677642822e-01,-1.187194436788558960e-01,9.468181431293487549e-02,-1.827819645404815674e-01,3.377047181129455566e-02,-1.219766139984130859e-01,3.209700584411621094e-01,2.233645766973495483e-01,-9.516457095742225647e-03,2.853273749351501465e-01,1.027142070233821869e-02,2.012186944484710693e-01,-2.963182330131530762e-02,-2.635709047317504883e-01,-6.171716451644897461e-01,1.667580157518386841e-01,5.040387436747550964e-02,4.474797099828720093e-02,6.537984013557434082e-01,-2.370088100433349609e-01,1.397992968559265137e-01,1.748337596654891968e-01,4.055259749293327332e-02,-3.287018537521362305e-01,1.414261907339096069e-01,2.469374090433120728e-01,5.179141163825988770e-01,6.701580435037612915e-02,9.448678791522979736e-02,-3.840167075395584106e-02,-9.140348434448242188e-02,-1.247551366686820984e-01,-9.467355906963348389e-02,5.158237740397453308e-02,2.542740404605865479e-01,1.885393559932708740e-01,-5.040239095687866211e-01,4.544421657919883728e-02,-2.404177933931350708e-01,-4.108378589153289795e-01,1.790169775485992432e-01,-2.900274097919464111e-01,-3.260842263698577881e-01,1.124020069837570190e-01,1.978404372930526733e-01,1.681428104639053345e-01,-3.756366372108459473e-01,-2.024445235729217529e-01,-8.664753288030624390e-02,5.833219885826110840e-01,-3.314650850370526314e-03,-1.516983956098556519e-01,5.875663161277770996e-01,-2.558090090751647949e-01,1.194467470049858093e-01,-5.124857276678085327e-02,4.401983693242073059e-02,-9.550152719020843506e-02,1.384381651878356934e-01,1.519146710634231567e-01,2.759025059640407562e-02,-2.588712871074676514e-01,8.956407755613327026e-02,2.210346311330795288e-01,-2.888474762439727783e-01,1.577558517456054688e-01,-2.646609842777252197e-01,-5.790271796286106110e-03,-2.189945280551910400e-01,8.088076859712600708e-02,-4.553243815898895264e-01,1.938616931438446045e-01,-6.389293819665908813e-02,-1.678672730922698975e-01,3.457254916429519653e-02,1.512903124094009399e-01,2.043636143207550049e-01,2.213426679372787476e-01,1.760627329349517822e-01,1.198999434709548950e-01,4.772736132144927979e-02,-2.629566192626953125e-01,4.192678630352020264e-01,4.522566795349121094e-01,1.869491785764694214e-01,3.326483815908432007e-02,7.426772266626358032e-02,1.550305932760238647e-01,-1.857900023460388184e-01,3.912903964519500732e-01,1.951037794351577759e-01,-1.675546765327453613e-01,2.966252155601978302e-03,1.601231992244720459e-01,3.386477828025817871e-01,1.519805490970611572e-01,2.201762199401855469e-01,3.409054502844810486e-02,-1.542578786611557007e-01,3.023822605609893799e-01,7.560879737138748169e-02,1.307580918073654175e-01,1.967918506124988198e-04,-2.319010943174362183e-01,-2.683983445167541504e-01,2.933412604033946991e-02,-1.405161768198013306e-01,2.810510993003845215e-01,-1.210870221257209778e-01,-2.328236848115921021e-01,3.903148770332336426e-01,-2.045578956604003906e-01,-1.150000318884849548e-01,-2.921701967716217041e-01,5.729361996054649353e-02,-2.518312931060791016e-01,3.531387150287628174e-01,6.263895034790039062e-01,-2.861316204071044922e-01,-2.294418513774871826e-01,-7.965457439422607422e-02,1.346408273093402386e-03,2.460918761789798737e-02,-1.473333090543746948e-01,2.026728987693786621e-01,3.527723252773284912e-01,-3.453589975833892822e-01,-2.865839898586273193e-01,1.008722409605979919e-01,-6.175876408815383911e-02,-1.737906783819198608e-01,-1.678689382970333099e-02,2.880120575428009033e-01,-2.845306992530822754e-01,1.632091961801052094e-02,1.114635020494461060e-01,3.076601922512054443e-01,8.442059904336929321e-02,1.442780494689941406e-01,-2.059889733791351318e-01,2.685256600379943848e-01,-3.028548359870910645e-01,-5.856482312083244324e-02,-2.216039001941680908e-01,1.135606914758682251e-01,-1.113564446568489075e-01,8.394707739353179932e-02,5.715548992156982422e-03,-3.584255874156951904e-01,3.746200799942016602e-01,-4.962214827537536621e-01,2.591000497341156006e-01,3.110204637050628662e-01,-6.616795063018798828e-02,-2.597912773489952087e-02,-1.132860556244850159e-01,-9.359741955995559692e-02,-1.864239387214183807e-02,-2.219840511679649353e-02,1.891965568065643311e-01,2.078530192375183105e-01,2.847855091094970703e-01,-2.012424618005752563e-01,-8.474967628717422485e-02,-2.224559336900711060e-01,6.405217200517654419e-02,-2.603958826512098312e-03,-3.165854811668395996e-01,1.125532016158103943e-01,-2.604290544986724854e-01,4.513057693839073181e-02,-1.607104390859603882e-01,2.341966480016708374e-01,-2.156585752964019775e-01,-2.412311136722564697e-01,-9.167408198118209839e-02,-4.179581627249717712e-02,3.415166437625885010e-01,1.577489823102951050e-01,8.273377269506454468e-02,-1.208459734916687012e-01,2.867902517318725586e-01,1.361069679260253906e-01,-4.550409317016601562e-01,-1.633981168270111084e-01,-3.015137612819671631e-01,4.057351872324943542e-02,3.100377321243286133e-01,1.131104677915573120e-01,2.934008464217185974e-02,-2.181082963943481445e-02,-6.453187763690948486e-02,-2.623631954193115234e-01,1.001193448901176453e-01,-2.929948866367340088e-01,-6.791001558303833008e-02,2.813386619091033936e-01,-8.869576454162597656e-02,-8.127315342426300049e-02,2.626155316829681396e-01,-1.011907309293746948e-01,-2.625081315636634827e-02,-5.855648964643478394e-02,1.645867526531219482e-01,-1.131500005722045898e-01,7.425202056765556335e-03,1.266350746154785156e-01,-1.458100881427526474e-02,-5.306135416030883789e-01,1.919121295213699341e-02,-4.449108615517616272e-02,-1.250948011875152588e-01,7.878395728766918182e-03,4.495785385370254517e-02,1.119390204548835754e-01,-1.570718921720981598e-02,-2.778206169605255127e-01,1.354950517416000366e-01,1.265883594751358032e-01,-2.722275853157043457e-01,-3.148875534534454346e-01,-1.422571600414812565e-03,2.026223242282867432e-01,-2.686901390552520752e-01,3.850865662097930908e-01,1.493082940578460693e-01,4.018541797995567322e-02,-6.654409226030111313e-03,2.093031704425811768e-01,2.597207427024841309e-01,2.026963084936141968e-01,1.569241285324096680e-01,1.923236250877380371e-01,3.157889544963836670e-01,-1.417788118124008179e-01,-1.966818124055862427e-01,-1.224463582038879395e-01,-3.011672198772430420e-01,3.367072716355323792e-02,1.567365378141403198e-01,1.190464012324810028e-03,-1.340829282999038696e-01,5.227482318878173828e-02,1.872707344591617584e-02,-1.785145998001098633e-01,1.643320918083190918e-01,8.126020431518554688e-02,1.947570741176605225e-01,1.607281118631362915e-01,1.651083678007125854e-01,-1.223891973495483398e-02,-4.081762954592704773e-02,-2.192063033580780029e-01,1.215593740344047546e-01,-4.492901638150215149e-02,-3.159843683242797852e-01,6.630305647850036621e-01,1.075747013092041016e-01,1.682578474283218384e-01,-5.707716345787048340e-01,3.154994547367095947e-02,8.837012201547622681e-02,4.495793581008911133e-02,-2.438345551490783691e-01,2.378306239843368530e-01,-1.135206446051597595e-01,1.983077973127365112e-01,-1.352880150079727173e-01,1.861768066883087158e-01,-6.474939733743667603e-02,-7.895228266716003418e-02,-2.829413712024688721e-01,6.914594769477844238e-02,1.634036898612976074e-01,9.265632252208888531e-04,1.116300225257873535e-01,2.857754826545715332e-01,3.356793224811553955e-01,-2.210500538349151611e-01,-2.582520544528961182e-01,-1.193036437034606934e-01,3.988011181354522705e-01,-3.562818467617034912e-02,2.545628696680068970e-02,-2.899523079395294189e-01,-2.973493039608001709e-01,-3.498358651995658875e-02,1.213686466217041016e-01,-7.440641522407531738e-02,-3.141609728336334229e-01,-1.103476211428642273e-01,2.061539702117443085e-02,-1.460968703031539917e-01,-5.374488234519958496e-01,-7.943184673786163330e-02,1.964314877986907959e-01,-1.373408138751983643e-01,-2.118213772773742676e-01,-9.734830819070339203e-03,6.485448032617568970e-02,7.453205436468124390e-02,-3.095774352550506592e-01,-3.710562363266944885e-02,-1.482576429843902588e-01,-2.944273948669433594e-01,3.297244012355804443e-01,1.141486912965774536e-01,3.048761785030364990e-01,4.745184779167175293e-01,2.259884327650070190e-01,3.914408683776855469e-01,2.176015228033065796e-01,6.274899095296859741e-02,2.055704742670059204e-01,-4.696989431977272034e-02,-2.704692184925079346e-01,6.184539943933486938e-02,-1.278072744607925415e-01,-4.464381374418735504e-03,2.091595977544784546e-01,2.483282238245010376e-01,3.779110610485076904e-01,-1.279375404119491577e-01,-3.913486376404762268e-02,-2.910042107105255127e-01,-1.791089028120040894e-02,1.730644106864929199e-01,4.305727481842041016e-01,-6.550076883286237717e-03,-1.500332504510879517e-01,1.100221425294876099e-01,-2.008256614208221436e-01,1.137881502509117126e-01,-2.320266515016555786e-01,9.054696187376976013e-03,-1.864860504865646362e-01,4.705842956900596619e-02,-1.798453480005264282e-01,2.600525021553039551e-01,2.539144456386566162e-01,-3.826565295457839966e-02,2.829880416393280029e-01,-4.550945013761520386e-02,6.093605980277061462e-02,-1.354917436838150024e-01,3.100555762648582458e-02,-3.146688640117645264e-01,-7.525253295898437500e-02,-7.102996110916137695e-02,-5.813684687018394470e-02,3.193450570106506348e-01,-1.269694268703460693e-01,1.597958207130432129e-01,-1.370578855276107788e-01,2.186547070741653442e-01,1.190169602632522583e-01,1.044689770787954330e-02,-2.798372507095336914e-02,-1.986523270606994629e-01,-1.859466284513473511e-01,-1.778643131256103516e-01,-5.250237882137298584e-02,-1.155017614364624023e-01,-1.371226161718368530e-01,-4.081105291843414307e-01,3.871444463729858398e-01,4.058771133422851562e-01,1.961261779069900513e-01,-2.960023283958435059e-01,-6.604151427745819092e-02,5.607889592647552490e-02,-3.031673431396484375e-01,-9.021010994911193848e-02,-1.438872218132019043e-01,4.220831096172332764e-01,-1.843201965093612671e-01,6.879337131977081299e-02,-8.824098855257034302e-02,1.733699068427085876e-02,-2.035727798938751221e-01,1.081683039665222168e-01,5.869927257299423218e-02,-1.928828656673431396e-01,2.613495588302612305e-01,-1.201075017452239990e-01,1.044317148625850677e-02,-9.062872081995010376e-02,-3.914567232131958008e-01,-6.916020065546035767e-02,3.653050065040588379e-01,-2.378631569445133209e-02,1.360328942537307739e-01,1.121888384222984314e-01,-4.205711185932159424e-02,2.186390906572341919e-01,1.031920984387397766e-01,-2.226728200912475586e-01,4.936860501766204834e-01,3.235007524490356445e-01,2.824638783931732178e-01,-3.135845065116882324e-01,6.168625503778457642e-02,-1.774597167968750000e-01,8.126962929964065552e-02,2.294782698154449463e-01,5.496134608983993530e-02,1.673335433006286621e-01,1.158701404929161072e-01,-5.564404651522636414e-02,2.286300994455814362e-02,1.457385122776031494e-01,4.562840163707733154e-01,8.583765476942062378e-02,-7.696898281574249268e-02,-2.558770477771759033e-01,-3.513390719890594482e-01,2.477376488968729973e-03,-2.088451534509658813e-01,2.787981331348419189e-01,-4.196532368659973145e-01,2.937170565128326416e-01,-2.259851694107055664e-01,-3.425069749355316162e-01,1.239850074052810669e-01,-1.623487174510955811e-01,-2.003081142902374268e-01,-4.388366937637329102e-01,-4.950544536113739014e-01,7.293546944856643677e-02,-1.587888598442077637e-01,-2.164872735738754272e-01,2.703004749491810799e-03,2.661345303058624268e-01,3.184142112731933594e-01,-1.958443969488143921e-01,-2.168250232934951782e-01,-2.610098123550415039e-01,2.186299264430999756e-01,-3.679773211479187012e-01,-6.443898379802703857e-02,7.616298645734786987e-02,5.288125947117805481e-02,-8.033987134695053101e-02,-1.055669635534286499e-01,-4.779141545295715332e-01,-1.139881089329719543e-01,-2.774863839149475098e-01,2.875840365886688232e-01,-1.635099351406097412e-01,4.662990272045135498e-01,-7.838516682386398315e-02,-5.225047469139099121e-01,4.691290482878684998e-02,-2.734759747982025146e-01,4.009335935115814209e-01,1.522357016801834106e-01,1.053084135055541992e-01,3.929313421249389648e-01,-2.698457241058349609e-01,-1.176092326641082764e-01,9.744902700185775757e-02,4.672235995531082153e-02,1.230009272694587708e-01,-5.347934365272521973e-01,-9.670853614807128906e-02,-2.915206551551818848e-01,2.115128934383392334e-01,1.459204405546188354e-01,2.863133512437343597e-02,1.812499389052391052e-02,-9.844796359539031982e-02,-1.265585236251354218e-02,-2.727610766887664795e-01,-1.947986781597137451e-01,3.686029911041259766e-01,-1.246417760848999023e-01,-5.466818064451217651e-02,6.548693031072616577e-02,3.611384630203247070e-01,-3.099265396595001221e-01,-1.216951534152030945e-01,1.074939686805009842e-02,8.536408096551895142e-02,-2.413509488105773926e-01,1.109828725457191467e-01,-3.129620254039764404e-01,-6.235556304454803467e-02,9.733208268880844116e-02,-1.529352068901062012e-01,1.871396899223327637e-01,-2.009245604276657104e-01,5.487005412578582764e-02,-1.902549564838409424e-01,-3.607698976993560791e-01,-4.114181175827980042e-02,2.058391831815242767e-02,-6.302409619092941284e-02,-6.012744829058647156e-02,1.836062371730804443e-01,7.888389378786087036e-02,-7.457322627305984497e-02,-2.326455563306808472e-01,5.929619818925857544e-02,-4.078218340873718262e-01,-2.465559691190719604e-01,2.411755174398422241e-02,3.812721371650695801e-02,-5.737413838505744934e-02,1.806961297988891602e-01,-2.489957064390182495e-01,-1.737793385982513428e-01,-2.493656873703002930e-01,-6.468174606561660767e-02,-1.619773805141448975e-01
-1.262136399745941162e-01,-1.083427593111991882e-01,2.644713595509529114e-02,-4.951345026493072510e-01,-2.818065509200096130e-02,-4.726904910057783127e-03,-2.163619920611381531e-02,-3.666790202260017395e-02,1.894997060298919678e-01,6.028977036476135254e-01,-2.282996848225593567e-02,-2.028222382068634033e-01,-1.328056305646896362e-01,-7.941968739032745361e-02,-1.893705576658248901e-01,2.656256258487701416e-01,3.566134274005889893e-01,-5.850536376237869263e-02,7.894839160144329071e-03,-2.740463912487030029e-01,1.077559124678373337e-02,-2.371838986873626709e-01,-1.656737625598907471e-01,-1.146113201975822449e-01,-2.402519807219505310e-02,2.709402702748775482e-02,2.386745065450668335e-02,3.879702985286712646e-01,4.844188094139099121e-01,1.132196038961410522e-01,4.100593924522399902e-02,7.741573452949523926e-02,1.324173659086227417e-01,4.799470603466033936e-01,1.679885238409042358e-01,1.500230282545089722e-01,1.234424933791160583e-01,-1.427639424800872803e-01,2.022306472063064575e-01,3.518359065055847168e-01,-1.115700528025627136e-01,-3.301070928573608398e-01,3.247944265604019165e-02,-2.879208028316497803e-01,-3.454287946224212646e-01,2.418856695294380188e-02,5.773532204329967499e-03,-7.920029014348983765e-02,1.831299811601638794e-01,-1.119076088070869446e-01,4.927149116992950439e-01,2.528511174023151398e-02,3.723619133234024048e-02,-5.809738487005233765e-02,-1.012822464108467102e-01,2.993750572204589844e-01,3.682823777198791504e-01,8.894979953765869141e-02,2.626745998859405518e-01,-7.731538265943527222e-02,2.292284220457077026e-01,-4.756455123424530029e-02,2.357240915298461914e-01,-1.286746710538864136e-01,9.079495072364807129e-02,-1.082243621349334717e-01,2.083957791328430176e-01,1.796697378158569336e-01,-3.061252832412719727e-01,-1.121756732463836670e-01,-1.817695945501327515e-01,5.827336758375167847e-02,1.768746078014373779e-01,1.519148349761962891e-01,-1.110544428229331970e-01,-2.430537045001983643e-01,-4.144191443920135498e-01,3.926354274153709412e-02,5.465013906359672546e-02,-1.757191568613052368e-01,-1.555904597043991089e-01,-2.494602650403976440e-01,-5.108639001846313477e-01,4.535952582955360413e-02,1.561108231544494629e-01,5.887196958065032959e-02,3.600304424762725830e-01,4.720988497138023376e-02,-1.528554707765579224e-01,1.832803785800933838e-01,-1.880305409431457520e-01,9.633569419384002686e-02,6.315954029560089111e-02,-3.396804332733154297e-01,-1.783305406570434570e-02,-1.117336191236972809e-02,-6.402810662984848022e-02,-1.586939394474029541e-01,-3.013639748096466064e-01,-1.734400391578674316e-01,1.848993450403213501e-01,-1.765757948160171509e-01,-5.060160160064697266e-01,-2.350996732711791992e-01,-1.950600743293762207e-02,-8.757760375738143921e-02,8.659126609563827515e-02,5.305932089686393738e-02,8.024823665618896484e-02,1.233306601643562317e-01,1.986489295959472656e-01,-9.981043636798858643e-02,2.865596488118171692e-02,1.868403851985931396e-01,-1.960995495319366455e-01,-1.965319514274597168e-01,-3.247064724564552307e-02,1.209613122045993805e-02,-2.101496905088424683e-01,8.132938295602798462e-02,9.088096022605895996e-02,-1.022787392139434814e-01,-2.832091450691223145e-01,-1.299507915973663330e-01,-2.665070071816444397e-02,3.938160464167594910e-02,-2.778168022632598877e-01,2.666944265365600586e-01,1.469561010599136353e-01,-6.361635029315948486e-02,-4.152251780033111572e-02,2.159892767667770386e-01,-2.379599586129188538e-02,-4.458518326282501221e-01,1.370329856872558594e-01,-1.310724318027496338e-01,-3.456406295299530029e-01,1.121007800102233887e-01,-4.551363363862037659e-02,-1.043693870306015015e-01,-1.616776883602142334e-01,-2.643969655036926270e-01,1.028279960155487061e-01,-3.728259354829788208e-03,7.778016477823257446e-02,-3.105235695838928223e-01,-3.163468837738037109e-01,1.409115493297576904e-01,3.769278898835182190e-02,1.560577284544706345e-02,3.659749031066894531e-01,-1.659322530031204224e-01,-2.316945195198059082e-01,-7.317761331796646118e-02,3.742274045944213867e-01,2.403351813554763794e-01,4.168820381164550781e-02,-1.564210280776023865e-02,1.914743483066558838e-01,-3.515772521495819092e-02,1.636443138122558594e-01,1.288643479347229004e-01,-1.118126511573791504e-01,-2.634072005748748779e-01,-1.175169572234153748e-01,-2.184179723262786865e-01,-3.326257169246673584e-01,-8.325575292110443115e-02,-1.365568637847900391e-01,-1.844544410705566406e-01,2.060886621475219727e-01,-2.905476093292236328e-01,2.636715173721313477e-01,1.781192272901535034e-01,-2.086214534938335419e-02,-5.493786558508872986e-02,-2.735926806926727295e-01,-3.307944536209106445e-01,-3.038780093193054199e-01,-1.576066315174102783e-01,-3.099405765533447266e-02,1.642528027296066284e-01,2.632457911968231201e-01,3.398625254631042480e-01,-2.634358108043670654e-01,-1.317205578088760376e-01,-3.123514354228973389e-01,-1.228527277708053589e-01,1.850324720144271851e-01,2.179195582866668701e-01,-1.486398726701736450e-01,3.281733989715576172e-01,-8.949399739503860474e-02,-9.759380668401718140e-02,1.911210715770721436e-01,-1.820592582225799561e-01,-1.971293836832046509e-01,1.778851449489593506e-01,-2.675268054008483887e-02,-9.453734010457992554e-02,-2.888435497879981995e-02,-3.954878449440002441e-02,5.135577917098999023e-01,-5.671962350606918335e-02,1.044731587171554565e-01,-1.427454650402069092e-01,2.917343378067016602e-02,-4.283514320850372314e-01,-2.522851228713989258e-01,2.859052121639251709e-01,-2.370727621018886566e-02,1.606681495904922485e-01,3.407401591539382935e-02,-1.142953522503376007e-02,1.801576912403106689e-01,-2.066965103149414062e-01,-2.409709841012954712e-01,3.138321638107299805e-01,-3.538211435079574585e-02,-5.347565934062004089e-02,-6.719285994768142700e-02,2.876301109790802002e-01,-2.856148779392242432e-01,1.706417500972747803e-01,-2.602631151676177979e-01,1.022140681743621826e-01,-4.414590299129486084e-01,-8.368746191263198853e-02,4.628200083971023560e-03,2.889895141124725342e-01,-1.961679756641387939e-01,2.362769842147827148e-01,1.536332219839096069e-01,2.569055557250976562e-01,6.677433103322982788e-02,-3.014501556754112244e-02,-7.522238790988922119e-02,3.894146978855133057e-01,-1.743548512458801270e-01,-2.768682129681110382e-02,-6.907885521650314331e-02,-4.714338108897209167e-02,-4.359752237796783447e-01,9.252917021512985229e-02,6.168626546859741211e-01,-1.813453435897827148e-01,9.063983336091041565e-03,-2.090223692357540131e-02,7.243081927299499512e-02,5.312429741024971008e-02,3.389026820659637451e-01,2.032119929790496826e-01,-2.019419521093368530e-01,4.729270339012145996e-01,1.024699956178665161e-01,-1.028934959322214127e-03,-4.755044579505920410e-01,7.832485437393188477e-02,-3.000304400920867920e-01,-4.518786817789077759e-02,4.093038439750671387e-01,6.892776489257812500e-02,-2.429896742105484009e-01,-9.131208807229995728e-02,1.155618429183959961e-01,-1.592594236135482788e-01,-4.712650552392005920e-02,-7.706357538700103760e-02,-5.636984109878540039e-02,-4.268292337656021118e-02,1.209912747144699097e-01,5.778461322188377380e-02,-3.677792251110076904e-01,3.779034018516540527e-01,1.263210475444793701e-01,-3.051188588142395020e-01,-1.031741499900817871e-01,3.490601181983947754e-01,4.004723578691482544e-02,-2.076145261526107788e-01,4.349229931831359863e-01,-7.906705141067504883e-02,-9.276688843965530396e-02,1.068559139966964722e-01,3.503796458244323730e-01,1.485699862241744995e-01,8.195862919092178345e-02,-8.704514056444168091e-02,-1.894685626029968262e-01,-1.621137708425521851e-01,-1.205523982644081116e-01,2.982062101364135742e-01,2.532722651958465576e-01,4.708714783191680908e-01,-3.597014248371124268e-01,8.181665092706680298e-02,-9.388341009616851807e-02,3.876188993453979492e-01,4.536488056182861328e-01,4.755072586704045534e-04,-1.598404347896575928e-01,7.331842184066772461e-02,-6.790308654308319092e-02,-2.255265973508358002e-02,1.112456917762756348e-01,-2.231000363826751709e-01,-8.691482245922088623e-02,-3.182948529720306396e-01,1.382242441177368164e-01,1.490171905606985092e-02,-1.340990066528320312e-01,2.520793080329895020e-01,8.743353188037872314e-02,3.909439966082572937e-02,1.726477034389972687e-02,3.934770524501800537e-01,8.475863933563232422e-02,8.326073735952377319e-02,-4.152723848819732666e-01,-3.031723946332931519e-02,2.317704260349273682e-01,-5.765021592378616333e-02,7.697492837905883789e-02,-7.993308454751968384e-02,-1.545895636081695557e-01,-4.116029441356658936e-01,-2.767117321491241455e-02,-2.052045315504074097e-01,1.195094808936119080e-01,-4.762415885925292969e-01,1.043417230248451233e-01,-1.949214339256286621e-01,-2.688984870910644531e-01,1.549523323774337769e-01,-1.642632782459259033e-01,1.004890501499176025e-01,-6.735200434923171997e-02,5.368242040276527405e-03,3.562071323394775391e-01,-8.251973986625671387e-02,2.446293830871582031e-01,-1.060332730412483215e-01,2.328897267580032349e-01,8.929613977670669556e-02,-8.079764666035771370e-04,-3.204155862331390381e-01,-3.078440725803375244e-01,2.004323154687881470e-01,1.147952899336814880e-01,-2.004940211772918701e-01,-1.503215879201889038e-01,-1.369081321172416210e-03,2.906667627394199371e-02,1.620620042085647583e-01,2.980068922042846680e-01,1.206379607319831848e-01,-3.283913061022758484e-02,2.472470514476299286e-02,-4.188649952411651611e-01,-4.833825528621673584e-01,-3.098020255565643311e-01,3.945159316062927246e-01,-1.019477546215057373e-01,-2.712455689907073975e-01,2.422078549861907959e-01,-5.630505830049514771e-02,2.515924870967864990e-01,-3.178506344556808472e-02,1.062167733907699585e-01,3.920143097639083862e-02,1.821942180395126343e-01,-2.172839641571044922e-01,3.622332513332366943e-01,-2.907198965549468994e-01,-2.433151453733444214e-01,6.774944067001342773e-02,1.331367939710617065e-01,-7.666846364736557007e-02,2.916433215141296387e-01,3.745166063308715820e-01,2.203858047723770142e-01,-1.323601324111223221e-02,8.590147830545902252e-03,2.489994615316390991e-01,-9.208598639816045761e-04,3.596195280551910400e-01,4.071947336196899414e-01,2.029391378164291382e-02,3.421392738819122314e-01,3.807375133037567139e-01,3.603635728359222412e-01,-3.846102058887481689e-01,1.001823022961616516e-01,4.111983478069305420e-01,-1.363620162010192871e-01,-1.158981174230575562e-01,-1.139634028077125549e-01,-4.151200652122497559e-01,-3.812120854854583740e-02,2.140014022588729858e-01,3.370781838893890381e-01,-5.193526148796081543e-01,5.240092426538467407e-02,2.008812427520751953e-01,2.948363721370697021e-01,3.468525037169456482e-02,-2.647813558578491211e-01,3.624044656753540039e-01,1.193308308720588684e-01,3.872341811656951904e-01,1.374488919973373413e-01,2.550272047519683838e-01,2.272157967090606689e-01,-8.252224070020020008e-04,1.483060568571090698e-01,-3.317429721355438232e-01,1.420981884002685547e-01,-8.401212841272354126e-02,4.338671267032623291e-01,3.091931939125061035e-01,4.795470461249351501e-02,1.976393610239028931e-01,-2.618966102600097656e-01,-1.189639791846275330e-01,-2.836767137050628662e-01,-1.297516226768493652e-01,1.501403469592332840e-02,-1.042300835251808167e-01,-7.512279599905014038e-02,-3.063505515456199646e-02,7.787209749221801758e-02,-3.455811738967895508e-01,1.748640984296798706e-01,1.759732961654663086e-01,1.411908715963363647e-01,-3.127181231975555420e-01,-3.693206235766410828e-02,-1.676682829856872559e-01,-2.035491913557052612e-02,7.172855082899332047e-03,-2.385023050010204315e-03,2.186477929353713989e-01,-1.188569590449333191e-01,1.922944001853466034e-02,-1.712526530027389526e-01,3.825168013572692871e-01,1.287348270416259766e-01,1.463448554277420044e-01,9.558670222759246826e-03,5.064177885651588440e-02,-1.191388890147209167e-01,-1.471481192857027054e-02,1.725336462259292603e-01,3.679635822772979736e-01,1.598325222730636597e-01,-3.117771074175834656e-02,-4.440175294876098633e-01,-1.712666153907775879e-01,9.823398292064666748e-02,-1.081239655613899231e-01,5.248847603797912598e-01,-2.809038162231445312e-01,3.089821338653564453e-01,3.334859907627105713e-01,-5.227520316839218140e-02,4.190000295639038086e-01,-1.339926719665527344e-01,5.290110409259796143e-02,2.493692487478256226e-01,1.311343312263488770e-01,1.680431365966796875e-01,-4.714958071708679199e-01,1.247094571590423584e-01,3.913667798042297363e-02,-4.904648661613464355e-02,-2.206915020942687988e-01,2.914851009845733643e-01,2.644403576850891113e-01,-4.537753760814666748e-01,-2.360124886035919189e-02,-7.518223673105239868e-02,3.068196177482604980e-01,-1.632871925830841064e-01,-4.293407201766967773e-01,-4.169865548610687256e-01,1.650320291519165039e-01,7.004586607217788696e-02,3.514137268066406250e-01,7.298658043146133423e-02,3.401418328285217285e-01,2.780827879905700684e-01,1.663326770067214966e-01,-1.287075430154800415e-01,1.230842769145965576e-01,1.142456233501434326e-01,-2.483571916818618774e-01,-3.386539816856384277e-01,-7.578077912330627441e-02,2.107852324843406677e-02,-2.733345925807952881e-01,-4.516285955905914307e-01,3.747646808624267578e-01,-2.286321669816970825e-01,-5.901252850890159607e-02,3.465297445654869080e-02,1.698896586894989014e-01,2.031807899475097656e-01,-2.910619378089904785e-01,1.380329728126525879e-01,3.288734704256057739e-02,-3.361617447808384895e-03,-3.565990328788757324e-01,3.266721963882446289e-01,-2.518825829029083252e-01,2.414482831954956055e-01,-2.536924481391906738e-01,-1.663831919431686401e-01,-3.154605627059936523e-01,-1.889199465513229370e-01,-1.295941919088363647e-01,-3.213516771793365479e-01,1.087354645133018494e-01,3.117354810237884521e-01,-3.456839621067047119e-01,4.240332543849945068e-01,-2.570458352565765381e-01,-1.054967790842056274e-01,-3.105866611003875732e-01,1.288636177778244019e-01,2.837214171886444092e-01,-2.056954950094223022e-01,8.087684959173202515e-02,1.842781901359558105e-01,2.208817899227142334e-01,-1.097431108355522156e-01,-1.496915519237518311e-01,-3.796247243881225586e-01,-1.145690977573394775e-01,-1.931081563234329224e-01,3.641216754913330078e-01,-4.835970327258110046e-02,8.973964303731918335e-02,-3.571652770042419434e-01,-9.703706949949264526e-02,-9.165871143341064453e-02,-1.863832026720046997e-01,3.683885633945465088e-01,-4.942983686923980713e-01,-1.067626997828483582e-01,-9.678249247372150421e-03,3.191162273287773132e-02,1.219953149557113647e-01,-4.710673540830612183e-02,2.483519539237022400e-02,2.035892754793167114e-01,1.769789028912782669e-03,-2.841276824474334717e-01,1.163210198283195496e-01,1.806900203227996826e-01,3.736136853694915771e-01,-3.254214823246002197e-01,3.022862672805786133e-01,-9.241434931755065918e-02,-3.825840055942535400e-01,-6.894784420728683472e-02,-1.953731924295425415e-01,1.548821777105331421e-01,-1.020070761442184448e-01,-3.818674758076667786e-02,1.158801689743995667e-01,1.204990893602371216e-01,-1.761990785598754883e-01,-1.825574040412902832e-02,4.357143938541412354e-01,-1.964438110589981079e-01,-3.093449175357818604e-01,2.009824216365814209e-01,2.851389646530151367e-01,1.587958782911300659e-01,3.209447562694549561e-01,-1.561704576015472412e-01,8.477304875850677490e-02,-2.991090416908264160e-01,-3.804930746555328369e-01,1.393486466258764267e-02,-1.602853536605834961e-01,-7.864432036876678467e-02,1.274047698825597763e-02,3.564788699150085449e-01,-1.783313602209091187e-01,2.295529395341873169e-01,-8.646980673074722290e-02,1.589815616607666016e-01,7.761313766241073608e-02,2.222460359334945679e-01,7.626929879188537598e-02,-1.002553198486566544e-02,-5.890755727887153625e-02,-8.930259197950363159e-02,-4.293667152523994446e-02,-3.309903144836425781e-01,6.306093931198120117e-02,3.021335899829864502e-01,-4.329721629619598389e-01,-2.207160294055938721e-01,3.785173892974853516e-01,-1.703641712665557861e-01,-1.159650534391403198e-01,4.097786545753479004e-01,4.885473847389221191e-02,1.914371550083160400e-01,-8.581101149320602417e-02,1.940171569585800171e-01,1.089606210589408875e-01,-1.984318494796752930e-01,-4.497276842594146729e-01,1.122471839189529419e-01,2.095855027437210083e-01,-2.257367819547653198e-01,-2.508507966995239258e-01,2.694145739078521729e-01,-3.766835853457450867e-02,-2.461143732070922852e-01,4.369118064641952515e-02,6.839693337678909302e-02,1.516809612512588501e-01,-1.572396308183670044e-01,-1.192619279026985168e-01,-3.171597123146057129e-01,-1.493940502405166626e-01,1.949904263019561768e-01,-6.356967240571975708e-02,-2.333608567714691162e-01,6.041107773780822754e-01,2.459200769662857056e-01,-4.866313189268112183e-02,3.303999006748199463e-01,-9.832806885242462158e-02,-1.248053926974534988e-02,-5.289771556854248047e-01,3.025531768798828125e-01,1.700347661972045898e-02,5.837147310376167297e-02,2.320058085024356842e-02,1.092013865709304810e-01,-1.047743484377861023e-02,-8.967658877372741699e-02,4.579145461320877075e-02,9.407847374677658081e-02,-2.010734230279922485e-01,4.662626981735229492e-01,-1.027527526021003723e-01,-1.577297225594520569e-02,-1.992037147283554077e-01,-5.185012891888618469e-02,-2.540683746337890625e-02,-3.590424358844757080e-01,-1.521815359592437744e-01,-3.387760818004608154e-01,-4.289039373397827148e-01,-3.466098904609680176e-01,2.286935001611709595e-01,-1.362413913011550903e-01,4.634068906307220459e-02,1.265283823013305664e-01,4.275770112872123718e-02,2.459463849663734436e-02,1.634314209222793579e-01,-1.078048273921012878e-01,7.937411218881607056e-02,-1.697815358638763428e-01,1.282334327697753906e-01,2.180787771940231323e-01,1.334283500909805298e-01,3.929616138339042664e-02,9.281518310308456421e-02,-4.091063439846038818e-01,-2.388160526752471924e-01,-4.246979951858520508e-01,-2.557037398219108582e-02,2.042033243924379349e-03,2.164694368839263916e-01,-1.791422069072723389e-01,-1.302662342786788940e-01,1.038175746798515320e-01,4.147916659712791443e-02,-2.176659703254699707e-01,7.215707302093505859e-01,-4.197574406862258911e-02,1.237226352095603943e-01,-2.293696105480194092e-01,4.845809936523437500e-02,-2.704127132892608643e-01,-1.661267727613449097e-01,-9.412054717540740967e-02,4.039309918880462646e-01,1.506872475147247314e-01,3.094630837440490723e-01,5.993830785155296326e-02,-1.379943341016769409e-01,5.827275291085243225e-02,8.008775860071182251e-02,-5.345977842807769775e-03,-1.991554349660873413e-01,-2.045602649450302124e-01,-2.353845387697219849e-01,-6.050158292055130005e-02,-3.958411216735839844e-01,-5.799945071339607239e-02,-1.087536886334419250e-01,4.006559848785400391e-01,1.429329365491867065e-01,-6.341976672410964966e-02,1.006373539566993713e-01,4.842476919293403625e-02,-4.883062839508056641e-01,2.403648793697357178e-01,9.379736334085464478e-02,2.311399728059768677e-01,8.891115337610244751e-02,3.503108769655227661e-02,-8.769785612821578979e-02,9.284166991710662842e-02,7.385241985321044922e-01,-2.465711086988449097e-01,7.721762359142303467e-02,2.591422200202941895e-02,-5.781695842742919922e-01,-4.215017855167388916e-01,-3.520055115222930908e-02,-1.787705570459365845e-01,-2.984713017940521240e-01,2.663221657276153564e-01,-3.150633275508880615e-01,8.692542463541030884e-02,-4.507461935281753540e-02,1.619723141193389893e-01,2.989475242793560028e-02,5.909834429621696472e-02,2.835980951786041260e-01,2.435011118650436401e-01,-4.569853842258453369e-01,-6.565370410680770874e-02,1.908810734748840332e-01,-1.340196002274751663e-03,1.478448957204818726e-01,-3.694745944812893867e-03,-1.373668164014816284e-01,3.270395398139953613e-01,3.441862016916275024e-02,-9.679894894361495972e-02,-2.371045500040054321e-01,2.348225563764572144e-01,-4.451291859149932861e-01,-4.624216258525848389e-01,3.049505352973937988e-01,1.404711753129959106e-01,-1.628158241510391235e-01,1.840324550867080688e-01,-1.993597894906997681e-01,6.928622722625732422e-02,2.219319343566894531e-01,-2.813332676887512207e-01,-1.516526192426681519e-01,-2.276888489723205566e-01,4.307091608643531799e-02,-2.785416506230831146e-02,-5.130975041538476944e-03
1.054775528609752655e-02,-5.258253216743469238e-02,-5.047719180583953857e-02,-3.227885365486145020e-01,-3.635249137878417969e-01,-8.083601482212543488e-03,-1.757427155971527100e-01,1.693462370894849300e-03,2.716162800788879395e-01,1.263040304183959961e-01,-2.323590666055679321e-01,-3.425836265087127686e-01,-2.745581567287445068e-01,1.312043704092502594e-02,2.246182858943939209e-01,-1.199498549103736877e-01,6.497243791818618774e-02,-4.246055781841278076e-01,-3.352253437042236328e-01,-7.903548330068588257e-02,1.800861954689025879e-01,-4.998503252863883972e-03,1.243909355252981186e-02,1.652752310037612915e-01,-2.085313349962234497e-01,-3.118174374103546143e-01,9.001124650239944458e-03,3.525594472885131836e-01,-1.755465716123580933e-01,-4.167630374431610107e-01,-1.811275035142898560e-01,1.572360843420028687e-01,1.282294746488332748e-02,1.700013279914855957e-01,1.832955144345760345e-02,1.464481502771377563e-01,-1.982536613941192627e-01,6.147255375981330872e-02,-9.221160411834716797e-02,-9.104617685079574585e-02,-1.398293972015380859e-01,-4.352280795574188232e-01,2.501295134425163269e-02,-1.979026274057105184e-04,1.058691591024398804e-01,-3.151935040950775146e-01,1.701836436986923218e-01,9.971067309379577637e-03,1.252276301383972168e-01,3.808436915278434753e-02,4.838371276855468750e-01,-1.785388737916946411e-01,2.442016303539276123e-01,7.832376286387443542e-03,-8.786433190107345581e-02,-5.039185658097267151e-02,1.121146529912948608e-01,1.217456012964248657e-01,-6.811304017901420593e-03,5.308763384819030762e-01,-2.357166707515716553e-01,-4.842490702867507935e-02,-1.066208779811859131e-01,-4.701655358076095581e-02,-7.642263174057006836e-02,2.527229189872741699e-01,1.695811450481414795e-01,9.711349755525588989e-02,-1.992546617984771729e-01,-3.397082164883613586e-02,2.497257441282272339e-01,-6.649000197649002075e-02,3.074678480625152588e-01,4.180746674537658691e-01,-4.513883590698242188e-02,-1.024646125733852386e-02,-9.974190592765808105e-02,-3.107568621635437012e-01,-3.455270230770111084e-01,7.664641737937927246e-02,-2.024310976266860962e-01,3.689714968204498291e-01,-5.519283190369606018e-02,-9.492656588554382324e-02,-2.244433909654617310e-01,-1.327231526374816895e-01,-6.847793608903884888e-02,9.800971485674381256e-03,-1.716251820325851440e-01,1.510839760303497314e-01,1.695509999990463257e-01,-1.832485944032669067e-01,-1.816500574350357056e-01,-8.367305994033813477e-02,-3.055306077003479004e-01,6.509993225336074829e-02,8.956147730350494385e-02,1.594699621200561523e-01,-4.052204191684722900e-01,1.149986609816551208e-01,-2.104315720498561859e-02,7.524791359901428223e-02,-2.452045492827892303e-02,-1.372258514165878296e-01,-1.359754614531993866e-02,1.646982692182064056e-02,-8.393634110689163208e-02,3.080490827560424805e-01,-2.482339441776275635e-01,2.279435098171234131e-01,-9.498541802167892456e-02,-4.819864928722381592e-01,2.998138964176177979e-01,-3.107428923249244690e-02,4.411238729953765869e-01,-1.204684078693389893e-01,7.324573397636413574e-02,6.867289543151855469e-02,-1.823694407939910889e-01,2.199221849441528320e-01,5.004606842994689941e-01,-5.353490114212036133e-01,-4.178206622600555420e-01,-9.268108755350112915e-02,9.407515078783035278e-02,-2.855917513370513916e-01,-4.376022145152091980e-02,2.416201084852218628e-01,7.939369976520538330e-02,-1.245533674955368042e-01,1.196888461709022522e-01,3.169840276241302490e-01,7.806500047445297241e-02,-8.191972225904464722e-02,4.381735026836395264e-01,-5.757727101445198059e-02,-3.587999045848846436e-01,-1.943578869104385376e-01,3.983336687088012695e-01,1.208407431840896606e-01,3.449685499072074890e-02,-1.296004354953765869e-01,-1.523908525705337524e-01,1.236807256937026978e-01,-1.436769217252731323e-01,5.606135725975036621e-01,-2.292831987142562866e-01,1.640398055315017700e-01,-2.440402656793594360e-01,2.863560616970062256e-01,1.167520806193351746e-01,9.633799642324447632e-02,-1.664260476827621460e-01,-5.582540296018123627e-03,4.516499340534210205e-01,4.614612087607383728e-02,3.809885084629058838e-01,2.588109374046325684e-01,-6.122299283742904663e-02,3.142928779125213623e-01,-2.957977056503295898e-01,-9.991531074047088623e-02,1.382418423891067505e-01,-1.424149274826049805e-01,-1.460109800100326538e-01,4.305234253406524658e-01,-3.876672685146331787e-02,-1.719062477350234985e-01,-2.053676098585128784e-01,1.136208474636077881e-01,-2.921396791934967041e-01,1.854293346405029297e-01,1.277111768722534180e-01,-8.004993945360183716e-02,-3.654210567474365234e-01,-7.577072083950042725e-02,-1.403286606073379517e-01,8.931406587362289429e-02,2.136565297842025757e-01,2.564956545829772949e-01,2.493274211883544922e-02,4.240324720740318298e-02,-2.337845861911773682e-01,-4.234005808830261230e-01,3.144205734133720398e-02,-3.867090344429016113e-01,-3.543334305286407471e-01,2.389796078205108643e-01,-4.035412669181823730e-01,1.472883075475692749e-01,3.226571483537554741e-03,9.635415859520435333e-03,-7.876012474298477173e-03,-2.957182526588439941e-01,2.610086202621459961e-01,3.652684092521667480e-01,2.697266042232513428e-01,9.199741482734680176e-02,-7.080572247505187988e-01,9.681079536676406860e-02,-1.553159505128860474e-01,-2.159963548183441162e-01,-4.188479483127593994e-01,-1.582788676023483276e-01,3.267560601234436035e-01,1.077252551913261414e-01,-2.492708861827850342e-01,-4.210829436779022217e-01,-2.951399683952331543e-01,-1.352725476026535034e-01,-4.433196783065795898e-02,-5.802822485566139221e-02,-3.360632434487342834e-02,2.690744996070861816e-01,3.061858117580413818e-01,-7.410377264022827148e-02,3.529326617717742920e-02,2.811552882194519043e-01,-5.816926714032888412e-03,3.745082914829254150e-01,-6.336209923028945923e-02,4.521341249346733093e-02,-5.958084017038345337e-03,1.985248476266860962e-01,2.742024362087249756e-01,3.493489921092987061e-01,-4.432154595851898193e-01,1.093569099903106689e-01,7.074241340160369873e-02,1.989969313144683838e-01,7.954046875238418579e-02,-6.922537088394165039e-02,8.318210020661354065e-03,3.633561432361602783e-01,-2.041159421205520630e-01,-4.101591110229492188e-01,-6.791528314352035522e-02,-8.861400932073593140e-02,-1.113000363111495972e-01,5.677890181541442871e-01,-1.122826486825942993e-01,-3.007445633411407471e-01,2.891896069049835205e-01,2.129026502370834351e-01,2.216540127992630005e-01,-4.833507239818572998e-01,-2.396128326654434204e-01,1.317552179098129272e-01,1.389122158288955688e-01,-2.452602237462997437e-01,-1.053646802902221680e-01,1.054097265005111694e-01,-1.439724862575531006e-01,-2.266242057085037231e-01,-1.663271933794021606e-01,4.248274266719818115e-01,-5.348902661353349686e-03,-7.203898578882217407e-02,2.197646349668502808e-01,1.398269832134246826e-01,3.232952356338500977e-01,-1.230450645089149475e-01,1.808939725160598755e-01,-2.175398916006088257e-01,-1.010734587907791138e-01,-2.514873743057250977e-01,2.591139078140258789e-01,1.189311593770980835e-01,-1.109407246112823486e-01,7.193801552057266235e-02,-3.027464151382446289e-01,-2.317477166652679443e-01,-2.299612611532211304e-01,-3.835745528340339661e-02,-4.450307786464691162e-02,7.371155917644500732e-02,-4.040220379829406738e-02,2.327112108469009399e-02,-4.358438551425933838e-01,-3.348917663097381592e-01,-9.208831936120986938e-02,-4.314608871936798096e-02,5.667178705334663391e-02,5.440849438309669495e-02,-4.669057205319404602e-02,1.608069092035293579e-01,2.206507623195648193e-01,1.152851581573486328e-01,-7.933200895786285400e-02,1.401648223400115967e-01,-4.722560048103332520e-01,-5.766393244266510010e-02,-5.528026446700096130e-02,-2.383302338421344757e-02,-2.199400365352630615e-01,2.749711275100708008e-01,-2.784804068505764008e-02,3.695828318595886230e-01,-3.382053673267364502e-01,1.064267903566360474e-01,1.334569156169891357e-01,2.783051729202270508e-01,5.641816928982734680e-02,1.452905237674713135e-01,3.463252633810043335e-02,5.379103422164916992e-01,-1.408267915248870850e-01,3.204041421413421631e-01,8.926319330930709839e-02,8.540801703929901123e-02,-1.344246864318847656e-01,1.151097789406776428e-01,-4.099797010421752930e-01,1.532799899578094482e-01,-3.290987312793731689e-01,-8.343624323606491089e-02,-7.101257890462875366e-02,6.435686945915222168e-01,-3.482637703418731689e-01,9.847714751958847046e-02,8.338219672441482544e-02,-4.032531008124351501e-02,-3.458742797374725342e-01,-1.927731633186340332e-01,3.175053894519805908e-01,4.118889197707176208e-02,-1.559165567159652710e-01,1.180556863546371460e-01,2.690770626068115234e-01,1.143817305564880371e-01,1.217367872595787048e-01,-1.902792789041996002e-02,2.171296812593936920e-02,-1.063049882650375366e-01,4.636650383472442627e-01,-6.675945222377777100e-02,6.564181298017501831e-02,-8.832580596208572388e-02,-1.625973433256149292e-01,-1.991651803255081177e-01,3.331388235092163086e-01,-6.418745219707489014e-02,-3.741135075688362122e-02,9.245972149074077606e-03,-1.065498068928718567e-01,-7.929465174674987793e-02,1.818255335092544556e-01,4.434299767017364502e-01,5.923023074865341187e-02,-4.047279059886932373e-01,-2.660887241363525391e-01,-1.774730347096920013e-02,1.141582131385803223e-01,-4.154958128929138184e-01,-1.340458542108535767e-01,-4.029161632061004639e-01,-2.370285987854003906e-01,-9.598237276077270508e-02,3.081147074699401855e-01,1.771618276834487915e-01,2.552736997604370117e-01,-6.099430099129676819e-02,-1.112847477197647095e-01,-1.105413958430290222e-01,-5.605260133743286133e-01,-2.644725441932678223e-01,-8.502873033285140991e-02,3.560481965541839600e-01,-1.783929169178009033e-01,7.383662462234497070e-02,1.796003431081771851e-01,-6.879500746726989746e-01,-2.655880525708198547e-02,8.518393337726593018e-02,9.823781996965408325e-02,-1.038697138428688049e-01,3.327402845025062561e-02,-7.066924870014190674e-02,-2.131175100803375244e-01,-1.323760896921157837e-01,-1.989540308713912964e-01,-2.587071061134338379e-01,-4.305433928966522217e-01,1.490633189678192139e-01,2.580277025699615479e-01,1.432558298110961914e-01,4.447433352470397949e-02,1.065966207534074783e-02,2.092200666666030884e-01,2.978179454803466797e-01,-3.262947499752044678e-02,-1.378520857542753220e-03,1.435277014970779419e-01,-1.579162329435348511e-01,7.880737073719501495e-03,1.827186048030853271e-01,1.566765457391738892e-01,5.908478796482086182e-02,1.309273391962051392e-01,4.773774147033691406e-01,2.973594069480895996e-01,-2.424573004245758057e-01,-8.437944203615188599e-02,1.877526491880416870e-01,-1.451624035835266113e-01,4.977272450923919678e-01,2.999212592840194702e-02,-3.974945843219757080e-01,-9.371128864586353302e-03,-8.238028734922409058e-02,2.811397314071655273e-01,2.444548904895782471e-01,-2.144491113722324371e-02,8.726225048303604126e-02,1.493412256240844727e-01,1.533641517162322998e-01,-4.145216941833496094e-02,4.366953372955322266e-01,2.182498425245285034e-01,-4.257373213768005371e-01,-3.062699176371097565e-02,-4.623728990554809570e-01,-8.074091374874114990e-02,2.774618864059448242e-01,3.462413549423217773e-01,-1.541249752044677734e-01,8.161243796348571777e-02,3.348776400089263916e-01,6.967283785343170166e-02,6.882994771003723145e-01,-3.285693526268005371e-01,-1.779461205005645752e-01,3.875186443328857422e-01,2.610283344984054565e-02,1.530920416116714478e-01,-2.103493809700012207e-01,-5.701801925897598267e-02,2.805021405220031738e-01,-2.126652598381042480e-01,6.208264734596014023e-03,-4.634752497076988220e-02,-1.345607936382293701e-01,1.642042547464370728e-01,-5.700149014592170715e-02,-2.051385492086410522e-02,6.639851331710815430e-01,4.212622046470642090e-01,5.225813016295433044e-02,1.206015571951866150e-01,-1.585508137941360474e-01,-3.689894974231719971e-01,-1.740462705492973328e-02,2.077223360538482666e-02,-4.921660944819450378e-02,-1.041991412639617920e-01,2.393764704465866089e-01,1.322368085384368896e-01,9.074104577302932739e-02,-4.908954352140426636e-02,6.477917730808258057e-02,6.899529695510864258e-02,4.561846852302551270e-01,-1.733252257108688354e-01,1.758130788803100586e-01,7.349533960223197937e-03,2.025469392538070679e-01,3.688463270664215088e-01,-9.229836612939834595e-02,-2.175661362707614899e-02,2.717554867267608643e-01,-3.148978948593139648e-01,2.500247657299041748e-01,9.492564015090465546e-03,-1.090207546949386597e-01,-2.455435544252395630e-01,3.118534088134765625e-01,-8.289606124162673950e-02,-1.713759303092956543e-01,-4.938295483589172363e-01,-5.747126042842864990e-02,1.013956665992736816e-01,5.598793178796768188e-02,2.919344902038574219e-01,-2.136926949024200439e-01,1.105828657746315002e-01,-2.773963510990142822e-01,4.392239451408386230e-01,5.309300497174263000e-02,1.692831963300704956e-01,1.658273637294769287e-01,-5.143202096223831177e-02,1.268297526985406876e-02,-1.748587489128112793e-01,1.034277025610208511e-02,8.273895829916000366e-02,-2.324823290109634399e-01,-1.408756971359252930e-01,5.832836031913757324e-02,2.309642881155014038e-01,2.419095486402511597e-01,-4.459602013230323792e-02,1.026848778128623962e-01,-2.296485900878906250e-01,-1.816300749778747559e-01,3.273848295211791992e-01,1.784825026988983154e-01,-2.823572978377342224e-02,-2.179834544658660889e-01,-1.597267091274261475e-01,7.655820995569229126e-02,-2.147057950496673584e-01,-1.182540729641914368e-01,-4.204517602920532227e-01,-1.573727875947952271e-01,4.338260591030120850e-01,-1.421371698379516602e-01,1.344807147979736328e-01,3.723626434803009033e-01,1.411397010087966919e-03,1.724129468202590942e-01,2.546335570514202118e-02,-2.619578540325164795e-01,-3.475904464721679688e-01,-2.304056435823440552e-01,-1.990426778793334961e-01,-2.367563843727111816e-01,-1.819423884153366089e-01,-5.043175816535949707e-02,2.011406980454921722e-02,4.600562155246734619e-03,4.858859255909919739e-02,8.788368850946426392e-02,9.870880097150802612e-02,-2.203402854502201080e-02,5.955803021788597107e-02,-4.652361273765563965e-01,2.511433791369199753e-03,5.442504212260246277e-02,-1.013373881578445435e-01,1.925964206457138062e-01,2.676988244056701660e-01,-5.679832771420478821e-03,-1.907604485750198364e-01,3.186983764171600342e-01,-1.349314600229263306e-01,-1.599377393722534180e-02,1.371380388736724854e-01,2.066256850957870483e-01,-3.205109536647796631e-01,-7.249920815229415894e-02,1.545848441310226917e-03,1.274541020393371582e-01,-4.551738873124122620e-02,1.792829334735870361e-01,-1.917271614074707031e-01,-1.014966890215873718e-01,8.025353401899337769e-02,-4.155997559428215027e-02,1.567551940679550171e-01,1.782167255878448486e-01,5.341987013816833496e-01,2.971361763775348663e-02,-3.533333241939544678e-01,-1.518067531287670135e-02,-1.598156690597534180e-01,3.937153518199920654e-02,2.312541753053665161e-01,-6.565541774034500122e-02,1.719471216201782227e-01,2.534646168351173401e-02,-1.334779262542724609e-01,-8.684868365526199341e-02,-1.164475753903388977e-01,5.566678047180175781e-01,2.260087132453918457e-01,-2.701262235641479492e-01,1.375536620616912842e-02,-5.893177352845668793e-03,8.965089917182922363e-02,-2.586108446121215820e-01,-6.791020929813385010e-02,4.936106801033020020e-01,9.709306806325912476e-02,-2.428182959556579590e-01,-4.431526362895965576e-01,-1.214481890201568604e-01,-3.019186258316040039e-01,-6.613054126501083374e-02,-1.580295525491237640e-02,3.596350178122520447e-02,3.951470926403999329e-02,3.141087591648101807e-01,-2.765232324600219727e-01,9.098847210407257080e-02,-2.811727225780487061e-01,-2.352975681424140930e-02,1.028226464986801147e-01,-2.989265918731689453e-01,6.121180951595306396e-03,-5.174265503883361816e-01,-3.859159350395202637e-01,2.876538932323455811e-01,6.913717389106750488e-01,1.982547491788864136e-01,4.202918708324432373e-01,2.653617970645427704e-02,-2.722968161106109619e-02,-2.004148997366428375e-02,-1.033780053257942200e-01,-9.234988689422607422e-02,1.215184852480888367e-01,1.545142084360122681e-01,-2.207130640745162964e-01,-3.132211267948150635e-01,-3.869095444679260254e-01,-4.251248240470886230e-01,-3.772895410656929016e-02,-3.895545005798339844e-02,-7.325550317764282227e-01,-1.087967865169048309e-02,-2.768079042434692383e-01,-3.026601970195770264e-01,5.304770171642303467e-02,-3.543573617935180664e-02,-2.691932916641235352e-01,-3.535073399543762207e-01,-1.247331276535987854e-01,4.700694680213928223e-01,2.226493954658508301e-01,-2.962934970855712891e-01,6.660573184490203857e-02,1.833270043134689331e-01,9.184706211090087891e-02,-2.951079308986663818e-01,1.090266928076744080e-01,6.645593792200088501e-02,-1.672024875879287720e-01,4.350968450307846069e-02,-4.309901967644691467e-02,-4.126270115375518799e-01,-3.886129558086395264e-01,-1.348127275705337524e-01,-6.234956532716751099e-02,-3.976194262504577637e-01,-1.923273317515850067e-02,-2.333736121654510498e-01,-2.305308580398559570e-01,1.820795387029647827e-01,4.155217707157135010e-01,9.900705516338348389e-02,-2.086023241281509399e-01,-3.873089253902435303e-01,-5.634430795907974243e-03,-2.219881415367126465e-01,-3.063325583934783936e-01,2.616083025932312012e-01,1.797918528318405151e-01,-9.287460148334503174e-02,-3.402564823627471924e-01,1.132496446371078491e-01,-9.692518413066864014e-02,1.520629376173019409e-01,1.593847759068012238e-02,2.521637082099914551e-01,-2.776362895965576172e-01,-2.372717708349227905e-01,-2.019072175025939941e-01,-7.913549244403839111e-02,1.278987824916839600e-01,-1.452101767063140869e-01,4.852377176284790039e-01,1.861184239387512207e-01,3.013666272163391113e-01,2.635132372379302979e-01,-6.511770486831665039e-01,9.046193212270736694e-02,5.692411586642265320e-02,1.510824412107467651e-01,-2.575228810310363770e-01,2.070489078760147095e-01,4.641829431056976318e-01,1.728510111570358276e-02,-2.384027540683746338e-01,-1.178705766797065735e-01,-4.709647893905639648e-01,-1.354565657675266266e-02,-2.396537065505981445e-01,-2.686739861965179443e-01,-6.530011445283889771e-02,4.325329661369323730e-01,-2.097478806972503662e-01,2.188812941312789917e-01,3.963742777705192566e-02,-2.243631780147552490e-01,6.262601166963577271e-02,-1.019071508198976517e-02,2.236903160810470581e-01,1.527467966079711914e-01,3.260624408721923828e-01,1.102696284651756287e-01,2.112214863300323486e-01,9.923113510012626648e-03,-2.564030587673187256e-01,2.876118384301662445e-02,1.055332273244857788e-01,-2.061651796102523804e-01,2.931511998176574707e-01,-3.929797559976577759e-02,4.151088595390319824e-01,-2.832644432783126831e-02,1.568801999092102051e-01,-4.201810956001281738e-01,3.099179565906524658e-01,-1.306916326284408569e-01,2.968051843345165253e-02,-4.662374556064605713e-01,8.429515361785888672e-02,-7.286120951175689697e-02,6.836996972560882568e-02,-1.016216203570365906e-01,2.286863476037979126e-01,-1.987185329198837280e-01,-3.626322150230407715e-01,2.621042169630527496e-02,9.304676204919815063e-02,-3.635008931159973145e-01,1.251483857631683350e-01,3.349799215793609619e-01,2.601383253931999207e-02,-8.790731430053710938e-02,2.120590209960937500e-01,4.368269070982933044e-02,-3.439940810203552246e-01,-1.095953676849603653e-02,9.170835465192794800e-02,-3.551051020622253418e-01,5.520191043615341187e-02,-9.701828658580780029e-02,4.302921295166015625e-01,3.779165744781494141e-01,5.069357156753540039e-02,1.759116351604461670e-01,-1.328008025884628296e-01,3.568203449249267578e-01,1.947258710861206055e-01,-1.975464075803756714e-01,8.395289629697799683e-02,2.557036280632019043e-01,9.055545181035995483e-02,2.824972271919250488e-01,1.230820268392562866e-01,1.710167229175567627e-01,-3.699636161327362061e-01,-1.704483479261398315e-01,-2.157637774944305420e-01,1.873519867658615112e-01,-1.744984537363052368e-01,2.121442109346389771e-01,-7.518354803323745728e-02,-1.938873976469039917e-01,-1.236620694398880005e-01,1.617556959390640259e-01,-1.113555505871772766e-01,9.342101961374282837e-02,5.689363554120063782e-02,5.218706727027893066e-01,1.899477243423461914e-01,2.250274717807769775e-01
-2.774683237075805664e-01,-1.897437125444412231e-01,-4.319770336151123047e-01,9.347871690988540649e-02,-3.569121956825256348e-01,-1.699475944042205811e-01,1.242485195398330688e-01,-9.753745794296264648e-02,-1.170935183763504028e-01,6.228500232100486755e-02,-1.439528316259384155e-01,1.816403418779373169e-01,-1.590216606855392456e-01,4.748319461941719055e-02,1.339803487062454224e-01,-3.098859917372465134e-03,-1.215927302837371826e-01,-3.306303545832633972e-02,5.892501771450042725e-02,1.868864893913269043e-01,2.990402281284332275e-01,2.036813646554946899e-01,1.253295987844467163e-01,5.104909464716911316e-02,-3.758522868156433105e-01,2.666480839252471924e-01,-3.863920271396636963e-01,-2.790311723947525024e-02,-3.162791430950164795e-01,1.283655762672424316e-01,-1.966012716293334961e-01,-4.971543550491333008e-01,1.268189251422882080e-01,-9.032625705003738403e-02,-4.276393726468086243e-02,5.345306992530822754e-01,-1.713424623012542725e-01,-2.807527482509613037e-01,-6.838280241936445236e-03,2.507224380970001221e-01,-3.084036111831665039e-01,4.275311529636383057e-01,3.030242323875427246e-01,-3.725939393043518066e-01,1.555042415857315063e-01,-3.995992541313171387e-01,-1.921239495277404785e-01,1.021106615662574768e-01,-3.932257294654846191e-01,1.381773203611373901e-01,1.206013094633817673e-02,-9.827247262001037598e-02,-4.509132355451583862e-03,-4.446219801902770996e-01,1.546288877725601196e-01,-1.504711341112852097e-03,2.039042115211486816e-02,4.096671938896179199e-02,-1.165947392582893372e-01,1.118249595165252686e-01,-2.096954435110092163e-01,1.392637938261032104e-01,3.926335871219635010e-01,-2.908855304121971130e-02,-1.945431679487228394e-01,3.330601453781127930e-01,-1.973042637109756470e-01,-5.777340531349182129e-01,1.275164484977722168e-01,2.653298079967498779e-01,-9.755049645900726318e-02,4.143773764371871948e-02,-2.550868391990661621e-01,3.187846243381500244e-01,-2.605772018432617188e-01,-1.772011816501617432e-02,-1.220465749502182007e-01,-1.201824396848678589e-01,1.676427125930786133e-01,1.282688975334167480e-01,1.608178913593292236e-01,3.040615022182464600e-01,-5.714477971196174622e-02,-2.470302730798721313e-01,3.701256513595581055e-01,3.410895913839340210e-02,1.359252631664276123e-02,-3.142524138092994690e-02,-1.434718221426010132e-01,2.589877247810363770e-01,3.540121391415596008e-02,-2.462394237518310547e-01,4.974350705742835999e-02,1.372444629669189453e-02,4.839674830436706543e-01,-5.873193219304084778e-02,3.760016858577728271e-01,-2.946690022945404053e-01,-4.103132784366607666e-01,1.910323798656463623e-01,3.810359835624694824e-01,6.488583981990814209e-02,2.897030115127563477e-01,2.891834378242492676e-01,9.217482060194015503e-02,1.464372575283050537e-01,2.060771435499191284e-01,5.067125335335731506e-02,-1.448055207729339600e-01,7.731969654560089111e-02,2.561750635504722595e-02,1.948236078023910522e-01,2.305773086845874786e-02,-3.365574479103088379e-01,2.606229186058044434e-01,-6.185292149893939495e-04,-1.057186722755432129e-01,-1.171833351254463196e-01,2.421692460775375366e-01,-3.781728148460388184e-01,2.112865149974822998e-01,-1.518265157938003540e-01,-2.175276577472686768e-01,-1.073100324720144272e-02,-1.297326683998107910e-01,1.719760335981845856e-02,1.559055447578430176e-01,-2.282344922423362732e-02,-6.697322428226470947e-02,-2.157215625047683716e-01,4.929487779736518860e-02,-1.269402354955673218e-01,-9.711907058954238892e-02,-1.240834966301918030e-01,1.086985543370246887e-01,5.879600644111633301e-01,3.414837121963500977e-01,-2.748464420437812805e-02,-1.510201692581176758e-01,-1.942194104194641113e-01,6.458519697189331055e-01,-9.578828513622283936e-02,9.368899464607238770e-02,-7.622069120407104492e-02,-1.820549368858337402e-01,3.541423380374908447e-01,1.440887451171875000e-01,1.768693327903747559e-02,2.229318469762802124e-01,-4.829161986708641052e-02,1.413753777742385864e-01,2.587640881538391113e-01,3.121323287487030029e-01,-4.026277661323547363e-01,3.628040850162506104e-02,3.407154083251953125e-01,1.510662436485290527e-01,3.070256412029266357e-01,1.390171647071838379e-01,-2.087189108133316040e-01,2.626522779464721680e-01,3.082929849624633789e-01,1.208365857601165771e-01,-3.468331992626190186e-01,-3.363356590270996094e-01,6.547862291336059570e-02,1.771122515201568604e-01,-3.195294141769409180e-01,3.377021551132202148e-01,4.295629858970642090e-01,4.559223651885986328e-01,6.832740306854248047e-01,3.406819701194763184e-01,-2.394609749317169189e-01,-1.432678252458572388e-01,2.990202903747558594e-01,2.789664641022682190e-02,2.255662381649017334e-01,-6.911305338144302368e-02,2.288089692592620850e-02,-2.466614246368408203e-01,6.136771757155656815e-03,-1.495228558778762817e-01,5.397775769233703613e-02,5.437511205673217773e-01,-4.445406496524810791e-01,-2.309268806129693985e-03,-1.305300146341323853e-01,4.103671386837959290e-02,-1.411839574575424194e-01,2.281119376420974731e-01,1.895978748798370361e-01,-1.153324991464614868e-01,-3.998744860291481018e-02,2.633384168148040771e-01,3.316313028335571289e-02,1.238790601491928101e-01,7.485724091529846191e-01,-2.166600674390792847e-01,2.774062752723693848e-01,-1.017981674522161484e-02,-2.411041408777236938e-02,-2.986123561859130859e-01,5.640052631497383118e-02,-1.363809499889612198e-02,-2.254661545157432556e-02,-9.960886836051940918e-02,2.549709677696228027e-01,-2.050132155418395996e-01,-2.908473014831542969e-01,2.974821627140045166e-01,-2.825997769832611084e-01,-2.519348859786987305e-01,-1.348826196044683456e-02,-1.256941556930541992e-01,-5.918210744857788086e-02,-2.250129431486129761e-01,1.450800597667694092e-01,3.490293771028518677e-02,1.305813789367675781e-01,4.815691336989402771e-02,2.954722940921783447e-01,-3.801713930442929268e-03,-5.486796796321868896e-02,-3.480645418167114258e-01,-1.488668173551559448e-01,-9.652867168188095093e-02,1.224828884005546570e-02,-9.063688665628433228e-02,-4.669827222824096680e-02,3.861831501126289368e-02,1.969051547348499298e-03,-3.181972354650497437e-02,5.170875415205955505e-02,2.943626344203948975e-01,1.039463132619857788e-01,3.211145997047424316e-01,-2.306903302669525146e-01,-2.569977641105651855e-01,4.455764293670654297e-01,1.315500438213348389e-01,4.467570036649703979e-02,-4.183634221553802490e-01,-1.944219022989273071e-01,-1.243290975689888000e-01,2.516850270330905914e-02,8.347056061029434204e-02,6.794468313455581665e-02,3.730497360229492188e-01,5.228994879871606827e-03,2.056009471416473389e-01,1.209703087806701660e-01,-4.831874370574951172e-01,2.570274174213409424e-01,2.812207341194152832e-01,-6.684814393520355225e-02,-1.062178835272789001e-01,2.100011147558689117e-02,-8.390970528125762939e-02,9.093931317329406738e-02,-9.268660843372344971e-02,3.899076879024505615e-01,1.533704400062561035e-01,2.105726301670074463e-01,2.722774446010589600e-01,-1.266324371099472046e-01,-1.769609302282333374e-01,4.493141174316406250e-01,-2.651367802172899246e-03,8.640180528163909912e-02,-4.229578077793121338e-01,1.306048035621643066e-01,4.216376319527626038e-02,-3.196069598197937012e-01,4.281705915927886963e-01,-3.996732234954833984e-01,7.609348744153976440e-02,2.837157845497131348e-01,8.086273074150085449e-02,2.087231129407882690e-01,-7.118558138608932495e-02,3.623789846897125244e-01,2.426347285509109497e-01,2.166746556758880615e-02,1.111972853541374207e-01,-3.109151124954223633e-02,-1.239262372255325317e-01,-1.549949049949645996e-01,-1.129457652568817139e-01,-2.874512672424316406e-01,4.975904226303100586e-01,-8.408978581428527832e-02,-1.260874271392822266e-01,6.726486086845397949e-01,8.508001267910003662e-02,4.959876239299774170e-01,1.236463859677314758e-01,2.821851372718811035e-01,2.786612808704376221e-01,-8.591517806053161621e-02,-1.129345297813415527e-01,-7.799840718507766724e-02,-1.558128744363784790e-01,1.886024773120880127e-01,-1.981889754533767700e-01,1.260459125041961670e-01,1.635611951351165771e-01,-4.574094712734222412e-02,2.952765226364135742e-01,-1.131364852190017700e-01,1.008145511150360107e-01,2.082991898059844971e-01,1.841485798358917236e-01,4.951955750584602356e-02,4.863378126174211502e-03,1.348532885313034058e-01,9.577564895153045654e-02,-8.075764030218124390e-02,-1.266686767339706421e-01,-5.731467604637145996e-01,1.744345724582672119e-01,-2.959131300449371338e-01,-1.005285903811454773e-01,-4.227149784564971924e-01,4.281983971595764160e-01,-9.766079485416412354e-02,8.738382905721664429e-02,-3.358069956302642822e-01,-3.551957011222839355e-01,-2.496956661343574524e-02,-6.752698868513107300e-02,4.367881920188665390e-03,9.828457981348037720e-02,-1.539682894945144653e-01,1.329056620597839355e-01,2.548212371766567230e-02,8.151052147150039673e-02,-2.601921558380126953e-01,-2.689258754253387451e-01,-2.662657499313354492e-01,-6.617972254753112793e-02,-2.334136366844177246e-01,3.425246477127075195e-02,-5.545208230614662170e-02,-5.558155179023742676e-01,-2.885489761829376221e-01,-1.105434373021125793e-01,-3.570051491260528564e-01,-3.781196475028991699e-01,-4.950862228870391846e-01,3.463175892829895020e-01,-6.471228599548339844e-02,-1.192696243524551392e-01,1.086422950029373169e-01,-2.731598615646362305e-01,-6.608004868030548096e-02,-9.486903995275497437e-02,1.065114326775074005e-02,2.580790817737579346e-01,1.397910565137863159e-01,1.778214871883392334e-01,-8.510690927505493164e-02,-3.621571063995361328e-01,2.113879323005676270e-01,-4.555779993534088135e-01,-1.647654473781585693e-01,-2.134489268064498901e-01,-3.879442214965820312e-01,1.966595947742462158e-01,-1.802593469619750977e-02,9.640406817197799683e-02,-8.778959512710571289e-02,4.604005813598632812e-01,1.685794740915298462e-01,-4.074817299842834473e-01,2.287036478519439697e-01,-5.783648788928985596e-02,-1.947355419397354126e-01,-1.029298081994056702e-02,-3.771356940269470215e-01,6.122615188360214233e-03,1.913653612136840820e-01,4.409361258149147034e-02,1.204975396394729614e-01,8.006422221660614014e-02,-4.726432859897613525e-01,2.585591077804565430e-01,3.163482844829559326e-01,1.889204047620296478e-02,-9.430054575204849243e-02,-5.377669930458068848e-01,-6.070738658308982849e-02,-1.014962345361709595e-01,2.598557174205780029e-01,2.557987272739410400e-01,-2.643381357192993164e-01,3.526412546634674072e-01,2.073006182909011841e-01,1.648448109626770020e-01,-2.541381716728210449e-01,1.765885576605796814e-02,4.450332373380661011e-02,7.294929772615432739e-02,6.818272173404693604e-02,-1.601157188415527344e-01,-8.801294118165969849e-02,-1.341928541660308838e-01,3.644873797893524170e-01,8.825869858264923096e-02,1.911567896604537964e-01,-2.539384961128234863e-01,2.198496162891387939e-01,4.633543491363525391e-01,-9.853398799896240234e-02,2.998842000961303711e-01,-1.023620590567588806e-01,-2.455419898033142090e-01,-1.556726098060607910e-01,-6.890095025300979614e-02,1.325513720512390137e-01,-7.943411357700824738e-03,2.208991795778274536e-01,-3.446734547615051270e-01,-8.988202363252639771e-02,-1.205777097493410110e-02,-1.931779459118843079e-02,-4.741954803466796875e-01,-7.434175908565521240e-02,1.406578421592712402e-01,6.262321770191192627e-02,-2.037027627229690552e-01,3.306744247674942017e-02,1.062964051961898804e-01,-3.390223085880279541e-01,-2.372796684503555298e-01,-3.536898791790008545e-01,1.208966672420501709e-01,1.353804320096969604e-01,-1.669324003159999847e-03,1.886221580207347870e-02,3.312019407749176025e-01,3.783012798521667719e-04,-5.847079157829284668e-01,1.839602589607238770e-01,6.391804814338684082e-01,3.661394119262695312e-01,2.433232814073562622e-01,-2.978731095790863037e-01,1.717336624860763550e-01,2.913332581520080566e-01,4.292355775833129883e-01,-2.105585783720016479e-01,4.763075113296508789e-01,6.653398275375366211e-02,-8.751509338617324829e-02,-2.335960119962692261e-01,3.321678638458251953e-01,-2.033796906471252441e-02,1.279952824115753174e-01,-8.067734539508819580e-03,3.261813819408416748e-01,1.534316129982471466e-02,-1.223734840750694275e-01,-2.059956640005111694e-02,1.713874191045761108e-02,1.502941101789474487e-01,-5.372083559632301331e-02,-1.105255410075187683e-01,-6.561369448900222778e-02,-1.371900290250778198e-01,6.391946971416473389e-02,2.131440192461013794e-01,3.306249082088470459e-01,-2.942080199718475342e-01,-1.698201708495616913e-02,3.181622028350830078e-01,-1.721336096525192261e-01,7.050050497055053711e-01,-1.353303343057632446e-01,-6.247453764081001282e-02,-6.117363274097442627e-02,-8.970414847135543823e-02,-6.919701397418975830e-02,1.209807991981506348e-01,1.325993835926055908e-01,-2.766899466514587402e-01,-1.506614536046981812e-01,9.366986341774463654e-03,1.660487949848175049e-01,-3.332944810390472412e-01,-1.619554013013839722e-01,1.749405413866043091e-01,-7.106401920318603516e-01,2.541895508766174316e-01,-6.527414917945861816e-02,1.439782977104187012e-01,1.875159889459609985e-02,-2.540498971939086914e-02,6.278586387634277344e-01,2.253962308168411255e-01,5.984162911772727966e-02,-7.922026515007019043e-02,1.589691080152988434e-02,-9.065949171781539917e-02,6.344804167747497559e-02,-2.126897424459457397e-01,-4.489325582981109619e-01,-5.976364389061927795e-02,3.738042414188385010e-01,-2.945290319621562958e-02,-2.771967053413391113e-01,-1.122044771909713745e-01,6.531791388988494873e-02,-2.696338891983032227e-01,4.286595582962036133e-01,4.304914474487304688e-01,2.099998593330383301e-01,-1.487818807363510132e-01,-9.043253958225250244e-02,2.882639877498149872e-02,2.816616892814636230e-01,2.227369509637355804e-02,-2.491601109504699707e-01,-1.704256832599639893e-01,2.237164825201034546e-01,-6.512387841939926147e-02,-2.093584835529327393e-01,6.631784141063690186e-02,-1.087725684046745300e-01,-4.051065146923065186e-01,2.040592581033706665e-01,-1.639661788940429688e-01,-2.902859449386596680e-01,-1.890307813882827759e-01,2.848331928253173828e-01,2.272263765335083008e-01,2.421426922082901001e-01,2.746030986309051514e-01,-3.078165650367736816e-01,-7.698910683393478394e-02,-2.280214130878448486e-01,6.996725499629974365e-02,-2.054597139358520508e-01,1.247612535953521729e-01,4.596878886222839355e-01,8.807113021612167358e-02,-2.314207702875137329e-01,2.022038549184799194e-01,-2.728408202528953552e-02,1.526944711804389954e-02,2.266632765531539917e-01,-5.239868536591529846e-02,-3.829932510852813721e-01,2.656182944774627686e-01,-8.543922752141952515e-02,1.236476190388202667e-02,8.355773240327835083e-02,-4.464022219181060791e-01,4.984529688954353333e-02,-4.976804554462432861e-02,2.381786108016967773e-01,-8.691230788826942444e-03,-8.388113230466842651e-02,7.976166903972625732e-02,-1.401013135910034180e-01,-2.080934792757034302e-01,-1.048875600099563599e-02,-4.661004543304443359e-01,-2.844807319343090057e-02,-3.042608313262462616e-02,-2.909622192382812500e-01,-7.567402720451354980e-02,2.898433506488800049e-01,4.079115390777587891e-01,3.749992698431015015e-03,-1.268078833818435669e-01,-1.365348100662231445e-01,-4.794252570718526840e-03,2.138769030570983887e-01,-2.661733031272888184e-01,2.591596245765686035e-01,-1.213998571038246155e-01,-1.977890878915786743e-01,2.818640172481536865e-01,5.182620882987976074e-01,-1.880692541599273682e-01,-1.953746974468231201e-01,8.210323005914688110e-02,-3.935420811176300049e-01,8.117547631263732910e-02,-9.982706978917121887e-03,3.514071404933929443e-01,-1.543519198894500732e-01,4.875162243843078613e-02,-2.885083556175231934e-01,1.018121466040611267e-01,2.945347428321838379e-01,2.070915699005126953e-01,-5.654869079589843750e-01,-2.211987227201461792e-01,-2.133198827505111694e-01,-2.726309895515441895e-01,-2.556600272655487061e-01,-5.405908077955245972e-02,-9.433151781558990479e-02,1.745897829532623291e-01,7.843925058841705322e-02,-3.666433691978454590e-01,-3.604906201362609863e-01,-3.545197248458862305e-01,4.686209559440612793e-02,-2.790280580520629883e-01,-2.631631866097450256e-02,7.615566998720169067e-02,2.068463712930679321e-01,-2.223939597606658936e-01,6.988406181335449219e-02,1.052668392658233643e-01,-5.175682529807090759e-02,-1.527565717697143555e-01,9.746361523866653442e-02,5.855004861950874329e-02,1.430000811815261841e-01,6.693609356880187988e-01,2.262522280216217041e-02,-2.740609347820281982e-01,-2.695776894688606262e-02,1.212824508547782898e-01,-4.437467455863952637e-02,1.978680640459060669e-01,7.260411977767944336e-02,-1.998385041952133179e-01,-3.565973415970802307e-02,9.227162599563598633e-02,3.484950363636016846e-01,1.031794585287570953e-02,2.092350572347640991e-01,3.368493020534515381e-01,4.385971426963806152e-01,3.920803368091583252e-01,-2.100566625595092773e-01,-4.799830913543701172e-01,1.218979060649871826e-02,1.893869228661060333e-02,-3.925838470458984375e-01,4.170723855495452881e-01,-1.857950836420059204e-01,3.108355030417442322e-02,-1.168873831629753113e-01,-3.826603889465332031e-01,-2.252230495214462280e-01,2.247207984328269958e-02,-1.116882488131523132e-01,6.935177743434906006e-02,-2.274122834205627441e-02,1.857663840055465698e-01,1.800661683082580566e-01,-1.774022877216339111e-01,-9.833244979381561279e-02,-1.208222955465316772e-01,-1.482334136962890625e-01,5.300727486610412598e-02,6.292520761489868164e-01,1.333023756742477417e-01,2.771377749741077423e-02,-4.475274980068206787e-01,4.221000522375106812e-02,-6.499123573303222656e-02,3.497994244098663330e-01,-5.068218335509300232e-02,-1.076262295246124268e-01,-5.945983156561851501e-02,1.228375732898712158e-01,-1.579563692212104797e-02,-5.501623079180717468e-02,-4.294468089938163757e-02,1.486864984035491943e-01,-4.576833918690681458e-02,2.346421033143997192e-02,1.272547543048858643e-01,9.841918200254440308e-02,8.618125319480895996e-02,-3.371633961796760559e-02,-1.110252961516380310e-01,3.161459695547819138e-03,2.985163964331150055e-02,-1.784423142671585083e-01,-1.966933459043502808e-01,-3.519538557156920433e-03,1.901105046272277832e-01,1.672193259000778198e-01,3.636463582515716553e-01,1.489602774381637573e-01,1.654738336801528931e-01,4.003443419933319092e-01,-1.443749219179153442e-01,-3.819369152188301086e-02,2.959717810153961182e-01,4.143025279045104980e-01,-1.130764186382293701e-02,-3.176385536789894104e-02,-9.028933197259902954e-02,1.848331987857818604e-01,9.469632990658283234e-03,-3.718067333102226257e-02,-4.400521144270896912e-02,2.581854462623596191e-01,2.054917216300964355e-01,1.091509684920310974e-01,-9.477055817842483521e-02,3.074209764599800110e-02,-4.867599904537200928e-01,2.448533922433853149e-01,-1.585880070924758911e-01,3.889292180538177490e-01,-1.553708016872406006e-01,-8.647928014397621155e-03,-4.980962574481964111e-01,-1.119428500533103943e-01,1.007139757275581360e-01,1.561602205038070679e-01,2.324797213077545166e-01,8.680218458175659180e-02,7.386770844459533691e-02,1.563624888658523560e-01,2.042382657527923584e-01,5.799615755677223206e-02,1.025337949395179749e-01,-9.860715270042419434e-02,6.564499139785766602e-01,1.761111766099929810e-01,4.169672429561614990e-01,1.574717015027999878e-01,1.977518647909164429e-01,4.487738311290740967e-01,1.929308325052261353e-01,-9.252443164587020874e-02,1.965653002262115479e-01,7.540487498044967651e-02,-1.444368809461593628e-01,-1.931817680597305298e-01,-1.985356062650680542e-01,7.696054130792617798e-02,-2.045796960592269897e-01,7.039895653724670410e-02,-4.056088626384735107e-02,1.443461328744888306e-01,1.058813109993934631e-01,-5.510427802801132202e-02,-2.890857458114624023e-01,7.527523487806320190e-02,-1.254212260246276855e-01,-2.546167969703674316e-01,4.932399466633796692e-02,-6.923966407775878906e-01,-1.392448097467422485e-01,-3.852509334683418274e-02,-2.308614701032638550e-01,3.667171895503997803e-01,-1.599426418542861938e-01,-7.214280962944030762e-02,3.579577058553695679e-02,7.682681828737258911e-02,-2.924589216709136963e-01,2.278639674186706543e-01,-2.165677398443222046e-02,1.190651301294565201e-02,6.011663377285003662e-02
2.321442775428295135e-02,2.293914258480072021e-01,1.586923450231552124e-01,-2.185707837343215942e-01,-1.479195058345794678e-01,-7.923766225576400757e-02,-3.468485772609710693e-01,4.418305307626724243e-02,-1.760288774967193604e-01,2.328286021947860718e-01,-9.829391539096832275e-02,-4.131914973258972168e-01,4.705557972192764282e-02,-3.133780136704444885e-02,-4.569557011127471924e-01,1.293649077415466309e-01,3.928928375244140625e-01,1.610642857849597931e-02,8.799917995929718018e-02,-1.572903841733932495e-01,2.007848322391510010e-01,-1.790608912706375122e-01,-1.503770649433135986e-01,5.906413495540618896e-02,2.964350283145904541e-01,1.862958073616027832e-01,-1.105253305286169052e-02,1.599618196487426758e-01,5.810789465904235840e-01,2.088473737239837646e-01,-4.712345451116561890e-02,8.182787895202636719e-02,-1.886990219354629517e-01,1.679922640323638916e-02,3.173184022307395935e-02,1.586254984140396118e-01,-1.155001521110534668e-01,3.758756816387176514e-01,-9.067333303391933441e-03,-2.701734006404876709e-01,1.530521064996719360e-01,-4.157243072986602783e-01,-3.340796530246734619e-01,1.053391546010971069e-01,-2.404845505952835083e-01,8.481527864933013916e-02,-1.177033483982086182e-01,-2.328873723745346069e-01,2.182546257972717285e-01,-5.269358307123184204e-02,1.895408779382705688e-01,-3.629325330257415771e-01,-1.169833838939666748e-01,3.630674481391906738e-01,-3.563276231288909912e-01,1.821202039718627930e-02,3.239912092685699463e-01,-2.858084067702293396e-02,2.781635522842407227e-02,-2.449248731136322021e-01,6.351246684789657593e-02,-9.685731679201126099e-02,-7.682164013385772705e-02,2.196102142333984375e-01,2.909568324685096741e-02,1.125537827610969543e-01,-1.188138946890830994e-01,3.852940499782562256e-01,-1.042660549283027649e-01,1.133422926068305969e-01,-1.759461909532546997e-01,6.404040846973657608e-03,-5.270844697952270508e-02,2.258025808259844780e-03,1.106984168291091919e-01,2.707269787788391113e-01,-2.721824049949645996e-01,-4.371649771928787231e-02,4.113488644361495972e-02,-6.500379741191864014e-02,2.114966958761215210e-01,-2.279643118381500244e-01,-3.140435218811035156e-01,1.310630738735198975e-01,-4.481952488422393799e-01,2.884167730808258057e-01,-2.911422848701477051e-01,-4.508474469184875488e-02,-2.660101652145385742e-01,-1.001123711466789246e-01,1.287833303213119507e-01,1.508230566978454590e-01,-2.540520727634429932e-01,-1.974858790636062622e-01,-3.107050359249114990e-01,2.144609689712524414e-01,6.066342443227767944e-02,1.944820135831832886e-01,-2.310388684272766113e-01,4.418322816491127014e-02,9.762361645698547363e-02,2.213089466094970703e-01,-3.481833338737487793e-01,-1.243412792682647705e-01,-1.481592059135437012e-01,-1.905191987752914429e-01,-5.128771532326936722e-03,3.441701233386993408e-01,-7.813402265310287476e-02,7.038220763206481934e-02,7.041569799184799194e-02,-2.338879555463790894e-01,-1.850242614746093750e-01,-7.116547971963882446e-02,-4.243378937244415283e-01,-4.379675164818763733e-02,7.875025272369384766e-02,1.156123727560043335e-01,-3.572770655155181885e-01,-2.574184834957122803e-01,1.390322148799896240e-01,1.393770362483337522e-04,-1.860912144184112549e-01,1.220818236470222473e-01,2.487007379531860352e-01,3.473923727869987488e-02,2.670480310916900635e-01,2.391074001789093018e-01,2.426575124263763428e-01,-1.538994461297988892e-01,3.666628003120422363e-01,-7.473476231098175049e-02,7.577729970216751099e-02,-1.095133181661367416e-02,3.346623480319976807e-01,3.999915421009063721e-01,4.882461130619049072e-01,2.035923004150390625e-01,1.851443052291870117e-01,-4.523404836654663086e-01,-1.950989104807376862e-02,3.922270238399505615e-01,2.635420560836791992e-01,5.410159006714820862e-02,5.447664856910705566e-01,-1.720465719699859619e-01,9.587869048118591309e-02,9.774174541234970093e-02,2.204633057117462158e-01,2.596350908279418945e-01,-1.760993450880050659e-01,-9.937012195587158203e-02,-1.126264929771423340e-01,-3.648100197315216064e-01,5.428386479616165161e-02,-1.850484162569046021e-01,-1.036702394485473633e-01,-1.414732784032821655e-01,9.324190020561218262e-02,-2.467043548822402954e-01,1.207060068845748901e-01,-3.766580224037170410e-01,1.365250200033187866e-01,6.017410755157470703e-01,1.136751845479011536e-01,1.691692173480987549e-01,-3.581547737121582031e-02,-1.821235269308090210e-01,7.413120567798614502e-02,-2.611574232578277588e-01,1.333879977464675903e-01,-3.335417211055755615e-01,-2.423051595687866211e-01,-1.856962442398071289e-01,1.456856429576873779e-01,2.196833491325378418e-01,4.386873170733451843e-02,-1.259232014417648315e-01,1.534843584522604942e-03,-6.609173864126205444e-02,-5.654582381248474121e-02,-6.229299902915954590e-01,2.907026112079620361e-01,-1.009879186749458313e-01,-2.082984298467636108e-01,3.863838911056518555e-01,-1.498759686946868896e-01,8.029153943061828613e-02,3.504978716373443604e-01,-6.539208441972732544e-02,-2.051578275859355927e-02,-1.607940718531608582e-02,-5.563170313835144043e-01,1.525221168994903564e-01,-2.148218750953674316e-01,6.991045176982879639e-02,7.880221307277679443e-02,1.351177096366882324e-01,-3.222591057419776917e-02,2.395739555358886719e-01,-1.840178109705448151e-02,4.806580021977424622e-02,1.763020157814025879e-01,-1.888845674693584442e-02,-9.489066153764724731e-02,3.377612233161926270e-01,2.065702676773071289e-01,-9.085675701498985291e-03,-1.645376980304718018e-01,-1.033013463020324707e-01,-2.448175661265850067e-02,4.439262151718139648e-01,-1.666465401649475098e-01,-3.448247164487838745e-02,1.472920775413513184e-01,-1.440131515264511108e-01,2.479748427867889404e-01,1.184158865362405777e-02,3.438911959528923035e-02,1.986099630594253540e-01,1.343600302934646606e-01,7.387179136276245117e-02,2.323126047849655151e-01,-2.404537498950958252e-01,4.945038631558418274e-02,1.629512757062911987e-01,3.159535527229309082e-01,-5.972766280174255371e-01,1.276269704103469849e-01,-2.767635583877563477e-01,2.438451200723648071e-01,2.930260896682739258e-01,1.405505388975143433e-01,-1.006766874343156815e-02,1.927303075790405273e-01,9.863285720348358154e-02,-2.052599638700485229e-01,-3.083415031433105469e-01,4.696283023804426193e-03,-9.209912270307540894e-02,-1.744088679552078247e-01,-1.676716208457946777e-01,2.715726196765899658e-01,-7.386041339486837387e-03,3.133219778537750244e-01,1.765546202659606934e-01,3.944257795810699463e-01,-3.592213988304138184e-01,-7.381248474121093750e-01,1.227867789566516876e-02,2.524699866771697998e-01,3.809463232755661011e-02,-1.829896122217178345e-01,7.831331342458724976e-02,-9.071675688028335571e-02,2.862393558025360107e-01,1.901011615991592407e-01,-7.111959625035524368e-03,-4.711334109306335449e-01,2.828504703938961029e-02,-3.724392056465148926e-01,-2.642655968666076660e-01,2.360503934323787689e-02,-8.256536722183227539e-02,-4.614818692207336426e-01,-4.637325927615165710e-02,7.513821870088577271e-02,-3.781342208385467529e-01,3.535336581990122795e-03,5.910124629735946655e-02,-1.436361223459243774e-01,-3.325965106487274170e-01,3.784802556037902832e-01,6.816200911998748779e-02,-4.983808398246765137e-01,-7.997139543294906616e-02,1.438808143138885498e-01,-1.103794053196907043e-01,2.180998213589191437e-02,8.515356481075286865e-02,3.454363942146301270e-01,-3.659236133098602295e-01,1.891068518161773682e-01,-2.746464908123016357e-01,7.190826581791043282e-04,-2.429816424846649170e-01,2.835695147514343262e-01,-8.319947868585586548e-03,3.396008610725402832e-01,-1.224117279052734375e-01,1.821143925189971924e-01,2.395936697721481323e-01,-4.579853415489196777e-01,-1.868958175182342529e-01,1.535180583596229553e-02,4.648645818233489990e-01,-5.423070490360260010e-02,6.736606359481811523e-01,-1.730289459228515625e-01,1.111391186714172363e-01,-2.893440723419189453e-01,-2.401746958494186401e-01,-1.111527010798454285e-01,4.176504909992218018e-02,-5.165422558784484863e-01,1.956052519381046295e-02,-5.825283005833625793e-03,-3.232954144477844238e-01,-3.677323460578918457e-02,-3.215557634830474854e-01,-3.212942779064178467e-01,-1.576172262430191040e-01,1.146720498800277710e-01,-3.185538947582244873e-01,1.982207596302032471e-02,1.864926666021347046e-01,-2.523600123822689056e-02,1.544910669326782227e-01,-2.748239040374755859e-01,-1.070434972643852234e-02,-1.409144848585128784e-01,4.075561836361885071e-02,-1.727705448865890503e-01,1.275990903377532959e-01,-3.568047285079956055e-01,2.109201550483703613e-01,7.010930031538009644e-02,1.958115845918655396e-01,5.288783907890319824e-01,-4.511231184005737305e-01,1.664081811904907227e-01,-3.401020541787147522e-02,1.287274509668350220e-01,4.908430203795433044e-02,-4.846620932221412659e-02,3.070596158504486084e-01,-1.188324689865112305e-01,-2.056191712617874146e-01,-3.739547133445739746e-01,-2.593528330326080322e-01,-2.492787688970565796e-01,4.835962355136871338e-01,1.840715259313583374e-01,2.509364783763885498e-01,2.973521500825881958e-02,-3.129853308200836182e-02,1.825972497463226318e-01,-1.091716513037681580e-01,2.534009814262390137e-01,-7.042945921421051025e-02,-1.744243651628494263e-01,-1.480528339743614197e-02,-8.459418267011642456e-02,3.526356220245361328e-01,-1.557930707931518555e-01,4.164952933788299561e-01,-1.883198171854019165e-01,3.967085480690002441e-02,-3.054447099566459656e-02,1.697312146425247192e-01,-4.067530930042266846e-01,-2.508946359157562256e-01,1.411091536283493042e-01,-1.268029958009719849e-02,2.136462628841400146e-01,-2.282366603612899780e-01,-9.875421971082687378e-02,-3.831461369991302490e-01,-3.833805024623870850e-01,-3.202450461685657501e-03,-7.812129706144332886e-02,1.692847609519958496e-01,-1.781807988882064819e-01,2.379956841468811035e-01,-5.783725902438163757e-02,-3.189063370227813721e-01,1.801615059375762939e-01,-1.696268618106842041e-01,-1.781197637319564819e-01,2.536519169807434082e-01,-7.885608077049255371e-02,-1.459385752677917480e-01,2.631897926330566406e-01,-2.344716042280197144e-01,-7.893765345215797424e-03,3.779303655028343201e-02,-1.120564993470907211e-02,4.482065439224243164e-01,1.051408722996711731e-01,5.264139175415039062e-01,-1.142838597297668457e-01,1.703670620918273926e-01,2.173023968935012817e-01,-2.443365901708602905e-01,-2.688527405261993408e-01,-3.037628531455993652e-01,-4.113552570343017578e-01,1.237178891897201538e-01,-1.452109664678573608e-01,-9.582284837961196899e-02,1.365670412778854370e-01,1.343263965100049973e-02,2.374585866928100586e-01,3.608452081680297852e-01,4.877029657363891602e-01,1.037942022085189819e-01,-4.768383875489234924e-02,-6.279566884040832520e-02,5.515587925910949707e-01,1.342225819826126099e-01,-1.431703716516494751e-01,3.835636675357818604e-01,1.046176478266716003e-01,8.383538573980331421e-02,-2.011968344449996948e-01,-1.619552969932556152e-01,-2.191604673862457275e-01,1.114253625273704529e-01,-6.421307474374771118e-02,-1.011422555893659592e-02,3.923752158880233765e-02,-2.419373095035552979e-01,2.296966314315795898e-01,1.840812899172306061e-02,1.180160343647003174e-01,-2.857542224228382111e-02,1.122601106762886047e-01,-8.113291114568710327e-02,-9.592309594154357910e-02,-7.331348210573196411e-02,9.149648994207382202e-02,6.315095424652099609e-01,-3.695035576820373535e-01,3.018685281276702881e-01,2.787860035896301270e-01,-6.800857931375503540e-02,-1.256255358457565308e-01,-2.398930937051773071e-01,1.304873079061508179e-01,1.547948122024536133e-01,-2.921763062477111816e-01,4.255536198616027832e-01,5.653292313218116760e-02,-2.247627973556518555e-01,3.821209073066711426e-01,-2.383557558059692383e-01,-5.983304381370544434e-01,-3.279090821743011475e-01,-2.390872538089752197e-01,-2.987415194511413574e-01,1.465961188077926636e-01,1.255278587341308594e-01,-6.625967621803283691e-01,3.004918619990348816e-02,5.270680189132690430e-01,-7.271978259086608887e-02,-1.735844910144805908e-01,4.823214560747146606e-02,-1.095852926373481750e-01,1.849959488026797771e-03,-1.472335755825042725e-01,1.019072681665420532e-01,-1.967506706714630127e-01,2.421638071537017822e-01,4.413253813982009888e-02,3.216289579868316650e-01,4.845041930675506592e-01,5.707063525915145874e-02,-7.329429686069488525e-02,7.364968955516815186e-02,1.781113073229789734e-02,9.717304259538650513e-02,-1.779428869485855103e-01,2.984497249126434326e-01,-4.039036035537719727e-01,-1.915426850318908691e-01,-2.357166260480880737e-01,8.815177530050277710e-02,1.887812316417694092e-01,6.775618344545364380e-02,-1.519013009965419769e-02,-1.083575189113616943e-01,-2.097750455141067505e-01,-1.080680117011070251e-01,2.666242122650146484e-01,-2.528463602066040039e-01,-1.894489079713821411e-01,1.789253503084182739e-01,-7.040548324584960938e-02,-2.754925750195980072e-02,1.024927422404289246e-01,4.284373223781585693e-01,6.844286620616912842e-02,-1.860736012458801270e-01,-5.446634814143180847e-02,-6.279443949460983276e-02,3.779950737953186035e-02,2.996923215687274933e-02,-7.766743749380111694e-02,-1.658898741006851196e-01,1.965427100658416748e-01,2.017754912376403809e-01,9.459044784307479858e-02,-8.147413283586502075e-02,-6.290391683578491211e-01,-1.937289605848491192e-03,-2.135500907897949219e-01,7.709255218505859375e-01,-9.178866446018218994e-02,2.352193295955657959e-01,9.323821961879730225e-02,7.008402347564697266e-01,-2.805325202643871307e-02,-2.606049478054046631e-01,-3.604798316955566406e-01,3.073718845844268799e-01,-4.328485131263732910e-01,7.320465147495269775e-02,-1.067935749888420105e-01,7.016641646623611450e-02,1.271715164184570312e-01,-3.632820248603820801e-01,2.078982740640640259e-01,1.848239451646804810e-01,4.138460457324981689e-01,2.703768014907836914e-01,2.003071457147598267e-01,-4.064455926418304443e-01,-1.293751597404479980e-01,-2.132440209388732910e-01,7.414592057466506958e-02,1.520783454179763794e-01,3.400364816188812256e-01,5.057646036148071289e-01,-7.202823460102081299e-02,7.249805331230163574e-01,-2.596519887447357178e-01,8.324327319860458374e-02,9.345128387212753296e-02,-1.002167984843254089e-01,4.469133540987968445e-02,-2.062583267688751221e-01,5.447243340313434601e-03,-1.052247062325477600e-01,3.185384441167116165e-03,2.594811320304870605e-01,1.254991143941879272e-01,-3.170603513717651367e-01,-5.795118585228919983e-02,-3.391701877117156982e-01,-1.832791417837142944e-01,3.541959077119827271e-02,5.787947028875350952e-02,-3.119750916957855225e-01,-5.583344027400016785e-02,1.086525022983551025e-01,-2.870290875434875488e-01,-1.804404705762863159e-01,-1.145161613821983337e-01,2.877076268196105957e-01,2.713068425655364990e-01,3.290115892887115479e-01,-3.131395578384399414e-01,7.021098583936691284e-02,2.476218491792678833e-01,1.127590537071228027e-01,-3.623668253421783447e-01,3.122060298919677734e-01,-9.901943057775497437e-02,-2.039340287446975708e-01,1.140252202749252319e-01,7.504754513502120972e-02,-8.742355741560459137e-03,1.737993359565734863e-01,3.669938445091247559e-01,-2.852772176265716553e-02,-3.799779415130615234e-01,2.045452743768692017e-01,8.522389084100723267e-02,1.296923756599426270e-01,-1.525527089834213257e-01,4.188514351844787598e-01,-2.177053838968276978e-01,-4.106749221682548523e-02,1.156998798251152039e-01,1.716614961624145508e-01,-1.032151579856872559e-01,-2.903737425804138184e-01,-3.596553578972816467e-02,-2.094371169805526733e-01,-3.574201464653015137e-01,1.725003272294998169e-01,-1.115246117115020752e-01,-5.542581155896186829e-02,3.151219487190246582e-01,1.755189746618270874e-01,-2.026978582143783569e-01,-1.380124501883983612e-02,-1.013388410210609436e-01,4.678352549672126770e-02,-1.375715136528015137e-01,2.444181442260742188e-01,-8.166299015283584595e-02,8.067026734352111816e-03,-2.499085068702697754e-01,-2.733685262501239777e-02,2.666552364826202393e-01,7.705643028020858765e-02,-9.541029483079910278e-02,-3.972486257553100586e-01,-4.139055609703063965e-01,-3.026433289051055908e-01,-1.619884967803955078e-01,1.437460333108901978e-01,4.240792095661163330e-01,-2.489367574453353882e-01,-1.677088588476181030e-01,-2.144943177700042725e-02,-2.967763841152191162e-01,4.440211355686187744e-01,3.955224156379699707e-01,3.082239814102649689e-02,1.660521626472473145e-01,-3.396661281585693359e-01,-3.526733517646789551e-01,7.728454656898975372e-03,3.205747902393341064e-02,-1.802408695220947266e-01,-3.074747137725353241e-02,-1.337866671383380890e-02,1.756901890039443970e-01,-5.384515225887298584e-02,-3.581336736679077148e-01,-2.237476706504821777e-01,3.654000759124755859e-01,1.658822894096374512e-01,-5.991670116782188416e-02,-1.294791847467422485e-01,-1.287158578634262085e-01,-1.403506472706794739e-02,-1.734418869018554688e-01,-2.543755471706390381e-01,-2.837621606886386871e-02,7.996916025876998901e-02,3.969701007008552551e-02,1.152658089995384216e-01,2.681280672550201416e-01,2.261013388633728027e-01,-1.906343549489974976e-01,-4.193883016705513000e-02,-3.718508481979370117e-01,5.084083080291748047e-01,1.675557047128677368e-01,3.106688149273395538e-02,5.977504886686801910e-03,-1.129167601466178894e-01,-2.288444489240646362e-01,-1.614472083747386932e-02,2.616598010063171387e-01,9.128741919994354248e-02,7.022142410278320312e-02,-1.605748981237411499e-01,-1.335808932781219482e-01,-1.891950815916061401e-01,2.732724845409393311e-01,-1.047154590487480164e-01,-3.192082941532135010e-01,2.488156408071517944e-01,-2.200041711330413818e-02,4.763762652873992920e-02,2.025930136442184448e-01,-2.357676029205322266e-01,-2.176371589303016663e-02,9.096466004848480225e-02,-5.669238567352294922e-01,-3.277929723262786865e-01,-2.123345881700515747e-01,3.703792989253997803e-01,2.109718769788742065e-01,-7.040265947580337524e-02,2.713368833065032959e-01,-2.880761958658695221e-02,2.828652262687683105e-01,-1.975853443145751953e-01,-3.113134801387786865e-01,-8.813592046499252319e-02,-3.823559731245040894e-02,1.858836710453033447e-01,-1.729723066091537476e-01,1.982433348894119263e-02,6.247679591178894043e-01,-3.323330581188201904e-01,3.204563260078430176e-01,2.338653057813644409e-02,-1.628721654415130615e-01,1.981455683708190918e-01,3.311271965503692627e-01,6.800473481416702271e-02,-7.176069915294647217e-02,-9.932202100753784180e-02,3.129444122314453125e-01,-1.708462461829185486e-02,2.009351104497909546e-01,2.705187797546386719e-01,1.748924553394317627e-01,3.758262097835540771e-01,1.806314140558242798e-01,3.558024168014526367e-01,7.853437215089797974e-02,-6.380870193243026733e-02,-1.727070659399032593e-01,3.862552940845489502e-01,-4.272681772708892822e-01,2.481599599123001099e-01,2.266802340745925903e-01,-1.521754860877990723e-01,3.794166147708892822e-01,3.616020679473876953e-01,-2.666627429425716400e-02,-1.067748409695923328e-03,4.818709939718246460e-02,1.326661556959152222e-01,-1.676537841558456421e-01,-2.040188163518905640e-01,-6.358604133129119873e-02,2.777879834175109863e-01,-9.941790997982025146e-02,-3.803741633892059326e-01,6.443745642900466919e-02,-3.584686666727066040e-02,4.230857193470001221e-01,-2.514726296067237854e-02,5.371385216712951660e-01,-1.718678772449493408e-01,-3.119843602180480957e-01,-8.781310170888900757e-02,1.797666102647781372e-01,-2.497517019510269165e-01,-2.551278173923492432e-01,-3.626705110073089600e-01,-9.805959463119506836e-02,5.594572424888610840e-02,4.444091022014617920e-01,-1.022913530468940735e-01,1.619146615266799927e-01,-2.465348504483699799e-02,3.956894204020500183e-02,2.660401463508605957e-01,-3.840274512767791748e-01,5.281057208776473999e-02,-1.575596481561660767e-01,-2.728364169597625732e-01,9.571337699890136719e-02,-2.335616499185562134e-01,-3.075427412986755371e-01,2.519619010854512453e-04,-5.078811198472976685e-02,-2.236593663692474365e-01,2.434719800949096680e-01,1.830681860446929932e-01,-3.542768061161041260e-01,-2.778293788433074951e-01,-3.568511605262756348e-01,-2.133579552173614502e-01,1.531703025102615356e-01,3.569418489933013916e-01,1.106895878911018372e-01,1.006164103746414185e-01
1.861132122576236725e-02,2.379315793514251709e-01,-2.823015451431274414e-01,3.592365980148315430e-01,1.094713807106018066e-01,4.470336735248565674e-01,1.807172596454620361e-01,-1.208123639225959778e-01,4.042030870914459229e-01,3.225148022174835205e-01,-3.412605226039886475e-01,-9.395273774862289429e-02,-2.626092433929443359e-01,4.073578715324401855e-01,-6.827028393745422363e-01,2.762551605701446533e-01,-9.328623861074447632e-02,-5.344607401639223099e-03,6.320253759622573853e-02,9.428821504116058350e-03,7.065924257040023804e-02,3.734859824180603027e-01,1.452500224113464355e-01,-7.698125392198562622e-02,8.807299286127090454e-02,-7.398705184459686279e-02,-3.392146229743957520e-01,-2.401760518550872803e-01,1.877790540456771851e-01,-1.549980938434600830e-01,-1.850387454032897949e-01,-3.181125819683074951e-01,1.967475861310958862e-01,-7.776325941085815430e-02,4.052127003669738770e-01,4.784193821251392365e-03,2.733840644359588623e-01,-2.948443405330181122e-02,-6.216127797961235046e-02,1.410502791404724121e-01,2.636949419975280762e-01,-3.409621417522430420e-01,-7.186833769083023071e-02,-3.551680445671081543e-01,-2.510726749897003174e-01,2.287689745426177979e-01,7.765727490186691284e-02,2.519359439611434937e-02,-1.614866405725479126e-02,2.557672858238220215e-01,1.494471132755279541e-01,8.048134297132492065e-02,1.275446712970733643e-01,-9.886106103658676147e-02,4.793649613857269287e-01,-6.707267463207244873e-02,3.855116665363311768e-01,-1.132335141301155090e-02,9.530147165060043335e-02,-2.199700921773910522e-01,-2.627345919609069824e-01,2.844066619873046875e-01,5.715004205703735352e-01,-8.786829560995101929e-02,-1.157229915261268616e-01,-1.011537909507751465e-01,3.012547492980957031e-01,-2.531248629093170166e-01,2.156532257795333862e-01,-5.050011873245239258e-01,8.996843546628952026e-02,2.979846671223640442e-02,-3.149376213550567627e-01,-9.509383887052536011e-02,-1.478793025016784668e-01,1.840462684631347656e-01,2.243002355098724365e-01,4.556261599063873291e-01,-4.614320695400238037e-01,1.614111512899398804e-01,-1.163558363914489746e-01,-8.483789116144180298e-02,2.721233069896697998e-01,5.236202850937843323e-02,3.723617270588874817e-02,4.391383752226829529e-02,-1.070914044976234436e-01,-3.835432976484298706e-02,1.637791395187377930e-01,1.673354953527450562e-01,-1.396037917584180832e-02,-1.436794847249984741e-01,1.181788593530654907e-01,8.820619434118270874e-02,2.078187093138694763e-02,1.976500749588012695e-01,-5.254902690649032593e-02,-2.650555595755577087e-02,1.541377305984497070e-01,-1.508314758539199829e-01,1.259907037019729614e-01,-4.717951267957687378e-02,1.674717962741851807e-01,2.063910942524671555e-03,8.965538442134857178e-02,2.225795537233352661e-01,-8.516173362731933594e-01,1.286101639270782471e-01,6.297166645526885986e-02,-4.724545031785964966e-02,3.130429610610008240e-02,4.533752202987670898e-01,1.148360297083854675e-01,3.450159132480621338e-01,-1.301721781492233276e-01,-5.344644561409950256e-02,7.443866133689880371e-02,1.227051392197608948e-01,1.933508813381195068e-01,-7.223574072122573853e-02,-3.107017278671264648e-02,-6.640463322401046753e-02,2.833186388015747070e-01,-1.393522173166275024e-01,-3.066500127315521240e-01,-2.098146378993988037e-01,5.619182437658309937e-02,-6.107686460018157959e-02,-2.050135731697082520e-01,-2.076034545898437500e-01,2.898273766040802002e-01,-3.198727965354919434e-01,-3.234184579923748970e-03,-1.586807072162628174e-01,2.067064195871353149e-01,1.228692531585693359e-01,-2.925756275653839111e-01,-1.219769716262817383e-01,-7.644689828157424927e-02,5.560050532221794128e-02,-6.688839942216873169e-02,-2.692255079746246338e-01,6.951291859149932861e-02,2.695381268858909607e-02,9.021256119012832642e-02,-1.085390001535415649e-01,1.386795192956924438e-01,1.088546961545944214e-01,1.060529947280883789e-01,2.123933285474777222e-01,8.402956277132034302e-02,-7.547311484813690186e-02,1.502750813961029053e-01,-9.088500589132308960e-02,-4.355522394180297852e-01,2.570711374282836914e-01,-4.533613845705986023e-02,-1.324161589145660400e-01,2.376384735107421875e-01,-3.714549541473388672e-01,-3.941928595304489136e-02,-3.056000173091888428e-01,-2.163159549236297607e-01,6.263960152864456177e-02,-6.230642646551132202e-02,2.625477015972137451e-01,4.419146180152893066e-01,1.962423473596572876e-01,-3.619450330734252930e-01,5.850120633840560913e-02,-1.135727018117904663e-01,4.004506468772888184e-01,-7.466102391481399536e-02,1.868044137954711914e-01,-5.476220697164535522e-02,2.525926232337951660e-01,-3.481349721550941467e-02,1.885504461824893951e-02,6.775261461734771729e-02,1.729022562503814697e-01,2.859561741352081299e-01,1.391550749540328979e-01,-2.965489327907562256e-01,9.433355182409286499e-02,-5.320098996162414551e-01,-1.525020450353622437e-01,2.844079583883285522e-02,-1.508963480591773987e-02,-4.209777414798736572e-01,-2.837279438972473145e-01,6.081856414675712585e-02,1.337818503379821777e-01,-5.630620121955871582e-01,6.960087269544601440e-02,-2.846103310585021973e-01,-7.563535124063491821e-02,4.566200077533721924e-01,-1.410860419273376465e-01,9.904477745294570923e-02,-3.727453052997589111e-01,1.447286605834960938e-01,-6.054820492863655090e-02,3.314109519124031067e-02,7.100040465593338013e-02,-1.477961242198944092e-01,2.458561956882476807e-01,-3.606126084923744202e-02,2.130614221096038818e-01,-2.216934226453304291e-03,1.657379120588302612e-01,3.142951130867004395e-01,3.188188374042510986e-01,-3.031309843063354492e-01,-3.472797200083732605e-02,4.233418703079223633e-01,-8.356126956641674042e-03,6.180614605545997620e-02,-1.530265063047409058e-02,9.677770547568798065e-03,-1.082387492060661316e-01,-2.688043713569641113e-01,3.051813244819641113e-01,2.906819581985473633e-01,6.331904977560043335e-02,2.702748775482177734e-01,-9.198646992444992065e-02,2.572598457336425781e-01,1.576469838619232178e-02,-1.768579520285129547e-02,1.744524836540222168e-01,-2.236808687448501587e-01,-3.039794862270355225e-01,5.076516792178153992e-02,-3.017016947269439697e-01,-3.406820595264434814e-01,2.762532532215118408e-01,-5.625637173652648926e-01,-6.545164436101913452e-02,-3.307055830955505371e-01,-2.646107971668243408e-01,1.963035613298416138e-01,-4.796899557113647461e-01,-1.772640496492385864e-01,1.293555349111557007e-01,8.530985563993453979e-02,1.853062659502029419e-01,-5.069837346673011780e-02,1.884306818246841431e-01,-2.626214921474456787e-01,8.845903910696506500e-03,3.090358078479766846e-01,5.156809091567993164e-01,3.977182805538177490e-01,2.145819365978240967e-01,1.789898872375488281e-01,2.524939179420471191e-01,7.895269244909286499e-02,1.024446114897727966e-01,-2.444957047700881958e-01,1.257028281688690186e-01,-2.463861554861068726e-01,1.469345390796661377e-01,-3.034707605838775635e-01,4.402576386928558350e-01,2.606387138366699219e-01,1.150510162115097046e-01,-1.133946403861045837e-01,-9.916833043098449707e-02,1.945095062255859375e-01,-1.265838444232940674e-01,-1.701953113079071045e-01,-2.203299254179000854e-01,-3.581305146217346191e-01,-1.997314691543579102e-01,4.519909620285034180e-02,-1.028001382946968079e-01,-1.251093149185180664e-01,-9.116645902395248413e-02,-1.688878089189529419e-01,-1.380586475133895874e-01,1.220809444785118103e-01,2.742072939872741699e-01,-4.758851826190948486e-01,-1.290530264377593994e-01,2.130099385976791382e-01,-1.719618588685989380e-01,2.152112424373626709e-01,1.618646979331970215e-01,1.078052222728729248e-01,-2.914660871028900146e-01,-1.541502475738525391e-01,2.032193392515182495e-01,2.539032995700836182e-01,-1.351064741611480713e-01,5.727585032582283020e-02,-1.792106926441192627e-01,-1.840444803237915039e-01,4.594669938087463379e-01,-1.460123062133789062e-01,-1.256995648145675659e-01,4.942415654659271240e-02,-1.399996038526296616e-02,-1.062467321753501892e-01,4.604070633649826050e-02,2.512932717800140381e-01,-2.145116329193115234e-01,1.665245443582534790e-01,5.029910802841186523e-02,-2.690000832080841064e-01,2.681525051593780518e-02,5.340605974197387695e-02,-6.295465677976608276e-02,2.141288854181766510e-02,-6.455959379673004150e-02,-1.091755405068397522e-01,1.409663558006286621e-01,1.077331379055976868e-01,-3.215909749269485474e-02,-3.368113338947296143e-01,-1.560891121625900269e-01,2.497395873069763184e-01,-8.841269463300704956e-02,-7.989917695522308350e-02,-1.055573951452970505e-02,-2.322960346937179565e-01,-6.834086775779724121e-02,1.849289536476135254e-01,-2.359425872564315796e-01,1.168668493628501892e-01,2.287657558917999268e-01,3.362911343574523926e-01,-1.133008208125829697e-02,-4.298630356788635254e-02,-2.176547348499298096e-01,-3.021577894687652588e-01,-9.825334697961807251e-02,1.791171282529830933e-01,6.726823002099990845e-02,-3.576126396656036377e-01,-2.893706858158111572e-01,-6.017155647277832031e-01,-3.090145885944366455e-01,-2.226984053850173950e-01,-3.527511656284332275e-01,-6.925643235445022583e-02,5.044930577278137207e-01,-2.127768248319625854e-01,3.117586374282836914e-01,7.268607150763273239e-03,-1.989497840404510498e-01,2.984391450881958008e-01,-7.120583206415176392e-02,-5.731767416000366211e-02,-1.300947815179824829e-01,2.713525891304016113e-01,2.250149548053741455e-01,1.006382182240486145e-01,2.916076593101024628e-02,-3.319976031780242920e-01,6.297328472137451172e-01,-1.449990123510360718e-01,-1.483779847621917725e-01,4.772213869728147984e-04,4.005623236298561096e-02,1.886819675564765930e-02,-4.266364872455596924e-01,-6.107066273689270020e-01,-7.273077219724655151e-02,2.040441632270812988e-01,1.537877023220062256e-01,-3.708799779415130615e-01,3.049636781215667725e-01,-3.276608884334564209e-01,5.240127071738243103e-02,-3.088720440864562988e-01,4.541658237576484680e-02,2.775292694568634033e-01,1.996534466743469238e-01,-7.815919816493988037e-02,7.983460277318954468e-02,-2.803121209144592285e-01,-1.369512919336557388e-02,-6.535487622022628784e-02,8.622492104768753052e-02,5.525864958763122559e-01,-2.487993612885475159e-02,2.985425293445587158e-01,3.438830375671386719e-01,3.111694753170013428e-01,2.317191064357757568e-01,1.117782369256019592e-01,-2.818430066108703613e-01,-2.248045206069946289e-01,-1.199845820665359497e-01,9.429399669170379639e-02,2.467179596424102783e-01,5.022840499877929688e-01,1.545297056436538696e-01,-5.906401574611663818e-02,1.841864436864852905e-01,-1.135253757238388062e-01,1.789776533842086792e-01,5.291239917278289795e-02,3.131312727928161621e-01,-5.846666544675827026e-02,2.738754451274871826e-01,9.142763912677764893e-02,-4.150708913803100586e-01,-7.866366207599639893e-02,2.488197386264801025e-01,1.650951653718948364e-01,-1.742245256900787354e-02,-3.906664848327636719e-01,2.979324460029602051e-01,-1.027028847602196038e-04,-2.530500292778015137e-01,4.836180806159973145e-01,-5.185995623469352722e-02,1.031869929283857346e-02,7.350507378578186035e-02,-9.293593466281890869e-02,4.578282535076141357e-01,-3.522872030735015869e-01,2.367010572925209999e-03,1.832274943590164185e-01,-1.579532474279403687e-01,-4.692645668983459473e-01,1.135503500699996948e-01,1.797562688589096069e-01,1.060914546251296997e-01,-1.735786795616149902e-01,8.269169181585311890e-02,2.863414287567138672e-01,-3.587247729301452637e-01,-7.839717715978622437e-02,-4.069402217864990234e-01,-4.497292637825012207e-02,-5.332775712013244629e-01,-2.438715845346450806e-01,2.608944475650787354e-01,-4.034741222858428955e-01,-4.666087403893470764e-02,-1.465757377445697784e-02,1.803601980209350586e-01,-3.319740295410156250e-01,-2.494143843650817871e-01,9.467936307191848755e-02,-4.249202832579612732e-02,7.761953026056289673e-02,3.070982098579406738e-01,3.911383450031280518e-02,5.056018382310867310e-02,-3.799749314785003662e-01,2.991577684879302979e-01,-2.089626342058181763e-01,1.797575503587722778e-02,9.976562112569808960e-02,5.176622793078422546e-02,4.549241811037063599e-02,-5.066703539341688156e-03,-6.186017766594886780e-02,-1.004183068871498108e-01,-2.784759402275085449e-01,4.192530512809753418e-01,-1.435076911002397537e-02,6.682728230953216553e-02,1.571004241704940796e-01,-3.564573526382446289e-01,1.392237246036529541e-01,-2.904869057238101959e-02,-3.565486669540405273e-01,-1.207552477717399597e-01,-1.939597725868225098e-01,2.960692048072814941e-01,-4.326791167259216309e-01,-3.147611916065216064e-01,-3.020474612712860107e-01,2.083506584167480469e-01,1.760855168104171753e-01,-3.775100111961364746e-01,1.422892976552248001e-02,-2.844363451004028320e-01,1.400274485349655151e-01,-2.249132841825485229e-01,1.479311883449554443e-01,1.143917962908744812e-01,3.067674338817596436e-01,1.334302425384521484e-01,-2.929810881614685059e-01,3.538299202919006348e-01,1.698621213436126709e-01,-3.228518739342689514e-02,-1.092363055795431137e-02,1.091696396470069885e-01,-2.052743546664714813e-02,1.062793806195259094e-01,-1.476208418607711792e-01,-4.531143605709075928e-02,-1.748818755149841309e-01,-2.736192643642425537e-01,-2.784267961978912354e-01,-4.167532175779342651e-02,-2.692173719406127930e-01,-4.463407397270202637e-02,1.242553740739822388e-01,-5.110653042793273926e-01,2.462193816900253296e-01,2.959514260292053223e-01,1.875416934490203857e-01,4.360089823603630066e-02,2.953333593904972076e-02,-3.432332277297973633e-01,3.282711803913116455e-01,-9.696532972157001495e-03,3.139198720455169678e-01,-1.804412342607975006e-02,-5.340380966663360596e-02,-1.331456005573272705e-01,1.346767097711563110e-01,-1.954249441623687744e-01,-1.764423996210098267e-01,-3.830544054508209229e-01,1.441025137901306152e-01,-1.140148490667343140e-01,1.108608394861221313e-02,3.574212547391653061e-03,3.266549110412597656e-01,-1.959185115993022919e-02,1.366717815399169922e-01,-2.317643538117408752e-02,-1.654373705387115479e-01,4.442111253738403320e-01,3.213620185852050781e-02,6.718832068145275116e-03,3.236908912658691406e-01,3.635188341140747070e-01,-6.171119958162307739e-02,-7.593566179275512695e-01,-7.514505088329315186e-02,1.475323736667633057e-01,8.957126736640930176e-02,-2.438269555568695068e-02,4.307367652654647827e-02,-1.590572446584701538e-01,-5.243921652436256409e-02,-7.606849819421768188e-02,6.457710266113281250e-02,1.013582944869995117e-01,2.911091744899749756e-01,-1.068861503154039383e-02,-3.270541429519653320e-01,2.822281420230865479e-01,4.083670675754547119e-01,-3.273992240428924561e-01,1.350383553653955460e-02,-3.427352383732795715e-02,4.360355138778686523e-01,1.200607344508171082e-01,-1.101531162858009338e-01,-2.507444322109222412e-01,-5.742120742797851562e-02,6.494515389204025269e-02,1.424274891614913940e-01,1.057474315166473389e-02,8.107318729162216187e-02,-2.129808515310287476e-01,1.685883849859237671e-01,3.677087426185607910e-01,-5.184503197669982910e-01,-2.293689362704753876e-02,-9.865388274192810059e-02,5.987598747014999390e-02,8.604973554611206055e-02,8.153461664915084839e-02,4.039034843444824219e-01,1.540659815073013306e-01,1.434658318758010864e-01,2.058541029691696167e-02,-2.372861057519912720e-01,-3.885346353054046631e-01,3.203034698963165283e-01,7.395629584789276123e-02,-1.469499617815017700e-01,-4.300116896629333496e-01,1.100674495100975037e-01,1.942619532346725464e-01,3.437048494815826416e-01,-1.103696823120117188e-01,-1.890897303819656372e-01,-6.059107556939125061e-02,-2.106847614049911499e-01,1.693798154592514038e-01,-7.663858681917190552e-02,-1.298727393150329590e-01,1.789570003747940063e-01,3.305527195334434509e-02,-2.893260717391967773e-01,-1.482509374618530273e-01,7.539416849613189697e-02,-1.054328773170709610e-02,4.054604470729827881e-01,1.475282758474349976e-01,2.414188086986541748e-01,2.450398504734039307e-01,-4.127937427256256342e-04,-4.952002689242362976e-02,1.059708520770072937e-01,5.641150847077369690e-02,2.126250267028808594e-01,-9.193991124629974365e-02,-2.063136696815490723e-01,-3.680410981178283691e-02,1.146621629595756531e-01,1.646721176803112030e-02,1.918202191591262817e-01,-8.382391929626464844e-02,3.400173410773277283e-02,2.609697282314300537e-01,1.759967654943466187e-01,4.048306643962860107e-01,2.099753729999065399e-02,-2.173329144716262817e-01,-7.628589868545532227e-02,-2.335657775402069092e-01,-1.026911139488220215e-01,-3.743461668491363525e-01,3.249464929103851318e-02,1.868696808815002441e-01,1.830847263336181641e-01,3.784585297107696533e-01,-1.911787874996662140e-02,-6.295733898878097534e-02,-1.145005449652671814e-01,-4.811118170619010925e-02,-1.483464892953634262e-02,1.795809119939804077e-01,-5.618864297866821289e-01,5.140581354498863220e-02,-3.591911792755126953e-01,7.483077645301818848e-01,-4.010761976242065430e-01,3.151287436485290527e-01,-3.021266870200634003e-02,-3.198993802070617676e-01,5.468458682298660278e-02,-3.643278479576110840e-01,5.745276436209678650e-02,-4.416457936167716980e-02,-8.330337703227996826e-02,1.599283516407012939e-01,2.774400115013122559e-01,-1.218953803181648254e-01,-1.714328490197658539e-02,8.043302595615386963e-02,1.962994635105133057e-01,7.155755907297134399e-02,1.259935349225997925e-01,4.399145841598510742e-01,-2.219302579760551453e-02,2.140259742736816406e-01,9.956125169992446899e-02,-2.104965224862098694e-02,-4.765411838889122009e-02,1.969414055347442627e-01,1.729294061660766602e-01,-2.822732031345367432e-01,2.569926977157592773e-01,-3.058122694492340088e-01,-1.715587675571441650e-01,-3.828636407852172852e-01,1.446289122104644775e-01,-1.063324809074401855e-01,-3.230969905853271484e-01,-1.305712461471557617e-01,3.773217201232910156e-01,-4.741798937320709229e-01,-4.322973191738128662e-01,4.208647310733795166e-01,-2.911021113395690918e-01,-1.778373867273330688e-01,4.702813029289245605e-01,-5.338454619050025940e-02,2.526893913745880127e-01,3.247039318084716797e-01,-3.045317530632019043e-01,1.946678608655929565e-01,-4.472797214984893799e-01,-3.026066124439239502e-01,2.176377624273300171e-01,4.072418436408042908e-02,2.082296013832092285e-01,-1.362059414386749268e-01,-2.515247650444507599e-02,1.312787234783172607e-01,2.394297160208225250e-02,1.258435100317001343e-01,6.860835105180740356e-02,3.836039006710052490e-01,4.263439774513244629e-02,8.093036711215972900e-02,-5.184278488159179688e-01,-2.568998932838439941e-01,-2.395395189523696899e-01,5.451815128326416016e-01,1.559443473815917969e-01,-2.132226079702377319e-01,2.338446974754333496e-01,2.064825221896171570e-02,-2.270797640085220337e-01,-1.782545745372772217e-01,1.956639625132083893e-02,-1.044503524899482727e-01,-1.447280794382095337e-01,-1.054325401782989502e-01,3.166860640048980713e-01,4.159012436866760254e-01,-1.643204540014266968e-01,2.608774900436401367e-01,8.985953778028488159e-02,1.022810637950897217e-01,9.897857159376144409e-02,-1.290837582200765610e-02,1.080493181943893433e-01,-1.598517447710037231e-01,4.910789430141448975e-04,1.341447830200195312e-01,2.453824877738952637e-01,1.656086742877960205e-01,1.350346356630325317e-01,1.268112212419509888e-01,5.032016336917877197e-02,-8.112365007400512695e-02,-3.507058918476104736e-01,1.306376792490482330e-02,3.071287572383880615e-01,5.833225697278976440e-02,1.971540153026580811e-01,2.128159105777740479e-01,9.712947160005569458e-02,2.015351206064224243e-01,9.684794582426548004e-03,-1.418139487504959106e-01,2.826138772070407867e-02,1.319842785596847534e-01,2.169752717018127441e-01,-1.756939478218555450e-02,8.619427680969238281e-02,-3.737016320228576660e-01,1.180525198578834534e-01,1.520675122737884521e-01,3.458559513092041016e-01,-2.838899195194244385e-01,-3.310796990990638733e-02,-1.041266098618507385e-01,-3.615130484104156494e-01,2.642065584659576416e-01,-1.330987364053726196e-02,2.657334804534912109e-01,-7.706986367702484131e-02,1.094309091567993164e-01,1.101553663611412048e-01,-5.179171562194824219e-01,2.260122150182723999e-01,3.244231268763542175e-02,-1.606724709272384644e-01,2.356783896684646606e-01,-2.104491889476776123e-01,-2.559259235858917236e-01
-2.775889076292514801e-02,-1.612445116043090820e-01,1.506689488887786865e-01,-1.458018869161605835e-01,2.666155099868774414e-01,-4.004079699516296387e-01,2.290689647197723389e-01,-2.233524993062019348e-02,4.539570808410644531e-01,-1.025442406535148621e-02,1.169771235436201096e-02,-3.198078870773315430e-01,1.642483323812484741e-01,2.150118201971054077e-01,3.354242146015167236e-01,1.678517907857894897e-01,-1.441593319177627563e-01,6.566092371940612793e-02,-2.560062110424041748e-01,1.122929453849792480e-01,-3.413024842739105225e-01,7.899372838437557220e-03,6.780232489109039307e-02,3.914104774594306946e-02,2.367165088653564453e-01,-4.718979299068450928e-01,1.983292400836944580e-01,-9.369186125695705414e-03,-3.193957209587097168e-01,1.281464993953704834e-01,3.509760200977325439e-01,2.904346287250518799e-01,2.705430239439010620e-02,1.154279932379722595e-01,-2.894547283649444580e-01,3.030338697135448456e-02,2.809706926345825195e-01,1.020086109638214111e-01,-2.556970901787281036e-02,-2.082287222146987915e-01,-5.204137042164802551e-02,-3.451181054115295410e-01,-8.860636502504348755e-02,8.526461571455001831e-02,-2.038111090660095215e-01,-3.822300136089324951e-01,-1.321699377149343491e-02,1.981660537421703339e-02,2.666725814342498779e-01,-2.778395637869834900e-02,4.153796136379241943e-01,1.459459867328405380e-02,2.941365242004394531e-01,-2.794078588485717773e-01,4.456475973129272461e-01,9.823013842105865479e-02,-6.353075057268142700e-02,-3.881220519542694092e-01,2.044724524021148682e-01,-2.045023813843727112e-02,-1.308201104402542114e-01,1.126912906765937805e-01,1.975376009941101074e-01,3.534415662288665771e-01,-7.641334831714630127e-02,4.122939705848693848e-02,-1.137006059288978577e-01,9.551347792148590088e-02,6.895409524440765381e-02,-3.100121915340423584e-01,9.034657478332519531e-02,2.373600937426090240e-02,1.072204560041427612e-01,2.561394572257995605e-01,-1.684088408946990967e-01,-2.858950057998299599e-03,-1.044662967324256897e-01,-2.420378625392913818e-01,6.705772131681442261e-02,-8.122888952493667603e-02,-1.767891272902488708e-02,-2.480915747582912445e-02,-3.959729373455047607e-01,-1.603362858295440674e-01,3.536251187324523926e-02,1.850858926773071289e-01,8.338175714015960693e-02,-3.017010539770126343e-02,1.604976058006286621e-01,-3.833562135696411133e-01,1.762496531009674072e-01,-3.220561742782592773e-01,-1.677064457908272743e-03,-6.596459448337554932e-02,-2.299972623586654663e-01,-1.438342332839965820e-01,-4.931738078594207764e-01,-8.934016525745391846e-02,9.753496199846267700e-02,-8.960095793008804321e-02,-1.733076125383377075e-01,3.877219930291175842e-02,1.141591742634773254e-01,-2.885762974619865417e-02,1.857675462961196899e-01,-7.564850896596908569e-02,-1.573638617992401123e-01,3.045141138136386871e-02,4.022624343633651733e-03,-6.450525671243667603e-02,3.423618078231811523e-01,-1.829937100410461426e-02,-3.854990378022193909e-02,2.465033717453479767e-02,6.068428978323936462e-02,1.630380153656005859e-01,2.873226813971996307e-02,-1.996404826641082764e-01,1.679553389549255371e-01,-1.174143701791763306e-01,1.223178431391716003e-01,1.054261922836303711e-01,-4.165627658367156982e-01,-3.131037950515747070e-01,2.667235136032104492e-01,-2.984154224395751953e-01,1.629772782325744629e-01,-1.183866560459136963e-01,-2.477963082492351532e-02,1.933617740869522095e-01,1.159277930855751038e-02,4.630861431360244751e-02,-2.186010926961898804e-01,9.556889533996582031e-03,4.669865220785140991e-02,1.088825985789299011e-01,-1.734540611505508423e-01,1.203303337097167969e-01,7.762210071086883545e-02,-2.605002820491790771e-01,-2.263715676963329315e-02,4.217596650123596191e-01,-2.175440043210983276e-01,1.739054173231124878e-01,2.633388936519622803e-01,-2.027423493564128876e-02,5.584381520748138428e-02,-4.679772630333900452e-02,1.656470447778701782e-02,-1.317572444677352905e-01,2.063478343188762665e-02,4.923280328512191772e-02,1.892025321722030640e-01,6.987421959638595581e-02,1.609062701463699341e-01,-2.193152606487274170e-01,3.404402136802673340e-01,-1.186436116695404053e-01,-1.607854813337326050e-01,-1.580110490322113037e-01,-1.653356552124023438e-01,2.016003578901290894e-01,-9.384902566671371460e-02,-2.736429572105407715e-01,2.732398686930537224e-03,7.391919940710067749e-02,-3.174639642238616943e-01,3.490137308835983276e-02,-4.127567633986473083e-02,2.070142179727554321e-01,-3.079700842499732971e-02,4.902203679084777832e-01,1.862014830112457275e-01,1.075409501791000366e-01,-1.858902126550674438e-01,-7.346217334270477295e-02,-3.516841530799865723e-01,-1.819043010473251343e-01,-2.018248885869979858e-01,-4.713852703571319580e-02,4.815211296081542969e-01,2.989273071289062500e-01,5.907443538308143616e-02,3.569598495960235596e-01,-3.275541588664054871e-02,-1.513286679983139038e-01,1.775395125150680542e-01,1.118682548403739929e-01,3.135449290275573730e-01,2.433296442031860352e-01,1.883879601955413818e-01,2.201135158538818359e-01,1.745076030492782593e-01,-2.117289304733276367e-01,-6.180981919169425964e-02,1.223002672195434570e-01,-6.412407755851745605e-01,-4.941228032112121582e-01,-5.747313797473907471e-02,-9.827785938978195190e-02,2.978843264281749725e-02,4.181595146656036377e-01,-5.077195763587951660e-01,-4.247746616601943970e-02,2.220151573419570923e-01,1.266912817955017090e-01,3.172336220741271973e-01,-4.266561269760131836e-01,-3.473858535289764404e-02,-5.026432871818542480e-02,1.108522117137908936e-01,9.245856106281280518e-02,3.276454806327819824e-01,-6.808259990066289902e-03,-6.808511167764663696e-02,3.486994802951812744e-01,3.643340468406677246e-01,1.022413894534111023e-01,7.833051495254039764e-03,4.890129342675209045e-02,3.450596630573272705e-01,-2.210910767316818237e-01,3.103119134902954102e-01,-4.022042453289031982e-02,-1.655371338129043579e-01,-2.869485318660736084e-01,2.228680402040481567e-01,-6.714352220296859741e-02,-3.299061954021453857e-01,5.333677530288696289e-01,-1.777170002460479736e-01,1.479233503341674805e-01,-4.320893585681915283e-01,-2.804757952690124512e-01,-1.969040930271148682e-01,-6.092127561569213867e-01,-3.640057146549224854e-01,5.670600384473800659e-02,2.662064731121063232e-01,2.251347899436950684e-01,4.183921515941619873e-01,1.541090011596679688e-01,-4.178848490118980408e-02,-1.378260366618633270e-02,4.755584895610809326e-01,-2.799265980720520020e-01,-3.176345229148864746e-01,-1.545332279056310654e-02,-3.188498616218566895e-01,-2.118360549211502075e-01,-1.156679838895797729e-01,-3.139222562313079834e-01,-6.228098645806312561e-02,6.944317370653152466e-02,1.482704430818557739e-01,-3.745778501033782959e-01,-5.842506885528564453e-02,-3.266555070877075195e-01,2.338593304157257080e-01,3.496302664279937744e-01,2.569242753088474274e-02,1.396575421094894409e-01,1.495545506477355957e-01,-8.901160955429077148e-02,-1.163518577814102173e-01,6.401897966861724854e-02,-1.943275183439254761e-01,-1.265566051006317139e-01,-1.182868853211402893e-01,2.056783139705657959e-01,-4.286679327487945557e-01,4.827575758099555969e-02,-1.663471907377243042e-01,6.436137855052947998e-02,-6.166135147213935852e-02,-3.063708841800689697e-01,9.288205206394195557e-02,2.054398357868194580e-01,-8.840262889862060547e-02,-9.562645107507705688e-02,-1.157983094453811646e-01,-3.801298886537551880e-02,2.164972722530364990e-01,-3.086733520030975342e-01,3.877647817134857178e-01,-1.169491037726402283e-01,1.487038377672433853e-02,-2.146301232278347015e-02,-3.083582781255245209e-02,-1.186964139342308044e-01,-1.306104063987731934e-01,-1.775264441967010498e-01,5.656046271324157715e-01,1.680568093433976173e-03,-3.425177931785583496e-01,-6.647660583257675171e-02,7.496016472578048706e-02,-2.060717903077602386e-02,-2.812143042683601379e-02,-1.732586175203323364e-01,8.157090097665786743e-02,3.068819344043731689e-01,-3.987281322479248047e-01,-5.948426201939582825e-02,-1.961972266435623169e-01,-1.004974693059921265e-01,-1.652341336011886597e-02,9.671645821072161198e-04,2.727462053298950195e-01,-1.218743622303009033e-01,5.031115412712097168e-01,-1.464480627328157425e-02,-5.191927030682563782e-02,1.489864885807037354e-01,-3.422305285930633545e-01,1.738654375076293945e-01,-1.444386690855026245e-01,-5.124846100807189941e-01,5.904293060302734375e-02,-3.456090390682220459e-02,3.320608139038085938e-01,-1.652777940034866333e-01,-2.407604455947875977e-01,-2.961616218090057373e-01,1.168534308671951294e-01,1.164441779255867004e-01,1.182193756103515625e-01,-3.304690495133399963e-02,1.213334947824478149e-01,-3.729267418384552002e-02,1.412087678909301758e-01,-1.110637784004211426e-01,2.734854817390441895e-01,-3.072169721126556396e-01,2.577023804187774658e-01,3.265175223350524902e-01,4.028150811791419983e-02,-1.393188536167144775e-01,5.588179454207420349e-02,3.297870457172393799e-01,-4.082033038139343262e-01,-2.084816619753837585e-02,-1.488841623067855835e-01,-4.506222903728485107e-02,-9.156141430139541626e-02,-6.552039831876754761e-02,2.372570633888244629e-01,1.384100019931793213e-01,2.082746475934982300e-01,2.364416271448135376e-01,-7.024614512920379639e-02,-3.929282352328300476e-02,-3.991424441337585449e-01,-2.784010171890258789e-01,-6.898577511310577393e-02,1.486164331436157227e-01,-2.525214254856109619e-01,1.532260179519653320e-01,1.448005437850952148e-01,-3.710033893585205078e-01,2.035111188888549805e-01,-2.973274290561676025e-01,-3.331345021724700928e-01,-6.612134724855422974e-02,1.547752134501934052e-02,-1.771047711372375488e-01,-1.970647275447845459e-01,7.848474383354187012e-02,-4.189856648445129395e-01,-7.443168759346008301e-02,2.978462167084217072e-02,-1.046834513545036316e-01,-1.274461895227432251e-01,-6.075933575630187988e-03,2.884332537651062012e-01,-9.401100873947143555e-02,2.285592854022979736e-01,1.160736903548240662e-01,6.252510100603103638e-02,-1.907193958759307861e-01,3.103326074779033661e-02,5.966073647141456604e-02,-2.908429503440856934e-02,-1.264471113681793213e-01,-3.487414121627807617e-01,2.320694029331207275e-01,-1.990588903427124023e-01,-2.468357533216476440e-01,3.388985395431518555e-01,7.673568278551101685e-02,2.278571128845214844e-01,-3.061162866652011871e-02,-2.488337606191635132e-01,-1.460581645369529724e-02,2.994561567902565002e-02,-2.163250744342803955e-01,1.042037010192871094e-01,-2.588654458522796631e-01,4.049814343452453613e-01,1.644656956195831299e-01,2.825261652469635010e-01,7.712001353502273560e-02,1.560922563076019287e-01,1.101088747382164001e-01,-2.185047864913940430e-01,1.591113358736038208e-01,-1.525116562843322754e-01,-1.890381574630737305e-01,3.053773567080497742e-02,-1.936463713645935059e-01,1.265425384044647217e-01,-6.840863078832626343e-02,1.618614047765731812e-01,-1.344089955091476440e-01,3.444328606128692627e-01,-2.104259133338928223e-01,-1.792490184307098389e-01,-7.535377889871597290e-02,4.784366786479949951e-01,1.406949162483215332e-01,1.683871494606137276e-03,-1.890520304441452026e-01,-1.956799924373626709e-01,5.522792693227529526e-03,5.993583798408508301e-02,1.592800617218017578e-01,1.170599609613418579e-01,-6.303710490465164185e-02,-2.720969542860984802e-02,-2.846091389656066895e-01,-1.412731111049652100e-01,-2.539359331130981445e-01,-1.068371981382369995e-01,1.496341973543167114e-01,3.693779706954956055e-01,-1.499244719743728638e-01,4.398559629917144775e-01,-1.719072908163070679e-01,6.710734218358993530e-02,-2.024682760238647461e-01,-1.493679434061050415e-01,1.993298977613449097e-01,3.486109673976898193e-01,3.841427564620971680e-01,-6.752499192953109741e-02,-1.903673410415649414e-01,2.106806784868240356e-01,3.965316712856292725e-02,-2.783270180225372314e-01,5.676930397748947144e-02,-9.391802549362182617e-02,-4.459436237812042236e-01,-2.112754285335540771e-01,1.947066187858581543e-01,-6.401516497135162354e-02,-1.667256094515323639e-02,-1.038015335798263550e-01,6.362120062112808228e-02,-1.118729114532470703e-01,-3.539349138736724854e-02,2.423855662345886230e-01,2.695622444152832031e-01,3.424816764891147614e-03,2.085743993520736694e-01,1.922975666821002960e-02,-1.333484947681427002e-01,-9.561193734407424927e-02,-1.935842782258987427e-01,4.369394853711128235e-02,1.763067394495010376e-01,-1.202854588627815247e-01,1.627295464277267456e-01,-5.504394695162773132e-02,-3.895958662033081055e-01,2.761054039001464844e-01,2.322055958211421967e-02,1.537874341011047363e-01,-4.216732457280158997e-02,-1.143463030457496643e-01,-6.238117069005966187e-02,-3.259345144033432007e-02,-4.697492346167564392e-02,8.257410675287246704e-02,-1.343594398349523544e-03,-6.170260533690452576e-02,-2.252280861139297485e-01,-7.897095754742622375e-03,-1.954353451728820801e-01,3.947951495647430420e-01,1.627936065196990967e-01,1.888377219438552856e-01,-1.578088849782943726e-02,1.498626358807086945e-02,-8.129170536994934082e-02,-1.735246330499649048e-01,1.429172307252883911e-01,-1.757023781538009644e-01,-2.150330133736133575e-02,2.210559248924255371e-01,1.997874230146408081e-01,-4.337911903858184814e-01,1.637920737266540527e-01,-4.050854444503784180e-01,-1.822993606328964233e-01,4.006816446781158447e-01,-2.122265249490737915e-01,1.271585375070571899e-01,9.507656842470169067e-02,-1.064254343509674072e-01,1.550027132034301758e-01,1.883232146501541138e-01,-2.405837029218673706e-01,1.374218761920928955e-01,-1.390486955642700195e-01,3.540580868721008301e-01,1.312655303627252579e-02,1.778928786516189575e-01,7.111101597547531128e-02,9.709070582175627351e-05,-3.138602972030639648e-01,1.071836948394775391e-01,2.329398691654205322e-02,2.684654593467712402e-01,5.273030325770378113e-02,-5.399944260716438293e-02,-2.927840054035186768e-01,-1.684832125902175903e-01,3.396865427494049072e-01,2.141741514205932617e-01,5.276111960411071777e-01,1.860390305519104004e-01,1.966315554454922676e-03,1.401868462562561035e-01,-8.130279183387756348e-02,2.986876368522644043e-01,-3.837287127971649170e-01,-1.235380955040454865e-02,5.739966407418251038e-02,1.773813180625438690e-02,-4.669424891471862793e-02,-1.684091389179229736e-01,1.288028359413146973e-01,2.108115106821060181e-01,5.925703421235084534e-02,-1.225402727723121643e-01,-1.663829945027828217e-02,-3.219709992408752441e-01,1.460469677112996578e-03,1.117739919573068619e-02,3.377035260200500488e-01,3.344767987728118896e-01,-4.056696891784667969e-01,-9.797506779432296753e-02,-2.368105649948120117e-01,-2.596823126077651978e-02,2.289015650749206543e-01,3.302126228809356689e-01,-3.260486721992492676e-01,-8.673041313886642456e-02,5.444983392953872681e-02,-4.934456646442413330e-01,3.208318948745727539e-01,-1.199573129415512085e-01,-2.824621833860874176e-02,-1.907574385404586792e-01,1.281616389751434326e-01,4.758177995681762695e-01,-8.646707236766815186e-02,7.849265635013580322e-02,-3.743834048509597778e-02,-1.802394986152648926e-01,1.757192611694335938e-01,-9.641617536544799805e-02,1.440307945013046265e-01,1.860164999961853027e-01,-1.001480370759963989e-01,-1.118034049868583679e-01,-3.149995207786560059e-01,-3.508979082107543945e-01,3.959029316902160645e-01,2.513831853866577148e-01,-1.086195632815361023e-01,1.547608673572540283e-01,-4.362902604043483734e-03,-3.365103304386138916e-01,-2.005091309547424316e-01,1.622634679079055786e-01,-3.700878098607063293e-02,1.784135401248931885e-01,3.404169082641601562e-01,2.416654378175735474e-01,2.885989658534526825e-02,1.544685363769531250e-01,3.215340375900268555e-01,2.271931618452072144e-01,-6.424309220165014267e-03,9.257204085588455200e-02,-3.119756877422332764e-01,8.343254029750823975e-02,-6.260094046592712402e-02,-5.702796950936317444e-02,1.977272480726242065e-01,2.530305385589599609e-01,-2.455729842185974121e-01,6.843632459640502930e-02,-9.987010061740875244e-02,-2.800059318542480469e-01,-1.100572049617767334e-01,4.309619665145874023e-01,-5.097468942403793335e-02,-1.553715616464614868e-01,-2.616890668869018555e-01,-1.417161822319030762e-01,2.890502512454986572e-01,-1.455229818820953369e-01,-8.462755382061004639e-02,6.949173659086227417e-02,1.616556048393249512e-01,4.541034251451492310e-02,-1.576114743947982788e-01,-7.319722790271043777e-03,-2.523066997528076172e-01,2.681584358215332031e-01,3.156907260417938232e-01,7.081667333841323853e-02,-4.950337857007980347e-02,-2.151327207684516907e-03,1.473989039659500122e-01,-2.316699177026748657e-01,-1.367888301610946655e-01,3.439742028713226318e-01,-1.397960036993026733e-01,1.644392311573028564e-01,7.284703850746154785e-02,-8.296722546219825745e-03,1.301605105400085449e-01,-3.037976920604705811e-01,-1.035108193755149841e-01,1.218211278319358826e-01,-3.041612207889556885e-01,2.158172577619552612e-01,8.468768559396266937e-03,-1.091243047267198563e-02,-1.620584726333618164e-01,1.606048643589019775e-02,-2.400667369365692139e-01,3.354341387748718262e-01,8.104759454727172852e-02,9.718437679111957550e-03,8.000700175762176514e-02,5.861724019050598145e-01,2.958994209766387939e-01,-8.973542600870132446e-02,-2.769475579261779785e-01,-1.178055778145790100e-01,5.531737208366394043e-02,-3.482412099838256836e-01,-8.256248198449611664e-03,-1.611060798168182373e-01,7.838097959756851196e-02,7.139644585549831390e-04,2.038495540618896484e-01,2.601591348648071289e-01,7.435930520296096802e-02,-1.023479849100112915e-01,-1.845994293689727783e-01,7.969557493925094604e-02,-3.530181348323822021e-01,1.552073061466217041e-01,2.292981930077075958e-02,1.440112888813018799e-01,2.269159108400344849e-01,7.946181111037731171e-03,2.250965088605880737e-01,-7.057671993970870972e-02,-2.703323364257812500e-01,-9.815298765897750854e-02,2.430823147296905518e-01,-4.288206994533538818e-01,-1.925210356712341309e-01,2.457090020179748535e-01,3.692510724067687988e-01,-6.047483533620834351e-02,-8.123620599508285522e-02,-4.522564634680747986e-02,9.342335164546966553e-03,-7.936473935842514038e-02,2.513549327850341797e-01,3.366295993328094482e-01,3.762282896786928177e-03,-1.894118636846542358e-01,6.120934709906578064e-02,-7.740465551614761353e-02,-1.064080670475959778e-01,-1.333034783601760864e-01,1.104434803128242493e-01,-2.544308602809906006e-01,-1.616929322481155396e-01,2.084597647190093994e-01,-1.618416979908943176e-02,-1.353431642055511475e-01,-2.271746546030044556e-01,-5.356564521789550781e-01,-5.375762656331062317e-02,2.715547978878021240e-01,-3.905223682522773743e-02,2.662861347198486328e-01,-6.008068844676017761e-02,1.288185566663742065e-01,1.352218538522720337e-01,1.299537420272827148e-01,-2.886730134487152100e-01,2.390921562910079956e-01,3.818935900926589966e-02,-7.088307142257690430e-01,-1.436311304569244385e-01,7.933419942855834961e-02,-1.578235924243927002e-01,-1.140487417578697205e-01,-2.376482188701629639e-01,-2.870433628559112549e-01,2.758409976959228516e-01,2.119984626770019531e-01,4.415319114923477173e-02,-1.359277665615081787e-01,-3.082915544509887695e-01,-1.450104862451553345e-01,6.074220873415470123e-03,-5.036472529172897339e-02,1.537860278040170670e-02,2.867475152015686035e-01,1.165687665343284607e-01,-2.140273004770278931e-01,-1.320846527814865112e-01,1.130282953381538391e-01,-1.746712327003479004e-01,4.972222819924354553e-02,-2.223591059446334839e-01,-1.313158683478832245e-02,2.243993282318115234e-01,7.700181007385253906e-02,-9.458127617835998535e-02,-3.835846781730651855e-01,2.320052124559879303e-03,-4.096457958221435547e-01,4.641412943601608276e-02,8.340612798929214478e-02,7.998506426811218262e-01,5.328141525387763977e-02,-1.998718231916427612e-01,1.320406049489974976e-01,-1.008448898792266846e-01,-7.953479886054992676e-02,3.393709957599639893e-01,1.477088332176208496e-01,2.842105738818645477e-02,4.297390207648277283e-02,2.380126416683197021e-01,-3.346123993396759033e-01,1.854985356330871582e-01,4.712818861007690430e-01,-5.777254700660705566e-03,-1.099814996123313904e-01,-8.686934411525726318e-02,4.398407414555549622e-02,2.006257884204387665e-02,-9.665064513683319092e-02,-9.463392943143844604e-02
9.855093806982040405e-02,3.447555303573608398e-01,-2.667581737041473389e-01,-2.469604313373565674e-01,1.548136770725250244e-01,3.840838372707366943e-01,-1.370922029018402100e-01,1.052261814475059509e-01,4.341518506407737732e-02,-7.882450520992279053e-02,-3.545293211936950684e-01,9.216863662004470825e-02,3.445605635643005371e-01,7.414792478084564209e-02,-2.755608856678009033e-01,-1.733053028583526611e-01,-5.751753598451614380e-02,5.608493462204933167e-02,2.716609835624694824e-01,-3.780103623867034912e-01,1.441447436809539795e-01,4.899004101753234863e-02,1.792587898671627045e-02,-6.193224340677261353e-02,2.006548941135406494e-01,2.780974209308624268e-01,5.002307891845703125e-02,-3.172080814838409424e-01,1.812821477651596069e-01,9.899400919675827026e-02,-2.176112867891788483e-02,1.439426392316818237e-01,2.470909506082534790e-01,-4.325752854347229004e-01,-2.962075918912887573e-02,-1.888836026191711426e-01,-3.663405179977416992e-01,1.279176622629165649e-01,-3.288555145263671875e-02,-2.379679679870605469e-02,2.101435661315917969e-01,-1.675226092338562012e-01,-1.224159970879554749e-01,-2.053891308605670929e-02,3.906097263097763062e-02,2.787281572818756104e-02,4.008410274982452393e-01,-6.217825412750244141e-01,-1.666851341724395752e-01,-2.422738224267959595e-01,9.044200927019119263e-02,1.885823160409927368e-01,-5.685304477810859680e-02,2.988197803497314453e-01,-1.821669489145278931e-01,1.992939710617065430e-01,-4.095294326543807983e-02,-3.848232626914978027e-01,-6.813792884349822998e-02,-3.857308626174926758e-01,-1.242359057068824768e-01,1.034088879823684692e-01,-5.717170983552932739e-02,-4.225005209445953369e-02,2.610745429992675781e-01,1.244332492351531982e-01,9.371695667505264282e-02,9.929045289754867554e-02,-2.064383774995803833e-01,-2.551638782024383545e-01,4.850169420242309570e-01,1.251869741827249527e-02,-2.440841645002365112e-01,2.243807315826416016e-01,-1.962578110396862030e-02,3.061515092849731445e-01,1.619650274515151978e-01,2.165014594793319702e-01,-5.300636589527130127e-02,7.735512405633926392e-02,-7.133743911981582642e-02,2.347542196512222290e-01,-3.188845515251159668e-01,-1.803842037916183472e-01,2.132365554571151733e-01,-1.643474698066711426e-01,1.289982199668884277e-01,3.887396305799484253e-02,3.336148262023925781e-01,-1.406186819076538086e-01,-1.672285199165344238e-01,4.102058301214128733e-04,2.387443557381629944e-02,1.587229818105697632e-01,2.415786683559417725e-02,5.707074329257011414e-02,-3.623242378234863281e-01,3.179782927036285400e-01,-3.699278235435485840e-01,-1.316694021224975586e-01,-1.799761652946472168e-01,-1.852199621498584747e-02,-8.536720275878906250e-02,4.455434903502464294e-02,-1.756694763898849487e-01,1.136723831295967102e-01,-4.353255033493041992e-01,1.412535309791564941e-01,1.099479570984840393e-01,5.606713145971298218e-02,2.299531400203704834e-01,-6.528826802968978882e-02,1.971085090190172195e-03,-1.507564783096313477e-01,1.559669375419616699e-01,4.016573727130889893e-01,-1.828202158212661743e-01,1.853573173284530640e-01,1.233770102262496948e-01,-2.473323941230773926e-01,-8.309144177474081516e-04,-2.957112342119216919e-02,9.648720175027847290e-02,-5.187907814979553223e-02,3.199451565742492676e-01,1.342919319868087769e-01,7.118465006351470947e-02,-2.864250726997852325e-02,2.698041796684265137e-01,-1.679897159337997437e-01,-1.328074187040328979e-01,3.024632297456264496e-02,-5.251966416835784912e-02,8.606083691120147705e-02,1.044699177145957947e-01,-1.215219497680664062e-01,-2.773017287254333496e-01,3.206651657819747925e-02,-8.663700520992279053e-02,-2.609004378318786621e-01,2.230266481637954712e-02,1.166648864746093750e-01,3.165311738848686218e-02,1.004749685525894165e-01,4.580707475543022156e-02,-3.232865333557128906e-01,-1.203945130109786987e-01,-2.849511504173278809e-01,1.195339933037757874e-01,5.296687036752700806e-02,1.775404810905456543e-01,-3.192650675773620605e-01,-2.158166468143463135e-01,-3.208100795745849609e-02,4.280814900994300842e-02,4.190331697463989258e-01,1.757552623748779297e-01,-5.068200454115867615e-02,-7.578433305025100708e-02,-4.083704948425292969e-02,1.649296581745147705e-01,7.288197055459022522e-03,4.862223938107490540e-02,1.571501642465591431e-01,2.369623184204101562e-01,7.458546757698059082e-02,3.108066916465759277e-01,3.024773597717285156e-01,1.232029199600219727e-01,-2.276602238416671753e-01,-2.502806484699249268e-01,-1.504743248224258423e-01,-1.552056670188903809e-01,-1.249136589467525482e-02,1.647950112819671631e-01,-1.200669407844543457e-01,8.907631039619445801e-02,3.278801441192626953e-01,6.848293542861938477e-02,8.213824033737182617e-02,-3.742697536945343018e-01,-2.673269212245941162e-01,3.948166966438293457e-02,-6.676561385393142700e-02,1.417574435472488403e-01,-5.557651072740554810e-02,-1.144552379846572876e-01,1.518927365541458130e-01,1.236587539315223694e-01,-1.590069830417633057e-01,-8.767475187778472900e-02,2.251751571893692017e-01,-3.271247148513793945e-01,-1.918086968362331390e-02,-9.453500807285308838e-02,-8.585956692695617676e-02,4.851205348968505859e-01,-9.752535820007324219e-02,3.725800514221191406e-01,-4.211933314800262451e-01,1.263940185308456421e-01,-6.684926897287368774e-02,1.218730658292770386e-01,-1.351447701454162598e-01,-2.367442399263381958e-01,6.419831514358520508e-02,4.001252651214599609e-01,8.352790027856826782e-02,2.687624692916870117e-01,1.658135503530502319e-01,3.051214478909969330e-02,-6.816346198320388794e-02,6.944688409566879272e-02,1.000261027365922928e-02,1.970439851284027100e-01,-1.498104184865951538e-01,2.393010258674621582e-01,-3.041427768766880035e-02,-2.305668592453002930e-02,-4.048707336187362671e-02,-1.563803851604461670e-01,-6.278892606496810913e-02,-6.898693740367889404e-02,1.105840355157852173e-01,9.437169134616851807e-02,1.566186994314193726e-01,-9.759404510259628296e-02,2.761002480983734131e-01,-3.006103932857513428e-01,-1.790216192603111267e-02,2.120273932814598083e-02,2.016407251358032227e-01,-5.661875382065773010e-02,2.662698924541473389e-01,2.061089575290679932e-01,-4.186048731207847595e-02,1.436843723058700562e-01,-1.801925748586654663e-01,1.883705146610736847e-02,2.824980020523071289e-01,4.316504579037427902e-03,-2.048285007476806641e-01,3.011280596256256104e-01,-3.162947669625282288e-02,3.241817355155944824e-01,4.429554101079702377e-03,-5.684641376137733459e-02,-2.627750858664512634e-02,8.298761397600173950e-02,-3.106031119823455811e-01,1.023829281330108643e-01,-1.666968464851379395e-01,-1.179992854595184326e-01,-1.221922412514686584e-01,-4.586696997284889221e-02,8.524555712938308716e-02,3.267835974693298340e-01,-2.906863987445831299e-01,-3.179821968078613281e-01,-3.298631608486175537e-01,-4.775474965572357178e-01,7.458108663558959961e-02,7.324749976396560669e-02,2.543077766895294189e-01,-1.012679487466812134e-01,2.982803583145141602e-01,1.182250604033470154e-01,-1.720190048217773438e-01,1.276337951421737671e-01,-1.967475265264511108e-01,-3.788157925009727478e-02,-2.781408429145812988e-01,2.808905541896820068e-01,5.280698835849761963e-02,6.345833092927932739e-02,-1.972436308860778809e-01,1.177129372954368591e-01,-3.027170896530151367e-01,-3.790712356567382812e-01,-7.697878032922744751e-02,-5.194457620382308960e-02,1.347528100013732910e-01,-2.510835230350494385e-01,8.997626602649688721e-02,-1.682530343532562256e-02,3.205603659152984619e-01,-9.238072484731674194e-02,2.390387058258056641e-01,-1.387158036231994629e-01,4.146999716758728027e-01,-5.243553519248962402e-01,9.447921067476272583e-02,-3.137788036838173866e-03,9.424162656068801880e-02,1.773413866758346558e-01,1.524767428636550903e-01,1.102772578597068787e-01,6.039344668388366699e-01,2.670707404613494873e-01,1.347391400486230850e-02,4.703928902745246887e-02,1.921166330575942993e-01,-1.381742805242538452e-01,3.045322000980377197e-01,-3.261850476264953613e-01,-1.794949918985366821e-02,5.113533139228820801e-02,1.294790506362915039e-01,1.028954237699508667e-01,-2.443677783012390137e-01,-3.412946164608001709e-01,1.313905417919158936e-01,4.621638357639312744e-01,1.763278841972351074e-01,-5.851962789893150330e-02,1.789492666721343994e-01,-2.157441340386867523e-02,4.177941977977752686e-01,-2.752484977245330811e-01,3.481237888336181641e-01,-2.425518482923507690e-01,-5.696520209312438965e-01,-1.970319822430610657e-02,-5.321760103106498718e-02,8.528523892164230347e-02,9.301247447729110718e-02,-2.167708054184913635e-02,-1.127253621816635132e-01,2.175109535455703735e-01,7.674120366573333740e-02,5.341333150863647461e-02,-2.288995496928691864e-02,1.291887909173965454e-01,6.956514716148376465e-02,-3.817287683486938477e-01,9.203714318573474884e-03,2.281247377395629883e-01,2.559015452861785889e-01,-2.199345529079437256e-01,-1.886150240898132324e-01,1.122214924544095993e-02,7.478278875350952148e-02,-1.554731577634811401e-01,1.695957481861114502e-01,-1.152864694595336914e-01,-1.219034567475318909e-01,-2.723225951194763184e-02,1.146013885736465454e-01,1.021418645977973938e-01,2.453913092613220215e-01,3.907820284366607666e-01,7.952177524566650391e-02,-3.780486881732940674e-01,-3.112755417823791504e-01,-4.568078517913818359e-01,1.391562372446060181e-01,-2.272313237190246582e-01,-1.344436258077621460e-01,3.393175601959228516e-01,-1.140027027577161789e-02,-2.933825254440307617e-01,-1.587971597909927368e-01,-1.304322946816682816e-02,-8.379046618938446045e-02,3.376036286354064941e-01,-2.737927138805389404e-01,-1.731735914945602417e-01,-3.896375894546508789e-01,-1.264758855104446411e-01,3.557492792606353760e-02,6.847602874040603638e-02,-3.307124078273773193e-01,-9.918834269046783447e-02,-1.162785738706588745e-01,1.297807246446609497e-01,8.836671710014343262e-02,-1.544343084096908569e-01,-3.414340019226074219e-01,3.226630687713623047e-01,-2.829696238040924072e-01,-2.302062325179576874e-02,3.052071630954742432e-01,-8.963684737682342529e-02,-2.830698490142822266e-01,-1.662917137145996094e-01,2.278635054826736450e-01,-2.448316365480422974e-01,2.970803081989288330e-01,1.851389110088348389e-01,-6.789824366569519043e-02,3.438656926155090332e-01,-1.513330731540918350e-03,-8.543816208839416504e-02,2.725543081760406494e-01,1.254988163709640503e-01,-3.422204554080963135e-01,3.762362897396087646e-01,2.229622155427932739e-01,2.485446631908416748e-01,1.065444350242614746e-01,-3.388601243495941162e-01,6.315404176712036133e-01,-9.769288450479507446e-02,6.353211402893066406e-02,-2.837873436510562897e-02,-9.731258265674114227e-03,5.740249156951904297e-02,9.647122770547866821e-02,1.527167558670043945e-01,2.228751927614212036e-01,5.792606249451637268e-02,-2.761373668909072876e-02,3.729782104492187500e-01,-5.030931159853935242e-02,1.455740183591842651e-01,2.104884237051010132e-01,1.720602065324783325e-01,-3.432665765285491943e-01,-1.090502664446830750e-01,1.275643408298492432e-01,7.851764559745788574e-02,-1.540251523256301880e-01,-1.085277199745178223e-01,-9.252657741308212280e-02,4.317184984683990479e-01,-4.413249492645263672e-01,-4.145739600062370300e-02,1.312145143747329712e-01,4.350033402442932129e-01,1.895304024219512939e-01,-4.006996750831604004e-02,1.678091883659362793e-01,-3.097215592861175537e-01,1.599341630935668945e-02,1.144050285220146179e-01,-1.078127995133399963e-01,1.627248078584671021e-01,-3.916715979576110840e-01,-3.263167738914489746e-01,-1.438496112823486328e-01,-8.123785257339477539e-02,-1.020954996347427368e-01,-4.181308448314666748e-01,3.754600882530212402e-01,-1.746563166379928589e-01,1.794466376304626465e-02,-1.271346807479858398e-01,1.010198369622230530e-01,1.601913720369338989e-01,1.142026931047439575e-01,-3.835726380348205566e-01,-1.299677342176437378e-01,-1.969362646341323853e-01,1.600879132747650146e-01,-4.716145619750022888e-02,-1.486234366893768311e-01,-1.963278464972972870e-02,1.654380261898040771e-01,1.935452073812484741e-01,-3.284355252981185913e-02,1.761887688189744949e-03,-4.016854800283908844e-03,1.516750901937484741e-01,3.781246840953826904e-01,-1.241619233042001724e-02,-2.253407239913940430e-01,2.036495655775070190e-01,-1.605185121297836304e-01,1.058349534869194031e-01,-8.210275322198867798e-02,-4.059557616710662842e-01,3.913048505783081055e-01,-1.905515938997268677e-01,-2.042875885963439941e-01,-3.102474212646484375e-01,-2.165502309799194336e-02,-2.235158383846282959e-01,1.110532805323600769e-01,-1.893434487283229828e-02,-1.279190480709075928e-01,-3.352738171815872192e-02,3.001485019922256470e-02,-1.100310012698173523e-01,-2.133992016315460205e-01,-2.011434286832809448e-01,6.491357833147048950e-02,-1.424784213304519653e-01,-2.274729013442993164e-01,-3.302489593625068665e-02,-1.604905128479003906e-01,5.767519772052764893e-02,-3.147492706775665283e-01,-4.250641167163848877e-01,-3.529689908027648926e-01,-4.719549417495727539e-02,-1.332257986068725586e-01,-2.737238071858882904e-02,1.843754760921001434e-02,-1.474919356405735016e-02,3.576713502407073975e-01,1.720348000526428223e-01,1.050052642822265625e-01,-2.129217684268951416e-01,-2.314326725900173187e-02,3.536006808280944824e-02,-2.934795022010803223e-01,-2.706122696399688721e-01,3.074435889720916748e-01,-4.151219725608825684e-01,4.624499008059501648e-03,-1.103796660900115967e-01,-9.757075458765029907e-02,-1.870302706956863403e-01,-2.686081640422344208e-02,2.104103565216064453e-01,-4.328109323978424072e-01,-3.574269711971282959e-01,-5.156113579869270325e-02,2.400274574756622314e-01,-2.921596765518188477e-01,1.955642700195312500e-01,-1.877326220273971558e-01,-1.022242158651351929e-01,-1.093522086739540100e-01,-1.106660161167383194e-02,-4.828161001205444336e-01,3.472494184970855713e-01,-4.476209580898284912e-01,-5.262635648250579834e-02,-3.893923461437225342e-01,2.236724346876144409e-01,1.528101861476898193e-01,-1.799122244119644165e-01,-2.002493143081665039e-01,1.575439125299453735e-01,1.378430873155593872e-01,-8.248630911111831665e-02,-3.780621290206909180e-01,-9.344102442264556885e-02,8.907603472471237183e-02,-1.364558469504117966e-02,-1.583048105239868164e-01,-3.350814878940582275e-01,-1.670117974281311035e-01,2.830958366394042969e-01,1.102199777960777283e-01,-9.320279210805892944e-02,2.761464715003967285e-01,-1.090336367487907410e-01,2.861073017120361328e-01,-1.702644526958465576e-01,1.748526096343994141e-01,-2.774218320846557617e-01,5.057867616415023804e-02,5.985300615429878235e-02,-2.715826034545898438e-01,-2.317567169666290283e-02,1.931080222129821777e-01,2.993835881352424622e-02,-6.979902088642120361e-02,1.454232484102249146e-01,-1.346647646278142929e-02,1.277850121259689331e-01,1.493831127882003784e-01,2.039821296930313110e-01,1.934874653816223145e-01,-3.144017159938812256e-01,-2.914359606802463531e-02,7.427920401096343994e-02,-3.415147960186004639e-01,2.810913324356079102e-01,2.952480316162109375e-01,8.828907459974288940e-02,-7.934382557868957520e-02,-9.700120240449905396e-02,1.463435590267181396e-01,-4.042698740959167480e-01,-3.590207919478416443e-02,-6.724934279918670654e-02,-3.709060549736022949e-01,2.496011704206466675e-01,1.481443941593170166e-01,-5.887622013688087463e-02,5.295130610466003418e-02,1.493704319000244141e-01,1.250901669263839722e-01,9.006305783987045288e-02,-1.055642589926719666e-01,-6.319329142570495605e-02,1.360907256603240967e-01,-2.018005959689617157e-02,3.015736937522888184e-01,2.557942867279052734e-01,-1.096932962536811829e-01,1.724058091640472412e-01,-1.712515354156494141e-01,1.175102815032005310e-01,3.049559593200683594e-01,7.327640801668167114e-02,2.017131596803665161e-01,8.136989176273345947e-02,1.698542684316635132e-01,6.531529873609542847e-02,1.791514903306961060e-01,6.003903970122337341e-02,-9.141348302364349365e-02,8.047225885093212128e-03,-1.641036719083786011e-01,6.894725561141967773e-02,2.114088386297225952e-01,-1.490182876586914062e-01,-9.381448477506637573e-02,-1.186398565769195557e-01,-2.764134109020233154e-01,3.583900630474090576e-01,-1.482051610946655273e-01,4.138987511396408081e-03,1.548369228839874268e-01,-8.925148844718933105e-02,1.978160291910171509e-01,-1.532869935035705566e-01,1.657404899597167969e-01,-1.140995547175407410e-01,2.414846569299697876e-01,3.154836827889084816e-03,-6.224124133586883545e-02,2.480148226022720337e-01,-7.647743076086044312e-02,-1.150769069790840149e-01,-1.345578581094741821e-01,2.677712775766849518e-02,1.325918138027191162e-01,-4.159462451934814453e-02,1.969120204448699951e-01,-1.825319528579711914e-01,2.753299288451671600e-02,1.206754744052886963e-01,9.844574332237243652e-02,-2.094348520040512085e-01,-1.354343444108963013e-01,4.128414765000343323e-02,-2.510758042335510254e-01,4.793056473135948181e-02,1.142959743738174438e-01,-2.422778159379959106e-01,1.132600456476211548e-01,-1.655993014574050903e-01,-1.151015087962150574e-01,-1.543447077274322510e-01,1.432579755783081055e-01,-2.038668245077133179e-01,-5.391163751482963562e-03,-2.320761233568191528e-01,7.317119091749191284e-02,-1.064487248659133911e-01,3.784415125846862793e-02,-8.477573096752166748e-02,3.026372985914349556e-03,5.383510887622833252e-02,1.498373597860336304e-01,1.270065754652023315e-01,6.765827536582946777e-02,-2.991822361946105957e-02,-9.833588451147079468e-02,2.310483604669570923e-01,-8.561589568853378296e-02,7.875832915306091309e-02,-6.945848464965820312e-02,-1.737038642168045044e-01,-2.288921028375625610e-01,1.666311025619506836e-01,7.675392925739288330e-02,1.891532689332962036e-01,2.932889759540557861e-01,-8.671942166984081268e-03,-8.230812102556228638e-02,-8.545678108930587769e-02,1.614544093608856201e-01,-5.052579566836357117e-02,-2.130932956933975220e-01,1.561123579740524292e-01,-7.246194034814834595e-02,3.050545416772365570e-02,2.353503704071044922e-01,-5.496704578399658203e-01,-1.238927170634269714e-01,5.238476768136024475e-02,-1.988037377595901489e-01,1.255517918616533279e-02,6.099133752286434174e-03,-6.670760363340377808e-02,-1.158638969063758850e-01,-1.576736569404602051e-01,-6.324548739939928055e-03,2.281612604856491089e-01,-1.278892755508422852e-01,2.864288091659545898e-01,-3.338687419891357422e-01,-4.564914405345916748e-01,-2.714682556688785553e-02,1.615891456604003906e-01,8.586145937442779541e-02,-1.336741745471954346e-01,2.818485796451568604e-01,-1.184011530131101608e-02,-7.242210209369659424e-02,1.033489033579826355e-01,-4.934716597199440002e-02,-1.495021283626556396e-01,-4.117094725370407104e-02,-8.648131787776947021e-02,3.280803859233856201e-01,4.002034664154052734e-01,-4.656268656253814697e-01,1.685398370027542114e-01,-4.950838163495063782e-02,3.666028380393981934e-03,-1.805594563484191895e-01,1.723043918609619141e-01,1.437678784132003784e-01,-3.434384763240814209e-01,-9.188892692327499390e-02,3.423390686511993408e-01,-3.695197775959968567e-02,9.530298411846160889e-02,1.731286495923995972e-01,-1.047216877341270447e-01,1.893549859523773193e-01,3.913200795650482178e-01,3.426378592848777771e-02,4.481806978583335876e-02,-2.973405718803405762e-01,-3.228969275951385498e-01,-1.292150318622589111e-01,-2.450492829084396362e-01,-5.188933573663234711e-03,3.579748868942260742e-01,8.318623527884483337e-03,2.798584289848804474e-02,2.403149604797363281e-01,-1.457672566175460815e-01,-1.335301101207733154e-01,4.147574901580810547e-01,1.042043268680572510e-01,2.107298001646995544e-02,8.246412873268127441e-02,-1.493403222411870956e-02,-1.100277453660964966e-01,-1.160973496735095978e-02,3.475906252861022949e-01,2.648102045059204102e-01,-1.381984353065490723e-01,-2.388535290956497192e-01,-1.683363616466522217e-01,-6.905556470155715942e-02,2.514921128749847412e-01,7.771515846252441406e-02,-2.192779816687107086e-02,-1.829486489295959473e-01,3.116569481790065765e-03,-3.330599367618560791e-01,-2.449502199888229370e-01,9.249670058488845825e-02,2.394515573978424072e-01,-1.121310219168663025e-01,3.423722982406616211e-01,-2.523855566978454590e-01,2.480987645685672760e-02
-1.350699365139007568e-01,-3.248257040977478027e-01,5.614325031638145447e-02,-7.201747596263885498e-02,8.182299137115478516e-02,4.616279900074005127e-02,1.517119705677032471e-01,-9.202829562127590179e-03,4.555575177073478699e-02,4.089705944061279297e-01,-1.250740736722946167e-01,7.490680366754531860e-02,-1.143426597118377686e-01,1.347707659006118774e-01,2.337620556354522705e-01,-4.490084946155548096e-01,3.084585368633270264e-01,2.472317777574062347e-02,-1.631098687648773193e-01,-2.258766144514083862e-01,-1.292422562837600708e-01,1.542642116546630859e-01,6.000751629471778870e-02,1.236288920044898987e-01,-2.726694047451019287e-01,-1.724258065223693848e-01,3.752354383468627930e-01,-2.067725956439971924e-01,-2.655116021633148193e-01,7.910643517971038818e-02,3.501368761062622070e-01,1.318806111812591553e-01,-2.734023928642272949e-01,-1.726729571819305420e-01,-1.024123355746269226e-01,-4.282249510288238525e-02,8.618060499429702759e-02,-1.168334782123565674e-01,1.400864869356155396e-01,-1.184440851211547852e-01,8.698073029518127441e-02,-1.167896613478660583e-01,-1.251708269119262695e-01,-2.372847348451614380e-01,2.571953460574150085e-02,5.179674550890922546e-02,8.379846811294555664e-03,-5.190094709396362305e-01,-1.022850498557090759e-01,3.748812973499298096e-01,4.528524726629257202e-02,3.957061097025871277e-02,1.037857085466384888e-01,2.412209520116448402e-03,1.589246094226837158e-01,-1.482867151498794556e-01,1.662027277052402496e-02,2.276112139225006104e-01,-2.742660939693450928e-01,-2.000420689582824707e-01,-2.460110187530517578e-01,-2.937739491462707520e-01,-6.626173853874206543e-02,-2.982196211814880371e-01,5.198186635971069336e-02,-2.054989188909530640e-01,-4.799142852425575256e-02,-1.610354892909526825e-02,1.951394043862819672e-02,1.600451320409774780e-01,-2.167029529809951782e-01,5.390800535678863525e-03,-5.349433422088623047e-01,3.117572665214538574e-01,7.200943678617477417e-02,1.916383355855941772e-01,2.062791772186756134e-02,7.304076105356216431e-02,-3.442662060260772705e-01,2.164803296327590942e-01,3.633458018302917480e-01,3.705226257443428040e-02,4.822160005569458008e-01,-4.601668938994407654e-02,-2.235364615917205811e-01,1.917249523103237152e-02,-1.006514430046081543e-01,5.633269250392913818e-02,4.671181142330169678e-01,1.635419279336929321e-01,-2.956127934157848358e-02,1.029156222939491272e-01,2.864237725734710693e-01,-1.468712836503982544e-01,2.620311677455902100e-01,1.056322976946830750e-01,-8.634260296821594238e-02,2.542910575866699219e-01,-3.233802691102027893e-02,5.935359001159667969e-02,2.915883958339691162e-01,-1.361997425556182861e-01,1.341062039136886597e-01,1.322197914123535156e-01,-1.011446714401245117e-01,-3.945159539580345154e-02,4.788872003555297852e-01,7.808718830347061157e-03,4.395020008087158203e-01,-1.371112018823623657e-01,1.430842280387878418e-01,-4.875185713171958923e-02,1.797841489315032959e-02,-3.398025929927825928e-01,-9.571998566389083862e-02,5.352672934532165527e-02,1.344306170940399170e-01,2.143263071775436401e-01,3.310632407665252686e-01,9.550870209932327271e-02,-1.206793077290058136e-02,-6.473357975482940674e-02,-1.144381090998649597e-01,-8.659730851650238037e-02,-2.767620086669921875e-01,-2.902230713516473770e-03,1.961725763976573944e-02,-1.791177541017532349e-01,3.990438580513000488e-02,-2.826404869556427002e-01,-4.869954586029052734e-01,1.533842235803604126e-01,2.280848175287246704e-01,-1.036656871438026428e-01,1.961234211921691895e-02,3.855959475040435791e-01,-7.882975041866302490e-03,2.705158591270446777e-01,-8.412036299705505371e-02,1.310907211154699326e-02,-8.915209770202636719e-02,2.274395376443862915e-01,1.676985323429107666e-01,-9.628329426050186157e-02,5.312957614660263062e-02,8.005880564451217651e-02,1.505280137062072754e-01,2.667825520038604736e-01,2.427019774913787842e-01,7.269862294197082520e-02,-5.620327219367027283e-02,4.620475694537162781e-02,-1.001218184828758240e-01,-2.567482590675354004e-01,-1.232198551297187805e-01,6.835993845015764236e-03,1.063175275921821594e-01,-1.774082034826278687e-01,-3.151053488254547119e-01,-2.052715793251991272e-02,-6.255095452070236206e-02,-1.989617198705673218e-01,6.774891912937164307e-02,4.828719422221183777e-02,3.051383607089519501e-02,-1.708583086729049683e-01,-1.184628158807754517e-01,-1.016523540019989014e-01,-1.883297860622406006e-01,5.158995278179645538e-03,1.154394671320915222e-01,-1.134532019495964050e-01,-2.100441455841064453e-01,2.929181456565856934e-01,-2.429384738206863403e-01,7.811814546585083008e-02,-1.266970783472061157e-01,3.249978125095367432e-01,-2.360306382179260254e-01,1.206249289680272341e-04,1.756220459938049316e-01,-2.430659383535385132e-01,-3.650259971618652344e-01,-1.721854805946350098e-01,-3.378899395465850830e-02,5.239215120673179626e-02,1.094086989760398865e-01,-3.554443120956420898e-01,4.848247766494750977e-02,-2.191219478845596313e-02,-1.004531793296337128e-02,4.746501520276069641e-02,3.555090427398681641e-01,2.380487322807312012e-01,5.703235268592834473e-01,1.574453413486480713e-01,-3.797133266925811768e-01,1.411074548959732056e-01,-1.037042737007141113e-01,-1.094419509172439575e-01,-2.191448770463466644e-02,-2.445659339427947998e-01,3.534640073776245117e-01,-3.702376782894134521e-01,2.151351235806941986e-02,1.669407077133655548e-02,1.426600664854049683e-01,2.805659547448158264e-02,6.733451038599014282e-02,-1.737305521965026855e-01,-1.035025939345359802e-01,6.364358589053153992e-03,3.166097402572631836e-02,2.994083240628242493e-02,-8.171352744102478027e-02,-4.739183932542800903e-02,-5.683726072311401367e-02,-3.101421520113945007e-02,-4.982323944568634033e-02,-3.260824084281921387e-02,3.103391267359256744e-02,1.131408102810382843e-02,-3.174870908260345459e-01,-1.128123179078102112e-01,-1.423437297344207764e-01,-7.865480780601501465e-01,-1.659230440855026245e-01,3.156508505344390869e-01,-5.683822184801101685e-02,4.486679136753082275e-01,-9.169907122850418091e-02,-3.082796037197113037e-01,-9.055010229349136353e-02,2.457746267318725586e-01,8.264814503490924835e-03,3.479712903499603271e-01,2.200892716646194458e-01,-2.023392356932163239e-02,-1.619359850883483887e-01,-3.049938753247261047e-02,2.082146108150482178e-01,-5.140057206153869629e-02,3.997645378112792969e-01,4.256280884146690369e-02,3.723053932189941406e-01,-2.563681602478027344e-01,-2.722815573215484619e-01,-9.425404667854309082e-02,7.858789525926113129e-03,-3.552520871162414551e-01,-1.998931542038917542e-02,1.095824167132377625e-01,2.402110695838928223e-01,-3.158033266663551331e-02,9.675160050392150879e-02,-2.031701505184173584e-01,1.883798688650131226e-01,7.795393001288175583e-03,1.703682243824005127e-01,-9.128120541572570801e-02,-1.704964041709899902e-01,-1.165633574128150940e-01,-1.259086579084396362e-01,-3.593603372573852539e-01,-3.890875875949859619e-01,6.495054066181182861e-02,-3.771030530333518982e-02,3.693300485610961914e-01,7.607768476009368896e-02,-3.143541812896728516e-01,-2.116023600101470947e-01,1.063982397317886353e-01,-1.419604718685150146e-01,-3.674681782722473145e-01,1.748133450746536255e-01,-2.474746555089950562e-01,-1.049562543630599976e-01,1.158153414726257324e-01,-3.644568845629692078e-02,-1.568288505077362061e-01,-1.403927654027938843e-01,2.647504508495330811e-01,5.611318349838256836e-01,-5.083679407835006714e-02,1.886652968823909760e-02,-1.295599527657032013e-02,-2.630796730518341064e-01,-1.457530856132507324e-01,-6.434038281440734863e-02,-2.335288971662521362e-01,3.483132421970367432e-01,-2.057131826877593994e-01,2.914632558822631836e-01,8.600921928882598877e-02,1.841564774513244629e-01,1.450181603431701660e-01,2.520872652530670166e-01,1.901791691780090332e-01,-1.874995976686477661e-01,-1.982334703207015991e-01,1.657580584287643433e-01,-8.221205323934555054e-03,2.169796526432037354e-01,1.127266585826873779e-01,-3.681997954845428467e-02,9.602484107017517090e-02,-1.579590700566768646e-02,5.200362801551818848e-01,1.731746047735214233e-01,6.067124754190444946e-02,-6.277292966842651367e-02,1.082431674003601074e-01,-2.146438509225845337e-01,-1.696745678782463074e-02,-4.482750967144966125e-02,-1.242394372820854187e-01,3.061701655387878418e-01,1.560105383396148682e-01,4.563774168491363525e-02,-3.742547333240509033e-02,6.372547894716262817e-02,-2.669709622859954834e-01,1.085704192519187927e-01,-1.440372038632631302e-02,-8.760014176368713379e-02,2.334630936384201050e-01,-6.610331684350967407e-02,-1.151418685913085938e-01,-1.980283707380294800e-01,2.147521823644638062e-01,-1.836495995521545410e-01,-2.317345738410949707e-01,2.869317829608917236e-01,-6.762803345918655396e-02,-1.621421724557876587e-01,1.226760968565940857e-01,-2.591072022914886475e-01,2.197910100221633911e-01,6.504639238119125366e-02,-3.798814713954925537e-01,-9.145255386829376221e-02,3.393535688519477844e-02,-3.686845302581787109e-02,8.566142059862613678e-03,2.392656356096267700e-01,-2.291346490383148193e-01,-1.831004917621612549e-01,-2.391572445631027222e-01,-4.656855389475822449e-02,-2.169945091009140015e-01,3.301875889301300049e-01,-8.338844403624534607e-03,-1.468674540519714355e-01,-4.025040864944458008e-01,-3.686558008193969727e-01,1.200484409928321838e-01,2.190321534872055054e-01,4.304898381233215332e-01,3.707618117332458496e-01,-6.465345155447721481e-03,-4.053772985935211182e-02,8.969107270240783691e-02,-2.776975035667419434e-01,2.790945768356323242e-01,7.818643003702163696e-02,1.838084310293197632e-02,5.380569491535425186e-03,7.032734155654907227e-02,-3.122492134571075439e-01,-6.067837476730346680e-01,-6.174113228917121887e-02,-6.079585105180740356e-02,-3.195347264409065247e-02,-5.101715773344039917e-02,1.810344681143760681e-02,-7.975434884428977966e-03,1.948027759790420532e-01,-1.927726864814758301e-01,8.003373444080352783e-02,-7.567229866981506348e-02,-1.472836881875991821e-01,8.969282358884811401e-02,-2.944770157337188721e-01,1.145253106951713562e-01,7.053982699289917946e-04,-4.051939025521278381e-02,8.999162167310714722e-02,-6.412988994270563126e-03,2.168985903263092041e-01,3.879877030849456787e-01,-7.877459377050399780e-02,1.241820491850376129e-02,-1.666071116924285889e-01,9.258337318897247314e-02,1.849199682474136353e-01,2.106049954891204834e-01,1.716204434633255005e-01,-2.202848047018051147e-01,2.336020022630691528e-01,-3.455288112163543701e-01,-9.131652116775512695e-02,-7.162051647901535034e-02,-2.116169631481170654e-01,-3.572311997413635254e-02,2.989666759967803955e-01,-1.893129795789718628e-01,-1.061671152710914612e-01,1.814798116683959961e-01,6.715190410614013672e-02,4.079459309577941895e-01,-1.304023265838623047e-01,1.399349328130483627e-02,-1.575924828648567200e-02,-1.413656473159790039e-01,8.610025048255920410e-02,3.070968389511108398e-01,2.322392910718917847e-01,-2.150127291679382324e-01,-2.566056549549102783e-01,1.641229242086410522e-01,4.982256889343261719e-02,-1.627205312252044678e-01,3.637943789362907410e-02,-3.131439387798309326e-01,3.016519844532012939e-01,-5.105093121528625488e-01,-2.503776252269744873e-01,-2.902862727642059326e-01,-2.530203163623809814e-01,6.932165473699569702e-02,-1.727282404899597168e-01,4.301895946264266968e-02,-2.104422748088836670e-01,2.381395399570465088e-01,1.622025668621063232e-01,5.249895900487899780e-02,1.407999694347381592e-01,1.129952259361743927e-03,-3.958255648612976074e-01,7.710133492946624756e-02,-7.473239302635192871e-02,-3.558112680912017822e-01,-2.865002751350402832e-01,2.520582405850291252e-03,-4.392774701118469238e-01,-3.476368188858032227e-01,-2.554251253604888916e-01,1.526448279619216919e-01,-1.776828765869140625e-01,-5.163152143359184265e-02,3.886721655726432800e-02,-1.640414446592330933e-01,1.202619075775146484e-02,-2.671855390071868896e-01,-1.376280095428228378e-02,7.817000895738601685e-02,-5.961976572871208191e-02,-4.049547910690307617e-01,4.979801476001739502e-01,-1.111713126301765442e-01,1.457702070474624634e-01,-6.500633805990219116e-02,-3.964652866125106812e-02,-4.160364270210266113e-01,-5.047245696187019348e-02,2.370367199182510376e-01,2.333848029375076294e-01,1.674225628376007080e-01,1.849642395973205566e-01,-3.504528999328613281e-01,1.307420283555984497e-01,-7.521376013755798340e-02,-7.147713750600814819e-02,2.004609107971191406e-01,4.034628570079803467e-01,1.954309195280075073e-01,1.735559552907943726e-01,1.472927778959274292e-01,9.942276030778884888e-02,1.432435065507888794e-01,-2.807831577956676483e-02,-1.166627625934779644e-03,2.579137869179248810e-02,-3.196346759796142578e-02,5.526983365416526794e-02,1.229530423879623413e-01,2.449921816587448120e-01,2.008988894522190094e-02,-2.580483257770538330e-01,-1.505388617515563965e-01,-5.497915670275688171e-02,3.179557323455810547e-01,-1.605867743492126465e-01,8.147440850734710693e-02,1.166566275060176849e-02,1.488137841224670410e-01,-9.234575182199478149e-02,-4.962607473134994507e-02,2.315149754285812378e-01,-1.036399528384208679e-01,3.597542643547058105e-01,-1.862438172101974487e-01,4.253179207444190979e-02,-7.307733595371246338e-02,1.712945103645324707e-01,2.263033948838710785e-02,-4.145626723766326904e-01,4.725807011127471924e-01,1.337491273880004883e-01,-1.134719774127006531e-01,6.932286173105239868e-02,-9.447309374809265137e-02,-1.721489876508712769e-01,9.264971129596233368e-03,1.098113954067230225e-01,1.122685670852661133e-01,-5.017879605293273926e-02,-8.519636839628219604e-02,-6.933365017175674438e-03,2.358167665079236031e-03,-7.615859061479568481e-02,-2.298914194107055664e-01,-3.109846450388431549e-02,2.075769603252410889e-01,-7.383973896503448486e-02,-3.844145238399505615e-01,1.076172590255737305e-01,-1.885548233985900879e-01,2.995677292346954346e-01,-1.878818683326244354e-02,-3.575147688388824463e-01,-2.348999232053756714e-01,2.406929731369018555e-01,-9.464399516582489014e-02,-3.394455835223197937e-02,-1.005423814058303833e-01,1.364253312349319458e-01,-4.671422019600868225e-02,-1.220007389783859253e-01,2.593716382980346680e-01,2.119164764881134033e-01,3.724665194749832153e-02,-2.037145197391510010e-01,4.071931913495063782e-02,1.263707876205444336e-01,-8.403136581182479858e-02,-9.760919213294982910e-02,2.290522754192352295e-01,-1.644974648952484131e-01,-2.685005068778991699e-01,1.615034192800521851e-01,-1.023186743259429932e-01,-3.327853232622146606e-02,-1.293343007564544678e-01,-1.185803022235631943e-02,1.318168044090270996e-01,1.419891715049743652e-01,-6.216543726623058319e-03,3.504432141780853271e-01,2.722779512405395508e-01,-5.864804610610008240e-02,4.058996140956878662e-01,-1.968368738889694214e-01,-5.223617330193519592e-02,-1.185205727815628052e-01,1.815418303012847900e-01,-6.869277358055114746e-02,4.160761088132858276e-02,4.931342303752899170e-01,-1.616856455802917480e-01,-3.181145489215850830e-01,1.902815327048301697e-02,1.799529045820236206e-01,4.126218259334564209e-01,-1.700092703104019165e-01,-9.772070497274398804e-02,1.134746745228767395e-01,-4.392629489302635193e-02,-3.373778983950614929e-02,-2.464262247085571289e-01,1.179392412304878235e-01,-1.641229093074798584e-01,2.451152503490447998e-01,2.854625880718231201e-01,2.502735257148742676e-01,-8.526042103767395020e-03,3.477585017681121826e-01,-8.028080314397811890e-02,-6.132206916809082031e-01,-5.618429183959960938e-02,-5.956359673291444778e-03,4.460276067256927490e-01,6.799818575382232666e-02,2.199009805917739868e-02,8.160792291164398193e-02,1.234292704612016678e-02,-2.752811312675476074e-01,-1.774554103612899780e-01,8.967668563127517700e-02,9.098072350025177002e-02,-5.150358080863952637e-01,-9.808831661939620972e-02,-4.197000563144683838e-01,2.534089684486389160e-01,3.268836438655853271e-02,8.935569785535335541e-03,-1.066959351301193237e-01,-3.206079900264739990e-01,-1.666629612445831299e-01,-3.080927133560180664e-01,2.118714004755020142e-01,-7.855800539255142212e-02,-1.336264610290527344e-01,-2.570403516292572021e-01,-7.820346392691135406e-03,1.490792483091354370e-01,-2.638686075806617737e-02,6.165682151913642883e-02,-3.620355948805809021e-02,-1.605567038059234619e-01,2.978831715881824493e-02,7.209456712007522583e-02,9.540370106697082520e-02,6.392741948366165161e-02,6.891187280416488647e-03,1.853724867105484009e-01,2.112331837415695190e-01,2.801669836044311523e-01,5.904666781425476074e-01,2.915050685405731201e-01,2.741815149784088135e-02,4.212006926536560059e-01,-1.348695456981658936e-01,-1.280458867549896240e-01,4.882736802101135254e-01,1.026031151413917542e-01,-2.379288077354431152e-01,5.961675569415092468e-02,3.576588258147239685e-02,4.269669353961944580e-01,-1.583322882652282715e-01,3.843274712562561035e-01,-2.407904714345932007e-02,1.523645222187042236e-01,-1.094283759593963623e-01,5.202057212591171265e-02,1.510058045387268066e-01,-3.304192721843719482e-01,-1.213920339941978455e-01,4.934341646730899811e-03,-7.501004636287689209e-02,7.173362374305725098e-02,5.069097131490707397e-02,-2.467831969261169434e-01,-9.939103573560714722e-02,-4.938471689820289612e-02,2.039277255535125732e-01,1.887216046452522278e-02,3.674824908375740051e-02,2.526680380105972290e-02,1.282013356685638428e-01,3.009990043938159943e-02,2.321253567934036255e-01,-1.302453726530075073e-01,-2.355933934450149536e-02,-2.915811240673065186e-01,4.568004012107849121e-01,-4.900991618633270264e-01,8.249997161328792572e-03,1.838904619216918945e-02,-1.148203313350677490e-01,-3.432759344577789307e-01,1.699412614107131958e-01,2.600685507059097290e-02,7.065078616142272949e-02,-1.064934954047203064e-01,1.116763651371002197e-01,3.127340376377105713e-01,-2.842784821987152100e-01,-1.474797576665878296e-01,-5.170483142137527466e-02,-2.141549885272979736e-01,-1.005006060004234314e-01,2.173321843147277832e-01,-6.098047643899917603e-02,1.232006549835205078e-01,4.426617547869682312e-02,5.305286869406700134e-02,-3.481599688529968262e-02,9.374989569187164307e-02,5.074149812571704388e-04,-1.742683947086334229e-01,2.084216624498367310e-01,-4.702312871813774109e-02,2.784190475940704346e-01,-1.429815888404846191e-01,2.589384615421295166e-01,-1.199492439627647400e-01,5.783929303288459778e-02,9.697204828262329102e-02,2.651938796043395996e-01,-1.789580583572387695e-01,-4.983639717102050781e-02,7.744099944829940796e-02,1.529676020145416260e-01,-6.386391818523406982e-02,1.341181248426437378e-01,1.630061119794845581e-01,1.273560672998428345e-01,-3.938927501440048218e-02,4.684965126216411591e-03,-1.495297700166702271e-01,1.226834356784820557e-01,-1.280693560838699341e-01,-4.483013972640037537e-02,-7.040787488222122192e-02,4.529688134789466858e-02,4.595314338803291321e-02,1.339516043663024902e-01,2.389576733112335205e-01,-1.546665430068969727e-01,-1.413543820381164551e-01,-1.651144176721572876e-01,-2.424337863922119141e-01,-1.087475419044494629e-01,-2.136361002922058105e-01,3.474239110946655273e-01,-7.646661996841430664e-02,2.749313414096832275e-01,9.153030812740325928e-02,-2.951777279376983643e-01,1.010761037468910217e-01,3.289027214050292969e-01,1.537940353155136108e-01,3.238941729068756104e-01,2.781630866229534149e-02,-1.377562880516052246e-01,1.242330670356750488e-02,-4.032118245959281921e-02,-8.837104588747024536e-02,-1.163301169872283936e-01,1.374901831150054932e-01,2.038964778184890747e-01,-2.715621590614318848e-01,-5.253094062209129333e-02,2.232108451426029205e-02,-1.245256289839744568e-01,-9.862511605024337769e-02,2.668943405151367188e-01,-7.330202311277389526e-02,-6.733321398496627808e-02,2.494416385889053345e-01,9.472905844449996948e-02,1.880148649215698242e-01,-7.472109794616699219e-02,-1.413181275129318237e-01,1.027520000934600830e-01,6.469163298606872559e-02,1.126067638397216797e-01,1.040260493755340576e-01,3.074184060096740723e-01,3.480828925967216492e-02,2.690831571817398071e-02,6.953439861536026001e-02,4.082710016518831253e-03,1.741128563880920410e-01,-3.912416994571685791e-01,6.809660047292709351e-02
2.178465016186237335e-02,-6.646549701690673828e-02,5.017137154936790466e-02,3.385145366191864014e-01,-9.854693710803985596e-02,-1.985197700560092926e-02,2.632259763777256012e-02,-5.348995327949523926e-02,-3.260399401187896729e-02,-3.934073150157928467e-01,4.797390647581778467e-05,1.557128280401229858e-01,-2.572503089904785156e-01,1.368858367204666138e-01,9.749166667461395264e-02,7.561388611793518066e-02,2.192081362009048462e-01,-2.151748985052108765e-01,6.538370251655578613e-02,-8.496226370334625244e-02,1.000212505459785461e-01,2.121624797582626343e-01,1.498567759990692139e-01,1.283446103334426880e-01,-1.694314181804656982e-01,3.204850554466247559e-01,-3.023584745824337006e-02,1.490408182144165039e-01,-3.661969304084777832e-01,3.649415913969278336e-03,-1.119690313935279846e-01,1.621822565793991089e-01,9.941484779119491577e-02,1.460501849651336670e-01,8.527586609125137329e-02,3.010647296905517578e-01,1.910479664802551270e-01,4.432703554630279541e-02,1.306793652474880219e-02,2.028385996818542480e-01,-2.229093313217163086e-01,-1.583365350961685181e-01,1.538805812597274780e-01,-3.344378992915153503e-02,-1.228292658925056458e-02,-8.899691514670848846e-03,3.256708383560180664e-01,6.750668585300445557e-02,2.817629650235176086e-02,1.789982914924621582e-01,-1.493711769580841064e-01,-1.430483460426330566e-01,1.081660762429237366e-01,-1.822822839021682739e-01,4.255968630313873291e-01,-1.085283532738685608e-01,-9.110853075981140137e-02,-1.293089687824249268e-01,2.769385278224945068e-01,1.538806706666946411e-01,-1.294872611761093140e-01,2.171806544065475464e-01,1.841962039470672607e-01,-1.244435459375381470e-02,1.463156938552856445e-01,9.271451085805892944e-02,-4.328267183154821396e-03,-7.157229632139205933e-02,1.406776458024978638e-01,3.739209473133087158e-01,-1.347437202930450439e-01,8.720421046018600464e-02,8.160378783941268921e-02,1.840392947196960449e-01,-2.168213427066802979e-01,-3.902031481266021729e-02,7.741136103868484497e-02,1.076553016901016235e-01,-1.089305132627487183e-01,1.307396590709686279e-01,1.283133961260318756e-02,-3.284783288836479187e-02,1.009611114859580994e-01,-9.292674809694290161e-02,9.366988390684127808e-02,1.128483563661575317e-01,3.500836715102195740e-02,-1.462963670492172241e-01,-9.269411116838455200e-02,2.413963377475738525e-01,1.735355705022811890e-01,-3.723817691206932068e-02,-6.343211233615875244e-02,-1.685156077146530151e-01,-2.975071966648101807e-01,2.377283275127410889e-01,2.475266158580780029e-02,-1.418507695198059082e-01,2.994926273822784424e-01,1.869544037617743015e-03,8.734792470932006836e-02,-9.647116810083389282e-02,-9.128630906343460083e-02,9.244941920042037964e-02,-1.311724483966827393e-01,1.486729234457015991e-01,6.266518682241439819e-02,1.181882917881011963e-01,9.636212885379791260e-02,-1.473746299743652344e-01,-5.357036367058753967e-02,-9.272935986518859863e-02,2.159023284912109375e-01,9.468070417642593384e-02,8.053770661354064941e-02,-3.565764054656028748e-03,-9.844716638326644897e-02,-7.569625973701477051e-02,-3.234267607331275940e-02,-1.263715177774429321e-01,2.394459694623947144e-01,3.434869274497032166e-02,-1.535854954272508621e-02,9.040526300668716431e-02,-5.424520000815391541e-02,-2.140875458717346191e-01,-6.481143087148666382e-02,1.217015669681131840e-03,-1.402667164802551270e-01,-1.026281937956809998e-01,4.167641699314117432e-02,4.795651882886886597e-02,-1.027477383613586426e-01,-2.891540825366973877e-01,-1.315178573131561279e-01,-3.802979364991188049e-02,-5.243492126464843750e-02,-5.117981880903244019e-02,3.757229447364807129e-01,-8.702234923839569092e-02,-1.160809397697448730e-01,-8.993198722600936890e-02,2.065793573856353760e-01,3.646610677242279053e-01,4.091889783740043640e-02,3.184648156166076660e-01,5.495617166161537170e-02,6.286961585283279419e-02,-1.746011674404144287e-01,-5.088002234697341919e-02,-9.467878937721252441e-02,1.891212314367294312e-01,-3.134339931420981884e-04,-6.536727398633956909e-02,-2.131843119859695435e-01,-1.455464586615562439e-02,-4.861518368124961853e-02,1.885722391307353973e-02,-1.630714386701583862e-01,-5.190761014819145203e-02,-1.951421499252319336e-01,1.058372408151626587e-01,6.416609138250350952e-02,3.534942120313644409e-02,-1.409952193498611450e-01,1.511416584253311157e-01,-2.331470549106597900e-01,1.321842968463897705e-01,1.420703530311584473e-01,1.762122809886932373e-01,2.862710952758789062e-01,1.018214374780654907e-01,-2.150449156761169434e-02,4.088617116212844849e-02,-5.920726433396339417e-02,1.822825223207473755e-01,-3.207506537437438965e-01,1.540144979953765869e-01,-1.873160302639007568e-01,-2.803188003599643707e-02,1.134708970785140991e-01,-7.246160507202148438e-02,3.698017448186874390e-02,-6.986936181783676147e-02,1.781262308359146118e-01,-2.475089859217405319e-03,-6.093916669487953186e-02,6.556601822376251221e-02,-8.225620537996292114e-02,1.053239628672599792e-01,3.353026881814002991e-02,-1.099562551826238632e-02,1.666882038116455078e-01,-7.107374724000692368e-03,2.292024940252304077e-01,1.949032843112945557e-01,9.103158116340637207e-02,5.450340360403060913e-02,9.950182400643825531e-03,1.293634064495563507e-02,-7.570107281208038330e-02,1.550451070070266724e-01,-1.430394947528839111e-01,-1.483795195817947388e-01,9.715089201927185059e-02,-2.276557087898254395e-01,-9.787403047084808350e-02,-6.071314588189125061e-02,-2.472394555807113647e-01,-2.957490682601928711e-01,9.394332766532897949e-02,-2.135291695594787598e-01,7.986579835414886475e-02,-2.118316665291786194e-02,-2.547479979693889618e-02,3.045682907104492188e-01,1.074626967310905457e-01,5.896022543311119080e-03,9.718893468379974365e-02,1.552978307008743286e-01,-1.659540459513664246e-02,-8.957254886627197266e-02,1.217319071292877197e-01,5.978727340698242188e-02,-1.581667959690093994e-01,-1.104459613561630249e-01,1.643730700016021729e-01,8.238365501165390015e-02,4.906152933835983276e-02,-9.450005739927291870e-02,1.306600496172904968e-02,-2.404175251722335815e-01,-1.829983852803707123e-02,-1.053996682167053223e-01,-1.491015106439590454e-01,-5.114373192191123962e-02,7.418500725179910660e-03,-1.924054138362407684e-02,-3.096434520557522774e-03,1.768667809665203094e-02,-1.040302813053131104e-01,-5.331776663661003113e-02,1.613369770348072052e-02,3.358674943447113037e-01,2.033898681402206421e-01,-2.148545980453491211e-01,9.210694581270217896e-02,-5.755526944994926453e-03,5.820930749177932739e-02,2.101795375347137451e-01,-6.148846819996833801e-02,-1.408270746469497681e-02,-7.662641257047653198e-02,-2.168994396924972534e-01,-1.317555736750364304e-02,-4.234401881694793701e-02,1.543808430433273315e-01,-2.147129774093627930e-01,1.359811052680015564e-03,4.558118432760238647e-02,2.123349346220493317e-02,-5.485320463776588440e-02,-5.941041186451911926e-02,-2.771724462509155273e-01,-1.011704504489898682e-01,-3.305961936712265015e-02,-7.208324968814849854e-02,2.568043768405914307e-01,1.382769197225570679e-01,-2.688124962151050568e-02,-1.684808731079101562e-01,2.041132897138595581e-01,9.235820174217224121e-02,-1.750818789005279541e-01,-4.123902693390846252e-02,6.827567517757415771e-02,8.535722643136978149e-02,-4.394468665122985840e-02,-1.033712103962898254e-01,-1.795241385698318481e-01,-2.083028852939605713e-01,6.614458560943603516e-02,3.821743726730346680e-01,1.388220041990280151e-01,2.470979094505310059e-02,-5.325065180659294128e-02,-6.980826705694198608e-02,-6.722629070281982422e-02,-4.020471498370170593e-02,-1.131271496415138245e-01,8.118638768792152405e-03,-2.533096671104431152e-01,-1.518495529890060425e-01,6.111346557736396790e-02,6.888575851917266846e-02,-2.681179344654083252e-01,1.296517848968505859e-01,5.460415780544281006e-02,-3.030878603458404541e-01,1.657005771994590759e-02,2.484073936939239502e-01,1.574309170246124268e-01,1.299268305301666260e-01,-2.861850857734680176e-01,1.338303536176681519e-01,3.378771841526031494e-01,-1.220043003559112549e-01,1.361963599920272827e-01,2.227365374565124512e-01,1.577178984880447388e-01,1.341920942068099976e-01,2.180759757757186890e-01,8.867217600345611572e-02,1.571535170078277588e-01,1.527540385723114014e-01,-1.590712219476699829e-01,1.420361548662185669e-01,1.259611546993255615e-01,9.602800011634826660e-03,-7.034247368574142456e-02,1.615893095731735229e-02,8.347412943840026855e-02,-7.949945330619812012e-02,-1.105371862649917603e-01,-5.235745012760162354e-02,2.186232618987560272e-02,-1.572037488222122192e-01,1.158966422080993652e-01,-3.652495145797729492e-02,-1.547856479883193970e-01,-2.467544078826904297e-01,-2.442399710416793823e-01,1.235831901431083679e-02,-2.845322340726852417e-02,2.458322942256927490e-01,2.282023727893829346e-01,-2.783576846122741699e-01,8.676619827747344971e-02,-2.727835439145565033e-02,1.280854493379592896e-01,8.623332530260086060e-02,-1.198694929480552673e-01,8.024937659502029419e-02,-1.715924292802810669e-01,-6.010769680142402649e-02,-2.059772014617919922e-01,-1.071538701653480530e-01,-1.080058328807353973e-02,-1.254397034645080566e-01,5.047810077667236328e-02,-2.381015866994857788e-01,-6.636631488800048828e-02,-5.222118273377418518e-02,-1.695420444011688232e-01,-1.398986279964447021e-01,3.723789751529693604e-02,5.245757848024368286e-02,2.696200609207153320e-01,1.981425434350967407e-01,6.383737176656723022e-02,9.440469741821289062e-02,-3.485937416553497314e-02,-2.050677537918090820e-01,-8.814395219087600708e-02,3.573599085211753845e-02,6.148358806967735291e-02,7.938037067651748657e-02,2.791159451007843018e-01,-8.078619837760925293e-02,-3.379049301147460938e-01,2.268491536378860474e-01,-1.061878129839897156e-01,1.030624508857727051e-01,-4.617987945675849915e-02,-5.331461429595947266e-01,-8.243602514266967773e-02,1.640555709600448608e-01,-5.225224792957305908e-02,-1.880967766046524048e-01,-1.739172190427780151e-01,1.368612498044967651e-01,-9.874701499938964844e-03,-1.093900129199028015e-01,8.394333533942699432e-03,1.310175508260726929e-01,1.653842069208621979e-02,-3.319792449474334717e-02,-4.580464586615562439e-02,-1.161965429782867432e-01,8.951845020055770874e-02,7.348763197660446167e-02,1.585370004177093506e-01,-1.517248004674911499e-01,-1.381057500839233398e-01,9.379419684410095215e-02,-3.593215718865394592e-02,6.069473922252655029e-02,1.061964705586433411e-01,-1.020666211843490601e-01,2.174210697412490845e-01,2.202843129634857178e-01,-1.604171544313430786e-01,1.060067564249038696e-01,-3.432342782616615295e-02,6.477578729391098022e-02,-4.012325033545494080e-02,-2.506511099636554718e-02,-3.544866666197776794e-02,3.761942982673645020e-01,-2.728446759283542633e-02,-7.507203519344329834e-02,-2.831969410181045532e-02,-9.194946289062500000e-02,-2.205936461687088013e-01,-1.667834669351577759e-01,-3.640994727611541748e-01,1.546826511621475220e-01,1.053432673215866089e-01,1.394763439893722534e-01,-2.443738281726837158e-02,-1.133060082793235779e-01,-3.109047003090381622e-02,-1.555728614330291748e-01,-7.427441328763961792e-02,1.389030814170837402e-01,2.541170120239257812e-01,1.682536154985427856e-01,3.050609678030014038e-02,2.109123468399047852e-01,-1.569959223270416260e-01,-4.222612828016281128e-02,-2.894601225852966309e-01,6.686475127935409546e-02,2.813793346285820007e-02,-1.222612485289573669e-01,-1.859497837722301483e-02,7.594779133796691895e-02,1.450683772563934326e-01,2.381768636405467987e-02,8.172185719013214111e-02,-5.585129931569099426e-02,-2.425234466791152954e-01,6.221191212534904480e-02,3.391233086585998535e-02,-5.367832258343696594e-03,1.446737796068191528e-01,1.202086135745048523e-01,6.163383126258850098e-01,2.186222970485687256e-01,4.214884713292121887e-02,1.935497075319290161e-01,-1.476393491029739380e-01,1.305102705955505371e-01,-5.626654624938964844e-02,-9.222153574228286743e-02,9.168440848588943481e-02,-4.086171835660934448e-02,-1.219734773039817810e-01,1.302046030759811401e-01,4.252579528838396072e-03,3.176311776041984558e-02,-5.614469572901725769e-02,3.445474430918693542e-02,6.444405019283294678e-02,-6.443644873797893524e-03,1.561078592203557491e-03,3.613833338022232056e-02,-1.607286781072616577e-01,-7.586439698934555054e-02,1.917369663715362549e-01,1.096969991922378540e-01,-4.932970926165580750e-02,-2.025842107832431793e-02,-6.027495488524436951e-02,3.205227106809616089e-02,-1.082910224795341492e-02,-9.384508430957794189e-02,2.487432807683944702e-01,-2.152006328105926514e-02,2.554253935813903809e-01,-9.266886115074157715e-02,-1.131983622908592224e-01,-1.558327823877334595e-01,1.186681259423494339e-02,-2.190981954336166382e-01,1.820076443254947662e-02,-1.214959248900413513e-01,1.555940415710210800e-02,2.319033443927764893e-01,1.005161777138710022e-01,1.689347438514232635e-02,1.624561399221420288e-01,-6.060010939836502075e-02,-8.363629877567291260e-02,-1.614188542589545250e-03,1.150336265563964844e-01,-3.162541389465332031e-01,-9.924114495515823364e-02,8.929967880249023438e-02,-1.658382862806320190e-01,-8.880189061164855957e-02,-1.102299094200134277e-01,1.456701010465621948e-01,-8.014927059412002563e-02,1.074004247784614563e-01,-1.958719268441200256e-02,-2.025616317987442017e-01,-5.356726795434951782e-02,2.833422739058732986e-03,4.674633219838142395e-02,-1.123193837702274323e-02,-1.868257075548171997e-01,-2.413040250539779663e-01,-1.299704611301422119e-01,2.203644067049026489e-02,-1.188912093639373779e-01,-5.418550595641136169e-02,1.756675988435745239e-01,-3.840965926647186279e-01,5.682339519262313843e-02,-1.302289813756942749e-01,-9.515795856714248657e-02,-1.384994685649871826e-01,-8.511359244585037231e-02,-5.997926741838455200e-02,4.651926085352897644e-02,1.086721867322921753e-01,-5.750384926795959473e-02,1.280744522809982300e-01,-1.142630279064178467e-01,-2.665841486304998398e-03,-1.228913441300392151e-01,1.379004418849945068e-01,-7.895630598068237305e-02,-9.414720535278320312e-02,-8.543018251657485962e-02,2.255024611949920654e-01,-4.411514848470687866e-02,2.984544634819030762e-02,9.513624012470245361e-02,-5.712865665555000305e-02,1.888416521251201630e-02,-4.610580857843160629e-03,1.521830111742019653e-01,3.011505901813507080e-01,-6.071851029992103577e-02,-1.325045432895421982e-02,-1.038732603192329407e-01,4.000824689865112305e-02,-8.219672739505767822e-02,-3.747279942035675049e-02,-1.894535571336746216e-01,5.343417823314666748e-02,1.169395670294761658e-01,1.857762932777404785e-01,-4.124425351619720459e-02,-8.094339072704315186e-02,-1.396332979202270508e-01,-4.224210511893033981e-03,-1.121232286095619202e-02,-1.184075698256492615e-01,1.995280236005783081e-01,-1.658215075731277466e-01,-4.455884173512458801e-02,-2.738891541957855225e-01,-4.253370687365531921e-02,-5.932303518056869507e-02,2.322658896446228027e-01,1.977476775646209717e-01,5.208605527877807617e-02,-1.737976670265197754e-01,3.968222439289093018e-02,-1.575738042593002319e-01,2.855608761310577393e-01,-7.729651778936386108e-02,-3.527719676494598389e-01,5.490491166710853577e-02,5.350494757294654846e-02,9.428628534078598022e-02,1.259296983480453491e-01,2.060618065297603607e-02,-1.734670251607894897e-01,3.322062268853187561e-02,5.332249402999877930e-02,1.364618390798568726e-01,2.286342345178127289e-02,-1.034990251064300537e-01,2.622012794017791748e-01,-8.306915313005447388e-02,-3.058156371116638184e-01,3.431885540485382080e-01,1.605561375617980957e-01,-1.281953006982803345e-01,-2.198657691478729248e-01,1.537912432104349136e-02,5.762405693531036377e-03,-1.049498543143272400e-01,6.827397644519805908e-02,2.736314237117767334e-01,-2.863150462508201599e-02,-3.559218943119049072e-01,-8.154238760471343994e-02,-7.679426670074462891e-02,-7.819928973913192749e-02,-2.329380810260772705e-01,-1.130203679203987122e-01,-2.345768362283706665e-01,-2.183521538972854614e-01,-5.198942124843597412e-02,7.899728417396545410e-02,7.617384940385818481e-02,7.709932327270507812e-02,-1.723944246768951416e-01,-1.407442837953567505e-01,1.367517113685607910e-01,-1.386345773935317993e-01,-4.569252207875251770e-02,4.524365067481994629e-02,1.796477288007736206e-01,-1.289288103580474854e-01,-8.344113081693649292e-02,2.338638342916965485e-02,2.202354744076728821e-02,-4.102139919996261597e-02,5.415587127208709717e-02,-1.345602422952651978e-01,-2.202758342027664185e-01,-6.200828403234481812e-02,3.750493004918098450e-02,3.010954521596431732e-02,8.502885699272155762e-02,8.062186650931835175e-03,-8.473849855363368988e-03,3.598830103874206543e-02,6.148584187030792236e-02,-1.876289583742618561e-02,7.514302432537078857e-02,7.040178403258323669e-03,-8.893591910600662231e-02,-2.117769271135330200e-01,-3.156558424234390259e-02,1.166207939386367798e-01,2.664421312510967255e-02,-1.911180913448333740e-01,6.238553673028945923e-02,-2.314926385879516602e-01,2.756885588169097900e-01,-5.610332265496253967e-02,-1.294674426317214966e-01,-1.141574010252952576e-01,5.898698791861534119e-02,-9.601369500160217285e-02,-2.520093321800231934e-01,-2.570655047893524170e-01,1.563129015266895294e-02,-1.281276196241378784e-01,2.777447178959846497e-02,-1.703440099954605103e-01,-2.141236364841461182e-01,-2.906782925128936768e-01,-2.334811538457870483e-01,-5.646633449941873550e-03,-8.699770271778106689e-02,-2.165180146694183350e-01,1.364706903696060181e-01,-2.219440639019012451e-01,9.349901229143142700e-02,-1.102131456136703491e-01,4.476030543446540833e-02,2.050806283950805664e-01,-4.023013636469841003e-02,4.334931820631027222e-02,-1.160275116562843323e-01,-3.060175478458404541e-01,8.726733177900314331e-02,5.074007436633110046e-02,2.074232101440429688e-01,-5.598659068346023560e-02,-2.991486489772796631e-01,1.058722436428070068e-01,2.380510419607162476e-01,-1.055482625961303711e-01,-4.178695380687713623e-02,1.907405555248260498e-01,1.193686127662658691e-01,7.437695562839508057e-02,-1.205354034900665283e-01,1.460752356797456741e-02,4.991282895207405090e-02,2.678795456886291504e-01,-1.712125986814498901e-01,8.181308954954147339e-02,1.761760413646697998e-01,-1.202082708477973938e-01,9.931943565607070923e-02,1.665252596139907837e-01,-9.007829427719116211e-02,-1.529473066329956055e-01,2.608968913555145264e-01,-3.580309217795729637e-03,1.775362044572830200e-01,-2.349187284708023071e-01,-4.325585067272186279e-02,-2.150173485279083252e-01,-9.600675851106643677e-02,1.379562467336654663e-01,6.902144849300384521e-02,1.334472894668579102e-01,-2.133785486221313477e-01,1.009264811873435974e-01,-2.465561181306838989e-01,-7.362067103385925293e-01,1.886523887515068054e-02,1.024725586175918579e-01,-2.202123850584030151e-01,-1.724732220172882080e-01,-5.835761129856109619e-02,3.196054324507713318e-02,6.181233562529087067e-03,1.035861745476722717e-01,-5.251467972993850708e-02,-2.746763452887535095e-02,-5.898289009928703308e-02,4.888371378183364868e-02,-2.413901686668395996e-01,1.088304817676544189e-01,-5.911424383521080017e-02,8.740964345633983612e-03,-8.581622689962387085e-02,4.815417807549238205e-03,-8.953737467527389526e-02,2.028765976428985596e-01,1.114330887794494629e-01,3.599727526307106018e-02,-3.106536343693733215e-02,2.371695488691329956e-01,-2.210087925195693970e-01,-9.813393652439117432e-02,-1.306179463863372803e-01,1.427320111542940140e-02,-1.661300957202911377e-01,9.616388939321041107e-03,-2.334700822830200195e-01,-2.045398578047752380e-02,1.313505172729492188e-01,1.752041578292846680e-01,-3.172815218567848206e-02,-6.948530673980712891e-02,1.141192167997360229e-01,-1.145003363490104675e-01,4.750587046146392822e-02,-6.268630176782608032e-02,-3.331293538212776184e-02,3.740782439708709717e-01,1.479911059141159058e-01,1.971021592617034912e-01,1.496772170066833496e-01,1.134600341320037842e-01,1.822259873151779175e-01,2.523963153362274170e-02,1.593169569969177246e-01,3.033430874347686768e-02,-2.750488221645355225e-01,-1.538606733083724976e-01,-1.160773355513811111e-02,1.733877509832382202e-01,1.610068380832672119e-01,-1.238485202193260193e-01
-1.503487974405288696e-01,5.524806305766105652e-02,-7.212115079164505005e-02,-2.484004646539688110e-01,1.820158213376998901e-01,4.067932069301605225e-02,-3.561875224113464355e-02,-2.062351554632186890e-01,1.554442644119262695e-01,7.435131818056106567e-02,4.793298244476318359e-02,-4.493968486785888672e-01,-2.532203793525695801e-01,1.316552758216857910e-01,1.771523952484130859e-01,-5.988373607397079468e-02,3.062396049499511719e-01,1.387666910886764526e-01,-3.053130805492401123e-01,3.767351806163787842e-02,1.170525178313255310e-01,-5.103826522827148438e-02,-4.675253629684448242e-01,2.581149935722351074e-01,2.443397641181945801e-01,-2.919588088989257812e-01,3.628340661525726318e-01,-3.033135831356048584e-01,2.540753036737442017e-02,-3.549199700355529785e-01,-1.442385464906692505e-01,-2.134191058576107025e-02,-2.379037588834762573e-01,9.391056746244430542e-02,-2.410309910774230957e-01,-8.956504613161087036e-02,-6.361529976129531860e-02,1.287744939327239990e-01,-2.016496658325195312e-01,-8.434130810201168060e-03,3.296197652816772461e-01,-6.372132897377014160e-02,-6.123948469758033752e-02,-2.067096233367919922e-01,5.783013254404067993e-02,2.105199545621871948e-01,-5.962800607085227966e-02,-1.233712285757064819e-01,2.128251828253269196e-02,-1.582933217287063599e-01,-2.159380912780761719e-01,3.949842751026153564e-01,-1.065985411405563354e-01,9.576139599084854126e-02,1.794257611036300659e-01,1.335021853446960449e-01,-3.167619109153747559e-01,3.193002194166183472e-02,4.390819370746612549e-02,-1.527127064764499664e-02,2.307185530662536621e-02,-1.494740694761276245e-01,-2.764611244201660156e-01,1.354577839374542236e-01,-2.037443965673446655e-01,-3.303594887256622314e-01,7.201773673295974731e-02,-2.965346276760101318e-01,-6.013633683323860168e-02,-1.551883965730667114e-01,1.489407289773225784e-02,3.930132836103439331e-02,-1.425747424364089966e-01,2.289609052240848541e-02,-9.502368047833442688e-03,-6.851829588413238525e-02,-1.548129767179489136e-01,-8.155380189418792725e-02,1.743170171976089478e-01,2.164519429206848145e-01,2.226067148149013519e-02,-1.348816752433776855e-01,8.880934864282608032e-02,-1.486578881740570068e-01,-4.778402671217918396e-02,4.039026424288749695e-02,-4.016338884830474854e-01,-1.265274882316589355e-01,-1.671599149703979492e-01,-2.779755592346191406e-01,-2.837850749492645264e-01,-3.125361800193786621e-01,-2.226793169975280762e-01,-1.106155738234519958e-01,3.923214077949523926e-01,-1.556133627891540527e-01,1.782998442649841309e-01,2.520943880081176758e-01,-3.694141209125518799e-01,-1.327747106552124023e-01,5.413660407066345215e-02,1.759494692087173462e-01,5.567263811826705933e-02,-2.689903974533081055e-01,-3.456233739852905273e-01,-2.311839908361434937e-01,-6.254681944847106934e-02,-1.030812487006187439e-01,2.920020818710327148e-01,-7.579268515110015869e-02,-1.109789162874221802e-01,-1.602668017148971558e-01,8.671502023935317993e-02,-1.320063471794128418e-01,-3.456199467182159424e-01,9.575190395116806030e-02,3.638238832354545593e-02,-1.144089549779891968e-02,-3.155288286507129669e-03,2.051828801631927490e-02,5.643952637910842896e-02,-5.657269153743982315e-03,2.445002496242523193e-01,2.531252503395080566e-01,-1.272049248218536377e-01,-9.303933382034301758e-02,-1.106892377138137817e-01,2.001370191574096680e-01,-1.970048397779464722e-01,-1.497729122638702393e-01,-1.584521681070327759e-02,1.234687194228172302e-01,-9.604550153017044067e-02,3.160688579082489014e-01,4.144245982170104980e-01,-4.316697716712951660e-01,4.017336666584014893e-02,2.376714348793029785e-01,5.225595235824584961e-01,3.856513798236846924e-01,-3.941627442836761475e-01,1.713980585336685181e-01,-3.112967014312744141e-01,2.860407829284667969e-01,2.243947535753250122e-01,-1.015639603137969971e-01,-1.400675773620605469e-01,-1.272245496511459351e-01,3.968532979488372803e-01,-8.083223551511764526e-02,5.613813176751136780e-02,-2.628853917121887207e-01,-8.436392247676849365e-02,2.376298010349273682e-01,1.697889715433120728e-01,-1.159070953726768494e-01,-1.793528050184249878e-01,-1.907481849193572998e-01,6.168249994516372681e-02,3.766317069530487061e-01,2.592265605926513672e-01,1.611029356718063354e-01,4.513561725616455078e-02,1.386990696191787720e-01,-2.046326845884323120e-01,-2.522399127483367920e-01,1.725063174962997437e-01,-6.134070456027984619e-02,-1.414200291037559509e-02,-2.270868569612503052e-01,3.708120286464691162e-01,7.698775082826614380e-02,-9.571339935064315796e-02,1.184886991977691650e-01,4.758097529411315918e-01,-2.306901514530181885e-01,6.220402196049690247e-02,-3.389065861701965332e-01,-1.187932640314102173e-01,7.628580182790756226e-02,-9.984386852011084557e-04,5.115766543895006180e-03,-3.581723943352699280e-02,1.296857558190822601e-02,-2.248935103416442871e-01,3.371754586696624756e-01,-9.413277357816696167e-02,1.421720385551452637e-01,-3.420748189091682434e-02,3.617080450057983398e-01,9.536037221550941467e-03,3.349297121167182922e-02,-1.310713216662406921e-02,-1.166098266839981079e-01,1.625025868415832520e-01,-1.576979458332061768e-01,-3.453609049320220947e-01,-8.191979676485061646e-02,-6.236677989363670349e-02,1.622193455696105957e-01,-2.732134461402893066e-01,9.566897898912429810e-02,1.594345271587371826e-01,-2.365295775234699249e-02,6.615265458822250366e-02,-2.905873656272888184e-01,2.172272801399230957e-01,-1.763082891702651978e-01,1.363627612590789795e-01,1.876782923936843872e-01,-5.118227750062942505e-02,1.708304882049560547e-01,1.780077666044235229e-01,9.924342483282089233e-02,2.140547037124633789e-01,-2.590067684650421143e-01,-7.854953408241271973e-03,-4.543095827102661133e-02,9.581804275512695312e-02,-9.689284861087799072e-02,1.410348713397979736e-01,-2.359790205955505371e-01,-8.652501739561557770e-03,-1.731955707073211670e-01,-2.947888374328613281e-01,-1.949951797723770142e-02,1.351871341466903687e-01,-2.686075568199157715e-01,-7.526189088821411133e-02,2.151050865650177002e-01,1.868273466825485229e-01,1.733096539974212646e-01,2.327882647514343262e-01,-1.391216367483139038e-01,-6.749669462442398071e-02,-2.987167239189147949e-01,-3.419769108295440674e-01,-4.701456055045127869e-02,7.714939862489700317e-02,1.598716676235198975e-01,-4.566519334912300110e-02,1.633318364620208740e-01,-1.744031608104705811e-01,2.808503508567810059e-01,-4.224805235862731934e-01,2.941813468933105469e-01,-3.760424628853797913e-02,-2.906866371631622314e-01,-3.011385500431060791e-01,-1.498745679855346680e-01,-1.829303652048110962e-01,-4.126008972525596619e-02,-1.372879650443792343e-02,1.363919824361801147e-01,-8.170928806066513062e-02,-2.399043589830398560e-01,-2.015801146626472473e-02,4.886655509471893311e-01,-1.740270256996154785e-01,3.287242725491523743e-02,2.353546908125281334e-03,-1.383361872285604477e-02,-5.219143256545066833e-02,-1.641172766685485840e-01,1.253508776426315308e-01,-7.257004827260971069e-02,-3.564984723925590515e-02,2.199549674987792969e-01,-7.964128255844116211e-02,-3.894024714827537537e-02,9.307334572076797485e-02,7.332328241318464279e-03,3.315103054046630859e-02,2.715843915939331055e-01,-1.913172900676727295e-01,1.070166081190109253e-01,-1.283197104930877686e-01,2.767374515533447266e-01,2.708704173564910889e-01,4.341628253459930420e-01,4.426107406616210938e-01,-9.502949565649032593e-02,-3.384857773780822754e-01,1.008152496069669724e-02,1.879189759492874146e-01,-7.647199928760528564e-02,-4.362733662128448486e-02,8.284984529018402100e-02,-1.773060858249664307e-01,2.361762821674346924e-01,9.377770125865936279e-02,4.019750952720642090e-01,2.054948210716247559e-01,1.098668575286865234e-01,3.536945208907127380e-02,-2.717968821525573730e-02,-6.147342175245285034e-02,-2.560104429721832275e-01,-8.707705140113830566e-02,4.385493397712707520e-01,-4.779376983642578125e-01,1.647743210196495056e-02,-1.557081937789916992e-01,-1.429820656776428223e-01,-4.036317169666290283e-01,3.657546266913414001e-02,7.187490165233612061e-02,-8.862367272377014160e-02,3.234312832355499268e-01,-6.077271327376365662e-02,8.751317858695983887e-02,-4.074733331799507141e-02,4.063367098569869995e-02,-1.829592287540435791e-01,-3.046121299266815186e-01,-3.020842373371124268e-01,-1.801641099154949188e-02,1.509644389152526855e-01,-1.774659603834152222e-01,-1.818666309118270874e-01,-4.638601541519165039e-01,8.818386495113372803e-02,-4.799255728721618652e-02,-2.254262417554855347e-01,1.920670717954635620e-01,-1.256393641233444214e-01,1.452488750219345093e-01,2.140806466341018677e-01,1.139048337936401367e-01,-3.219134211540222168e-01,8.997377008199691772e-02,-3.869692236185073853e-02,-1.551524847745895386e-01,-9.022227674722671509e-02,-6.919009983539581299e-02,9.553711116313934326e-02,9.104091674089431763e-02,4.521740674972534180e-01,1.592859178781509399e-01,-1.477947533130645752e-01,1.437346935272216797e-01,1.182340011000633240e-01,2.486507892608642578e-01,3.720294535160064697e-01,2.070394456386566162e-01,-2.034764587879180908e-01,1.767940819263458252e-01,-3.909112513065338135e-02,-2.797206342220306396e-01,3.083887994289398193e-01,3.733973503112792969e-01,-1.289552152156829834e-01,-4.713368043303489685e-02,1.673875004053115845e-01,-3.482419764623045921e-03,-2.527991235256195068e-01,2.709175050258636475e-01,2.449708292260766029e-03,-2.565710246562957764e-01,-3.570744395256042480e-01,3.641895204782485962e-02,-2.586770057678222656e-02,-1.231518853455781937e-02,-2.643974721431732178e-01,4.624371230602264404e-02,1.195287406444549561e-01,-2.221163213253021240e-01,-4.073235392570495605e-01,3.672746717929840088e-01,9.035919606685638428e-02,-1.479416936635971069e-01,3.753946125507354736e-01,6.425366550683975220e-02,2.256411015987396240e-01,5.764526873826980591e-02,-2.218573987483978271e-01,2.386737018823623657e-01,-8.073350787162780762e-02,-1.976257860660552979e-01,-1.827814280986785889e-01,5.293598026037216187e-02,-1.227473840117454529e-02,7.324579358100891113e-01,5.171995759010314941e-01,1.431292146444320679e-01,2.622418701648712158e-01,2.372511662542819977e-02,3.588970005512237549e-01,-1.173816844820976257e-01,1.063318178057670593e-01,3.467083573341369629e-01,2.825953625142574310e-02,-4.063338041305541992e-02,1.722125262022018433e-01,-1.773430258035659790e-01,1.485756412148475647e-02,2.867906913161277771e-02,4.226423054933547974e-02,-7.153223454952239990e-02,-2.840247154235839844e-01,-2.004915177822113037e-01,-3.047664277255535126e-02,9.536930918693542480e-02,-2.021292299032211304e-01,-3.107342869043350220e-02,-1.935598105192184448e-01,-3.217036128044128418e-01,3.646499812602996826e-01,2.313985824584960938e-01,-3.853023350238800049e-01,2.133657932281494141e-01,-1.945584714412689209e-01,-3.912898525595664978e-02,-8.710749447345733643e-02,-1.232023388147354126e-01,-2.533755302429199219e-01,-5.491003021597862244e-02,-3.324908912181854248e-01,-2.628454566001892090e-01,8.826055563986301422e-03,-1.264616847038269043e-01,-3.395114094018936157e-02,9.611181914806365967e-02,9.444794058799743652e-02,-1.428964585065841675e-01,1.919591985642910004e-02,7.163161039352416992e-02,-3.604716062545776367e-01,1.876808851957321167e-01,-2.771271169185638428e-01,-1.217473596334457397e-01,-4.037397354841232300e-02,-1.335144042968750000e-01,-2.699298560619354248e-01,1.610369831323623657e-01,3.089782297611236572e-01,-1.490453779697418213e-01,-3.777960538864135742e-01,-2.786799669265747070e-01,2.354600131511688232e-01,1.148839443922042847e-01,2.920863628387451172e-01,-3.602305054664611816e-01,-2.463379204273223877e-01,-2.805459499359130859e-01,-6.820182502269744873e-02,-3.256165683269500732e-01,6.463185697793960571e-02,2.401253581047058105e-01,-2.722474634647369385e-01,4.515438154339790344e-02,-2.381373755633831024e-02,-1.671308428049087524e-01,1.227751150727272034e-01,-5.461325049400329590e-01,1.649349629878997803e-01,-2.309811301529407501e-02,-1.253652721643447876e-01,4.541168510913848877e-01,5.039109662175178528e-02,-2.664923965930938721e-01,-4.395824968814849854e-01,1.772448569536209106e-01,-6.082508340477943420e-02,7.013437896966934204e-02,2.130729407072067261e-01,2.787159569561481476e-02,-1.142091080546379089e-01,1.473857015371322632e-01,-4.740687608718872070e-01,-1.446642577648162842e-01,-7.996273785829544067e-02,-4.651879146695137024e-02,2.219871133565902710e-01,-7.446965575218200684e-02,-8.521908521652221680e-02,-9.547561407089233398e-02,-1.427437923848628998e-02,4.213777780532836914e-01,1.013137102127075195e-01,-2.059288136661052704e-02,-1.288688629865646362e-01,3.893010914325714111e-01,-3.428282737731933594e-01,-2.907889783382415771e-01,4.478060454130172729e-02,2.276389747858047485e-01,3.686312735080718994e-01,1.238020882010459900e-01,-3.337397277355194092e-01,7.307925075292587280e-02,4.631177783012390137e-01,1.728247851133346558e-01,-2.524378001689910889e-01,-3.077281117439270020e-01,1.753774136304855347e-01,4.733289778232574463e-02,-2.010162360966205597e-02,-3.346409797668457031e-01,1.823715567588806152e-01,-1.083643138408660889e-01,4.295243322849273682e-02,1.890810020267963409e-02,9.840994328260421753e-02,4.342707097530364990e-01,1.095036044716835022e-01,-2.176406383514404297e-01,4.521917700767517090e-01,-1.192715093493461609e-01,1.349803656339645386e-01,1.664703488349914551e-01,-9.885894507169723511e-02,8.014766126871109009e-02,2.575968801975250244e-01,-3.439605832099914551e-01,3.645582357421517372e-03,-1.312378793954849243e-01,-4.400398135185241699e-01,-1.960028707981109619e-01,-2.094797976315021515e-02,-1.106480956077575684e-01,3.634031489491462708e-02,4.568109214305877686e-01,-7.966291904449462891e-02,1.288043707609176636e-01,3.863371908664703369e-01,-9.406038373708724976e-02,1.076580360531806946e-01,4.095630347728729248e-01,-1.054480448365211487e-01,-6.777427345514297485e-02,-4.388048313558101654e-03,2.463082037866115570e-02,-3.241425752639770508e-02,8.162846416234970093e-02,-2.868022918701171875e-01,-4.642501007765531540e-03,2.649313509464263916e-01,-2.043578177690505981e-01,1.186486557126045227e-01,-2.492943704128265381e-01,2.549876272678375244e-01,1.136784031987190247e-01,-9.144898504018783569e-03,1.387020200490951538e-01,1.430890858173370361e-01,7.919351756572723389e-02,-2.452679872512817383e-01,-4.403046667575836182e-01,-2.574889957904815674e-01,-1.483293771743774414e-01,-3.912898153066635132e-02,-5.550627037882804871e-02,3.177428543567657471e-01,-7.182255387306213379e-02,4.664900898933410645e-01,-3.032565712928771973e-01,2.848768830299377441e-01,9.814552217721939087e-02,3.528577685356140137e-01,-1.708755046129226685e-01,-7.212486863136291504e-02,2.547909021377563477e-01,-3.145978450775146484e-01,-3.998006284236907959e-01,-7.796636968851089478e-02,1.800089627504348755e-01,-2.708011269569396973e-01,3.006323277950286865e-01,-2.375511527061462402e-01,9.268353879451751709e-02,1.823206394910812378e-01,2.194752097129821777e-01,-3.819210082292556763e-02,2.484622299671173096e-01,-2.487102523446083069e-02,1.682751253247261047e-02,-1.741859763860702515e-01,2.461208552122116089e-01,-3.552183806896209717e-01,1.609538346529006958e-01,1.496872752904891968e-01,2.334414049983024597e-02,-2.867525815963745117e-01,1.672079204581677914e-03,1.228893548250198364e-01,1.429563462734222412e-01,-9.377079457044601440e-02,-1.894873008131980896e-02,-1.764202117919921875e-01,7.339444011449813843e-02,-3.903068304061889648e-01,2.213512063026428223e-01,1.206868421286344528e-02,-4.943453371524810791e-01,-2.013926766812801361e-02,-9.605622291564941406e-02,6.740356981754302979e-02,2.464614510536193848e-01,3.945087548345327377e-03,1.429622173309326172e-01,-3.815156593918800354e-02,-3.830163776874542236e-01,-1.212880909442901611e-01,3.522105216979980469e-01,3.922588005661964417e-02,-7.146947085857391357e-02,-1.541529297828674316e-01,-1.320858299732208252e-01,-2.690553963184356689e-01,-1.824633032083511353e-01,-2.284182757139205933e-01,-1.687425523996353149e-01,1.643186658620834351e-01,-4.039880335330963135e-01,6.437052041292190552e-02,2.989496886730194092e-01,-2.030535936355590820e-01,1.453826017677783966e-02,7.922289520502090454e-02,-2.816876769065856934e-02,4.848491400480270386e-02,-8.625406026840209961e-02,4.494037851691246033e-02,2.282535284757614136e-01,1.374514997005462646e-01,4.180447459220886230e-01,-6.876648962497711182e-02,2.441591471433639526e-01,-1.819007843732833862e-02,-1.269545704126358032e-01,1.078967005014419556e-01,2.616767585277557373e-01,2.940454185009002686e-01,1.031120046973228455e-01,-4.870374500751495361e-02,9.532126039266586304e-02,1.267405450344085693e-01,1.202960982918739319e-01,-6.192114204168319702e-02,8.274640887975692749e-02,2.770214974880218506e-01,-2.122923731803894043e-02,5.671157836914062500e-01,3.953731502406299114e-04,-4.639878869056701660e-02,1.127391532063484192e-01,-3.938337787985801697e-02,6.847275048494338989e-02,-9.773844480514526367e-02,-1.434693336486816406e-01,-9.010458015836775303e-04,4.771160334348678589e-02,-1.083481311798095703e-01,-9.739001840353012085e-02,4.053499400615692139e-01,-7.441575080156326294e-02,-3.131826519966125488e-01,7.634066790342330933e-02,2.024609148502349854e-01,-8.273152261972427368e-02,-8.078932017087936401e-02,-7.790692895650863647e-02,3.982348144054412842e-01,-1.006269603967666626e-01,1.077792048454284668e-01,2.461320348083972931e-02,4.144271463155746460e-02,1.086213663220405579e-01,2.449851781129837036e-01,-2.846525013446807861e-01,-2.227840572595596313e-01,2.318355441093444824e-01,2.357548922300338745e-01,-4.475579261779785156e-01,1.507926266640424728e-02,2.509784512221813202e-02,-1.655555889010429382e-02,-2.286223918199539185e-01,-3.607521951198577881e-01,2.483981251716613770e-01,-9.959636628627777100e-02,4.862926155328750610e-02,2.270829165354371071e-03,4.887768924236297607e-01,1.076177358627319336e-01,1.653739660978317261e-01,-3.861182928085327148e-02,2.099946141242980957e-02,2.980239689350128174e-01,3.061469793319702148e-01,-3.331619203090667725e-01,-3.300957083702087402e-01,-4.857617020606994629e-01,2.049878835678100586e-01,2.405548691749572754e-01,1.106743142008781433e-02,1.279852688312530518e-01,-3.379036188125610352e-01,-6.581579893827438354e-02,1.877204477787017822e-01,8.907923102378845215e-02,6.122888997197151184e-02,1.374064087867736816e-01,2.264733463525772095e-01,7.098522037267684937e-02,1.987425386905670166e-01,-1.912153214216232300e-01,-4.920227825641632080e-02,-2.982603013515472412e-01,-1.018613800406455994e-01,9.649748355150222778e-02,1.036926060914993286e-01,6.524533033370971680e-01,1.608700603246688843e-01,-3.842213153839111328e-01,2.126553207635879517e-01,5.390263199806213379e-01,2.840580185875296593e-03,9.032499790191650391e-02,2.481751888990402222e-01,3.046878874301910400e-01,3.685926645994186401e-02,3.335399031639099121e-01,1.106187179684638977e-01,6.631954573094844818e-03,2.321644723415374756e-01,-3.046518564224243164e-01,1.663408130407333374e-01,-1.244767755270004272e-01,-3.375733196735382080e-01,-1.052000895142555237e-01,-1.944122761487960815e-01,1.787858605384826660e-01,9.615008533000946045e-02,-2.537604570388793945e-01,6.192305311560630798e-02,-2.970920503139495850e-02,-4.119298160076141357e-01,-2.559452354907989502e-01,2.730368077754974365e-01,-2.361478209495544434e-01,5.594997480511665344e-02,1.041317656636238098e-01,-2.104182392358779907e-01,-9.133085608482360840e-02,-1.849103569984436035e-01,2.175357937812805176e-01,2.113406956195831299e-01,-5.358477309346199036e-02,-9.125443547964096069e-02,1.335322707891464233e-01,1.417937278747558594e-01,-6.475023031234741211e-01,-2.224810719490051270e-01,-1.960159838199615479e-01,-1.261121481657028198e-01,-9.271810203790664673e-02,8.710135519504547119e-02,-4.175874590873718262e-01,-5.530214309692382812e-02,5.403908714652061462e-02,-2.437570691108703613e-01,-1.635970547795295715e-02,2.038026601076126099e-01,-2.329723685979843140e-01,3.048254363238811493e-02,1.581045091152191162e-01
-5.595923587679862976e-02,2.245100587606430054e-01,4.587667062878608704e-02,1.632117033004760742e-01,-1.964608728885650635e-01,-1.398315429687500000e-01,-2.244858443737030029e-02,-1.227561607956886292e-01,-4.198464751243591309e-01,-3.227051496505737305e-01,-3.792491257190704346e-01,2.946410775184631348e-01,1.500211507081985474e-01,-1.695746183395385742e-01,1.582082957029342651e-01,-3.159106671810150146e-01,4.335525929927825928e-01,5.319904088973999023e-01,1.636578738689422607e-01,-5.669519305229187012e-02,1.226671934127807617e-01,-1.707361936569213867e-01,5.162845253944396973e-01,3.146921098232269287e-01,3.968931734561920166e-01,2.432376295328140259e-01,1.930917650461196899e-01,-2.074241340160369873e-01,-4.742750152945518494e-02,2.453685402870178223e-01,-3.069774992763996124e-02,-9.283305704593658447e-02,1.280989646911621094e-01,-2.851777076721191406e-01,-3.523176163434982300e-02,-2.451128810644149780e-01,2.260604053735733032e-01,-1.793625801801681519e-01,-4.452176392078399658e-01,-1.473231613636016846e-01,9.095001965761184692e-02,-8.223045617341995239e-02,-1.415345817804336548e-01,-3.070841915905475616e-02,1.414883434772491455e-01,-4.333788454532623291e-01,4.905981943011283875e-02,-1.346815824508666992e-01,-8.747860044240951538e-02,-3.278578519821166992e-01,3.207270205020904541e-01,-4.466105699539184570e-01,-1.086169183254241943e-01,-1.394895762205123901e-01,3.790045082569122314e-01,4.947494342923164368e-02,-7.727655768394470215e-02,3.127390518784523010e-02,3.011510372161865234e-01,-1.070584729313850403e-01,4.197038710117340088e-01,-2.929580807685852051e-01,3.174439668655395508e-01,-1.818181872367858887e-01,-2.884133346378803253e-02,-1.981516033411026001e-01,-6.218606978654861450e-02,-2.894766628742218018e-02,-3.723088204860687256e-01,1.988507956266403198e-01,1.359582394361495972e-01,4.355865996330976486e-03,-6.539822369813919067e-02,-4.580054804682731628e-02,-3.228145837783813477e-01,-7.813488692045211792e-02,2.827335149049758911e-02,-1.708633899688720703e-01,-2.455168962478637695e-01,1.464296318590641022e-02,-1.296196281909942627e-01,-1.546515673398971558e-01,5.018823146820068359e-01,2.229953110218048096e-01,-7.004634290933609009e-02,-8.304351358674466610e-04,-7.344747334718704224e-02,1.256141532212495804e-02,-6.293730437755584717e-02,-2.842448949813842773e-01,-7.765014469623565674e-02,-5.397886633872985840e-01,-1.564314663410186768e-01,-1.283815354108810425e-01,1.965189278125762939e-01,-1.190982088446617126e-01,-4.913355223834514618e-03,4.557466208934783936e-01,-8.454540371894836426e-02,-8.126617223024368286e-02,8.379358798265457153e-03,-4.019561409950256348e-02,-3.310011327266693115e-01,-2.839512936770915985e-02,8.016452193260192871e-02,4.845811426639556885e-01,3.141394630074501038e-02,-2.696596384048461914e-01,6.245184540748596191e-01,1.621066965162754059e-02,6.022019982337951660e-01,3.572949767112731934e-01,6.633251905441284180e-02,-5.475150048732757568e-02,-2.866642475128173828e-01,-4.043463990092277527e-02,-1.372729241847991943e-01,-6.938778795301914215e-03,1.547137796878814697e-01,-2.550855875015258789e-01,-2.966214157640933990e-02,7.990306615829467773e-02,1.797160059213638306e-01,3.937636315822601318e-02,9.851215407252311707e-03,-3.435611128807067871e-01,4.089992120862007141e-02,-1.819823086261749268e-01,-1.395677626132965088e-01,1.050201593898236752e-03,1.192202642560005188e-01,-2.134016007184982300e-01,-9.546813555061817169e-03,1.444986164569854736e-01,-2.021677196025848389e-01,-1.152704060077667236e-01,-1.449868679046630859e-01,-1.385411918163299561e-01,9.640844166278839111e-02,-4.942617416381835938e-01,-2.472297996282577515e-01,2.053189426660537720e-01,4.598340094089508057e-01,-6.737054139375686646e-02,-8.023410104215145111e-03,-6.178432330489158630e-02,6.763380765914916992e-02,-1.324215233325958252e-01,-5.117043852806091309e-02,2.897343039512634277e-01,-8.723153173923492432e-02,-1.562461256980895996e-01,1.961241662502288818e-01,4.719968140125274658e-02,-1.890040189027786255e-01,-2.689923644065856934e-01,1.927321851253509521e-01,3.415407985448837280e-02,1.056981757283210754e-01,-3.172810003161430359e-02,-5.268544554710388184e-01,2.187683284282684326e-01,-4.369723498821258545e-01,1.383957266807556152e-01,4.128806591033935547e-01,4.601067006587982178e-01,1.790595203638076782e-01,1.933013349771499634e-01,1.574642509222030640e-01,1.022520214319229126e-01,-8.950126171112060547e-02,-4.712561368942260742e-01,8.592702448368072510e-02,-7.619809359312057495e-02,2.932505607604980469e-01,-5.209051817655563354e-02,-2.580522000789642334e-01,2.839674055576324463e-01,1.504232436418533325e-01,-4.775264486670494080e-02,-6.115836277604103088e-02,1.895393244922161102e-02,1.391958743333816528e-01,6.404945254325866699e-02,-2.051088213920593262e-01,-1.970664709806442261e-01,-5.244880914688110352e-01,1.756037473678588867e-01,-8.632469922304153442e-02,-1.152621358633041382e-01,-1.677271872758865356e-01,-5.431488901376724243e-02,-1.721479594707489014e-01,2.385554611682891846e-01,-2.487620562314987183e-01,-9.885171800851821899e-02,1.129008978605270386e-01,-8.465509861707687378e-02,1.762431859970092773e-01,2.476261407136917114e-01,-1.067448630928993225e-01,1.533791273832321167e-01,-2.985989488661289215e-02,2.782658860087394714e-02,6.126609444618225098e-01,-2.150085419416427612e-01,-4.479196295142173767e-02,3.396290820091962814e-03,-2.253694087266921997e-01,2.013534307479858398e-01,-3.952549695968627930e-01,6.616471707820892334e-02,1.747252419590950012e-02,-1.457092314958572388e-01,-1.565638035535812378e-01,-9.521014243364334106e-02,-3.144561052322387695e-01,-2.638219594955444336e-01,-2.026100410148501396e-03,-2.262416034936904907e-01,1.545491367578506470e-01,2.428235262632369995e-01,4.663386046886444092e-01,2.394866794347763062e-01,6.912658363580703735e-02,-4.931360483169555664e-02,-2.086877971887588501e-01,8.563009649515151978e-02,-2.277019321918487549e-01,-9.785242378711700439e-02,3.327352702617645264e-01,3.354539573192596436e-01,7.526678442955017090e-01,1.041662395000457764e-01,-4.455032572150230408e-02,2.168841809034347534e-01,1.875796169042587280e-01,3.930629417300224304e-02,3.508106768131256104e-01,-2.147616297006607056e-01,1.379587203264236450e-01,2.575612366199493408e-01,2.328843921422958374e-01,7.571784406900405884e-02,4.088868498802185059e-01,-2.353562861680984497e-01,3.197695612907409668e-01,-1.508777737617492676e-01,-4.458883777260780334e-02,6.790662556886672974e-02,1.542930603027343750e-01,1.000221744179725647e-01,9.445171058177947998e-02,1.653808802366256714e-01,-2.692423164844512939e-01,-4.420780241489410400e-01,3.832501545548439026e-02,5.515062212944030762e-01,-3.883262276649475098e-01,2.974274381995201111e-02,-2.773585729300975800e-02,1.765840053558349609e-01,-7.309627532958984375e-02,-1.997528374195098877e-01,-2.976100444793701172e-01,-4.656657576560974121e-01,-1.018434613943099976e-01,-5.318389087915420532e-02,4.500242695212364197e-02,2.870155870914459229e-01,3.030871748924255371e-01,-1.015180870890617371e-01,3.785767853260040283e-01,4.127871692180633545e-01,5.022201687097549438e-02,-3.869602978229522705e-01,-1.002704501152038574e-01,-4.055793285369873047e-01,2.465126290917396545e-02,1.601002961397171021e-01,-9.773310273885726929e-02,-5.981304123997688293e-02,2.879033386707305908e-01,-3.352759405970573425e-02,3.100879192352294922e-01,-3.180829286575317383e-01,6.551343202590942383e-02,2.816198766231536865e-02,9.373699128627777100e-02,3.292673528194427490e-01,9.809755720198154449e-03,1.585342586040496826e-01,-4.342780709266662598e-01,3.510123491287231445e-02,-7.822662591934204102e-02,-2.390897274017333984e-01,1.321442276239395142e-01,1.276367753744125366e-01,2.870554029941558838e-01,-2.872068807482719421e-02,-3.884209394454956055e-01,-2.065030187368392944e-01,6.108104437589645386e-02,-3.714364394545555115e-02,-7.558577507734298706e-02,-6.341537833213806152e-02,-4.912846982479095459e-01,-2.248219549655914307e-01,6.727566942572593689e-03,-3.509046509861946106e-02,-2.869410812854766846e-01,1.315166801214218140e-01,2.672281265258789062e-01,1.654825955629348755e-01,-2.350342087447643280e-02,1.920335739850997925e-01,-2.315345257520675659e-01,-1.302376538515090942e-01,-3.810209631919860840e-01,2.381844967603683472e-01,1.709154993295669556e-01,-9.246984124183654785e-02,2.324741631746292114e-01,3.835380673408508301e-01,1.390951126813888550e-02,4.723623692989349365e-01,1.908956617116928101e-01,-4.280141890048980713e-01,-4.194702208042144775e-01,-2.887187302112579346e-01,6.309419870376586914e-03,-2.995577454566955566e-01,-2.434776127338409424e-01,1.261557489633560181e-01,5.272384285926818848e-01,1.151354461908340454e-01,-1.450152397155761719e-01,-2.206316143274307251e-01,-3.478142619132995605e-01,-2.264989465475082397e-01,3.871893137693405151e-02,2.016462683677673340e-01,2.222773805260658264e-02,1.001537516713142395e-01,4.013237953186035156e-01,3.289935737848281860e-02,3.388775289058685303e-01,-3.066971004009246826e-01,-1.966666877269744873e-01,1.514676958322525024e-01,-4.028824716806411743e-02,1.817329227924346924e-02,1.508733928203582764e-01,1.512942314147949219e-01,-3.244746625423431396e-01,-1.663734763860702515e-01,-1.282863020896911621e-01,-5.511249229311943054e-02,-3.903680741786956787e-01,-4.337839782238006592e-01,-3.713250756263732910e-01,-4.004195630550384521e-01,-2.863529622554779053e-01,-4.178998246788978577e-02,-1.064733415842056274e-01,-1.444830447435379028e-01,2.089641988277435303e-02,-2.147574275732040405e-01,1.072764694690704346e-01,4.205666780471801758e-01,-2.356275171041488647e-01,5.023293495178222656e-01,5.268189683556556702e-02,2.688570618629455566e-01,-5.027405619621276855e-01,-5.520183965563774109e-02,2.878549098968505859e-01,4.529162496328353882e-02,-4.193611815571784973e-02,2.824517488479614258e-01,1.082058027386665344e-01,-1.629035323858261108e-01,-5.042889714241027832e-02,-1.133581921458244324e-01,-2.985670864582061768e-01,-2.154304832220077515e-02,1.036287844181060791e-01,2.293402999639511108e-01,-8.895000815391540527e-02,9.118759073317050934e-03,1.294836699962615967e-01,1.877027750015258789e-01,-1.171871870756149292e-01,-5.606263503432273865e-02,1.609498709440231323e-01,-1.013173013925552368e-01,1.151499226689338684e-01,1.399049186147749424e-03,-4.537865817546844482e-01,-5.935453996062278748e-02,-3.339329957962036133e-01,3.451251611113548279e-02,1.582142859697341919e-01,-1.904641538858413696e-01,1.455974429845809937e-01,-1.757064312696456909e-01,3.577857613563537598e-01,1.006146445870399475e-01,1.470154225826263428e-01,4.383001103997230530e-02,-3.742642104625701904e-01,-1.537044346332550049e-01,-1.673801988363265991e-02,-5.683602392673492432e-02,-2.131591886281967163e-01,-3.837633132934570312e-01,8.080305904150009155e-02,-1.194873377680778503e-01,1.965216360986232758e-02,-2.019781917333602905e-01,-7.732541114091873169e-02,1.084655076265335083e-01,7.599851582199335098e-03,-5.726252123713493347e-02,2.905175685882568359e-01,2.675444781780242920e-01,-1.086913943290710449e-01,2.342681288719177246e-01,6.405626237392425537e-02,-3.789723664522171021e-02,-1.682751476764678955e-01,-3.242741106078028679e-03,-5.140911340713500977e-01,-1.211130246520042419e-02,-1.057549417018890381e-01,-1.753130704164505005e-01,-1.186513155698776245e-01,-1.466777641326189041e-03,-1.804977953433990479e-01,1.100910380482673645e-01,2.257556170225143433e-01,-1.365115642547607422e-01,-2.809527218341827393e-01,2.277495115995407104e-01,1.134716868400573730e-01,3.505836054682731628e-02,-3.442152738571166992e-01,9.894079715013504028e-02,4.429915249347686768e-01,8.775515854358673096e-02,-1.180064603686332703e-01,2.660728096961975098e-01,2.115139365196228027e-02,-8.444128930568695068e-02,3.119446039199829102e-01,-2.252440154552459717e-01,2.042314261198043823e-01,-1.285782083868980408e-03,-1.273355782032012939e-01,-2.283764071762561798e-02,-2.375913262367248535e-01,-1.634722054004669189e-01,8.180406689643859863e-02,3.141364157199859619e-01,-3.145770169794559479e-03,1.377122402191162109e-01,1.097644865512847900e-01,3.519439101219177246e-01,6.782406568527221680e-02,-9.507873654365539551e-02,1.686894595623016357e-01,5.182434916496276855e-01,-1.690838038921356201e-01,5.021419376134872437e-02,3.009400367736816406e-01,-3.195652961730957031e-01,2.231418490409851074e-01,-2.376032061874866486e-02,3.120694756507873535e-01,3.920508325099945068e-01,-2.500717155635356903e-02,-3.011635243892669678e-01,1.651675999164581299e-01,-3.963484242558479309e-02,8.294038474559783936e-02,-7.858199626207351685e-02,5.219713598489761353e-02,6.887833029031753540e-02,-4.014606773853302002e-01,-4.608314037322998047e-01,-9.854400902986526489e-02,2.817477583885192871e-01,-1.272826176136732101e-02,-1.717935353517532349e-01,-1.402051746845245361e-01,-1.319551020860671997e-01,1.038227528333663940e-01,-1.683024875819683075e-02,-5.148723348975181580e-02,2.368350178003311157e-01,-4.386654589325189590e-03,-2.206318527460098267e-01,-9.689002484083175659e-02,-1.432647556066513062e-01,-1.965087205171585083e-01,-1.475990712642669678e-01,2.114242613315582275e-01,-6.547383964061737061e-02,-5.542683228850364685e-02,3.579175472259521484e-01,-4.435243010520935059e-01,1.724648103117942810e-02,-1.763270348310470581e-01,-1.619261801242828369e-01,-4.059802368283271790e-02,2.986381202936172485e-02,-5.531347990036010742e-01,2.291997373104095459e-01,-7.641013711690902710e-02,2.613818347454071045e-01,-4.597259759902954102e-01,2.066807597875595093e-01,3.198820948600769043e-01,5.150104761123657227e-01,-1.260318607091903687e-01,3.997251018881797791e-02,1.748581677675247192e-01,-1.248703524470329285e-01,-4.393292963504791260e-02,1.056248694658279419e-01,-1.088293194770812988e-01,4.658641293644905090e-02,2.302899211645126343e-02,1.695926189422607422e-01,2.020481601357460022e-02,1.934531182050704956e-01,1.816052645444869995e-01,-4.314015060663223267e-02,-7.866447418928146362e-02,9.448353946208953857e-02,-1.167676448822021484e-01,-1.582943950779736042e-03,-1.844660043716430664e-01,6.479162722826004028e-02,-6.303261965513229370e-02,2.143548578023910522e-01,-4.374056458473205566e-01,-2.100214064121246338e-01,-1.357993781566619873e-01,2.476249076426029205e-02,1.563677787780761719e-01,-2.356437295675277710e-01,-8.678149431943893433e-02,-4.042565450072288513e-02,1.941325366497039795e-01,-4.695956110954284668e-01,-4.396098256111145020e-01,2.729577720165252686e-01,8.476337790489196777e-02,-1.162509769201278687e-01,1.760100275278091431e-01,-4.273417592048645020e-02,-4.068591818213462830e-02,2.939458787441253662e-01,4.990180730819702148e-01,1.297784000635147095e-01,-4.056534469127655029e-01,4.731753468513488770e-02,-2.925181388854980469e-01,-8.671147376298904419e-02,2.704795897006988525e-01,-1.178198754787445068e-01,3.100334405899047852e-01,-4.466368630528450012e-02,-9.926399588584899902e-02,1.857428103685379028e-01,4.185362905263900757e-02,-3.982550501823425293e-01,-3.330228328704833984e-01,-5.133846774697303772e-02,1.695078313350677490e-01,5.056976079940795898e-01,3.255757689476013184e-02,5.459980294108390808e-02,5.976390093564987183e-02,4.689481556415557861e-01,1.912948489189147949e-01,3.227472603321075439e-01,-1.993758380413055420e-01,8.030051738023757935e-02,-4.783908724784851074e-01,7.446603477001190186e-02,-1.942692399024963379e-01,3.505943715572357178e-02,3.260535001754760742e-01,-5.524122714996337891e-02,2.638340592384338379e-01,3.210648000240325928e-01,2.050746083259582520e-01,1.187743768095970154e-01,-2.878775894641876221e-01,6.672684103250503540e-02,-8.741185814142227173e-02,5.470437556505203247e-02,-5.621559619903564453e-01,-5.071261897683143616e-02,-4.051923751831054688e-01,5.311988592147827148e-01,-8.712802082300186157e-02,1.667116284370422363e-01,-1.022858247160911560e-01,-3.982616364955902100e-01,7.678355276584625244e-02,1.694143414497375488e-01,3.668254017829895020e-01,-2.299912124872207642e-01,-3.816772401332855225e-01,2.447337284684181213e-02,-3.223609924316406250e-02,-3.754668235778808594e-01,2.498241364955902100e-01,6.252758204936981201e-02,-2.515937983989715576e-01,1.757269501686096191e-01,1.110957860946655273e-01,-7.211952470242977142e-03,-3.683554530143737793e-01,1.929645538330078125e-01,-1.119020953774452209e-01,-2.740797400474548340e-01,2.585984170436859131e-01,-1.365783214569091797e-01,7.892322540283203125e-02,1.263977289199829102e-01,1.692792214453220367e-02,-9.631784260272979736e-02,-7.058042287826538086e-02,-1.051873564720153809e-01,8.042137324810028076e-02,1.658663451671600342e-01,-3.340324386954307556e-02,-6.545058451592922211e-03,3.818650543689727783e-02,-3.606215864419937134e-02,1.245976388454437256e-01,2.473845332860946655e-01,-5.174860358238220215e-01,-5.618137493729591370e-02,-8.251314051449298859e-03,3.446491435170173645e-02,1.421155780553817749e-02,2.801725864410400391e-01,3.069009184837341309e-01,4.273679852485656738e-02,9.482044726610183716e-02,-2.381535917520523071e-01,1.909135878086090088e-01,3.855430483818054199e-01,4.304450377821922302e-02,7.259933352470397949e-01,-1.376106142997741699e-01,4.419787600636482239e-02,-6.290144473314285278e-02,2.160436213016510010e-01,1.999043077230453491e-01,-6.675353050231933594e-01,5.256778001785278320e-01,-1.228523999452590942e-02,-4.492913186550140381e-01,-9.449538588523864746e-02,-1.646640449762344360e-01,2.962215542793273926e-01,2.108562588691711426e-01,3.782854676246643066e-01,1.347957924008369446e-02,-3.299196064472198486e-01,2.852503359317779541e-01,2.682758271694183350e-01,2.413680702447891235e-01,-4.202368557453155518e-01,4.113150015473365784e-02,2.653291821479797363e-01,3.073128461837768555e-01,3.883190453052520752e-01,1.063087135553359985e-01,4.956754390150308609e-03,-4.771264735609292984e-03,-9.176360070705413818e-02,-4.190010130405426025e-01,-6.906469911336898804e-02,-1.815341413021087646e-01,9.198714047670364380e-02,1.574546545743942261e-01,4.326443672180175781e-01,-2.665464878082275391e-01,-4.488938674330711365e-02,4.578824341297149658e-01,1.057355254888534546e-01,1.635459810495376587e-01,-1.205983534455299377e-01,-2.260055691003799438e-01,3.085002005100250244e-01,1.703541278839111328e-01,-1.475493609905242920e-01,7.725235074758529663e-02,8.134579658508300781e-02,3.761245682835578918e-02,1.609778963029384613e-02,-2.410221695899963379e-01,-2.640868127346038818e-01,1.670465916395187378e-01,-6.232696399092674255e-02,-5.425140261650085449e-01,-3.134206831455230713e-01,6.719165295362472534e-02,1.716967485845088959e-02,-1.465071439743041992e-01,1.181329563260078430e-01,1.494308002293109894e-02,2.952619493007659912e-01,-1.045112218707799911e-02,-1.476727575063705444e-01,1.854817196726799011e-02,-1.899853497743606567e-01,-1.783059835433959961e-01,2.025681883096694946e-01,1.540967146866023540e-03,2.414678484201431274e-01,2.235475331544876099e-01,4.270695894956588745e-02,-2.605010867118835449e-01,2.270485013723373413e-01,3.083349764347076416e-02,3.342079818248748779e-01,-3.285628855228424072e-01,4.281166493892669678e-01,1.145829409360885620e-01,-4.609828293323516846e-01,-1.541139334440231323e-01,2.824316322803497314e-01,-1.288330256938934326e-01,-2.126943171024322510e-01,2.975046932697296143e-01,-8.178399875760078430e-03,1.155114173889160156e-01,1.518835872411727905e-02,2.328665505046956241e-05,-2.801305353641510010e-01,-2.792329713702201843e-02,-1.796262525022029877e-02,5.085664242506027222e-02,1.367507725954055786e-01,1.701868772506713867e-01,1.350361108779907227e-01,-3.254325687885284424e-01,1.410170793533325195e-01,3.774881735444068909e-02,-1.620441079139709473e-01,3.130635917186737061e-01,-3.132489323616027832e-01,-4.100542962551116943e-01,-3.601283729076385498e-01,-3.096536397933959961e-01,2.743253484368324280e-02,-7.789813727140426636e-02,3.443018794059753418e-01,-2.943576276302337646e-01,-9.989871084690093994e-02
1.724305301904678345e-01,9.025820344686508179e-02,-8.448775857686996460e-02,2.051889598369598389e-01,1.292048096656799316e-01,-2.215752452611923218e-01,-9.190842509269714355e-02,-7.212924957275390625e-02,-1.832478679716587067e-02,-1.645465046167373657e-01,1.788582205772399902e-01,-1.305435132235288620e-02,-2.183506190776824951e-01,4.838752001523971558e-02,7.212649285793304443e-02,3.277639448642730713e-01,-1.492749899625778198e-01,1.402892731130123138e-02,-4.647770896553993225e-02,-4.869564727414399385e-04,2.552447915077209473e-01,-9.693943709135055542e-02,1.154485940933227539e-01,-2.903348207473754883e-02,-1.498012840747833252e-01,-4.629942774772644043e-01,-1.889573186635971069e-01,-2.613885104656219482e-01,1.611171364784240723e-01,-3.857961893081665039e-01,-8.755709044635295868e-03,-2.394064664840698242e-01,2.044654637575149536e-02,2.797477841377258301e-01,-9.828150272369384766e-02,1.369689591228961945e-02,1.706451326608657837e-01,8.667427301406860352e-02,6.807044148445129395e-02,-1.670520603656768799e-01,-1.692995578050613403e-01,-5.373879894614219666e-02,2.352784872055053711e-01,2.582867443561553955e-01,-1.451697200536727905e-01,3.868104517459869385e-02,-1.977319642901420593e-02,-2.063054032623767853e-02,3.641198202967643738e-02,1.745672076940536499e-01,-6.674007326364517212e-02,8.903033286333084106e-02,-1.573655158281326294e-01,-1.661454886198043823e-01,4.323632642626762390e-02,-2.682219445705413818e-01,-2.249319702386856079e-01,-1.374251395463943481e-01,1.543010473251342773e-01,-3.692425414919853210e-02,-2.155883610248565674e-02,-1.041482854634523392e-02,3.238457813858985901e-02,1.358765512704849243e-01,2.138585299253463745e-01,-4.734640568494796753e-02,-1.009379997849464417e-01,7.454422861337661743e-02,-3.232427313923835754e-02,-1.035364717245101929e-02,-1.310337930917739868e-01,2.992528118193149567e-02,-1.621924787759780884e-01,-2.156469374895095825e-01,-7.698965072631835938e-02,7.862979918718338013e-02,-1.002451479434967041e-01,3.328309655189514160e-01,3.802086785435676575e-02,1.294714808464050293e-01,2.173562496900558472e-01,-6.536397337913513184e-02,-5.952505860477685928e-03,-7.755635678768157959e-02,1.379006356000900269e-02,1.962414756417274475e-02,1.114447712898254395e-01,-3.667507320642471313e-02,-4.552622511982917786e-02,-1.210189890116453171e-02,2.312419265508651733e-01,2.569636702537536621e-01,-5.973003059625625610e-02,2.673182785511016846e-01,-1.261786669492721558e-01,-1.194650605320930481e-01,2.498198002576828003e-01,-2.634492218494415283e-01,3.658403875306248665e-03,-1.051077768206596375e-01,-4.393125325441360474e-02,-2.643789947032928467e-01,-1.786246895790100098e-01,3.205513358116149902e-01,-1.011545583605766296e-01,6.070550158619880676e-02,-4.812258854508399963e-02,3.369610607624053955e-01,2.656452059745788574e-01,1.235170736908912659e-01,7.589381420984864235e-04,-2.849209904670715332e-01,9.094421565532684326e-02,-4.403560608625411987e-02,6.446918100118637085e-02,-2.038276381790637970e-02,2.897055633366107941e-02,-8.772016735747456551e-05,1.772805899381637573e-01,-6.957536097615957260e-03,5.355685949325561523e-02,2.052439004182815552e-01,-2.604918777942657471e-01,-9.793050587177276611e-02,-9.833857417106628418e-02,2.270486801862716675e-01,2.823876440525054932e-01,1.435213983058929443e-01,6.754342466592788696e-02,-5.495997518301010132e-02,-4.447941854596138000e-02,5.990928038954734802e-03,-5.866434425115585327e-02,2.570030689239501953e-01,5.803091078996658325e-02,-1.699437270872294903e-03,1.471833586692810059e-01,1.079875230789184570e-01,-1.363062113523483276e-01,2.252342402935028076e-01,-1.529862284660339355e-01,-2.409398369491100311e-02,-1.771749854087829590e-01,-1.099004074931144714e-01,2.765446156263351440e-02,7.633584737777709961e-02,6.562625616788864136e-02,3.395719826221466064e-01,-1.502396017313003540e-01,-1.880840510129928589e-01,1.207163408398628235e-01,1.026078090071678162e-01,-5.969391670078039169e-03,6.051220225344877690e-06,2.386062443256378174e-01,-4.339563311077654362e-04,8.187006227672100067e-03,1.851007342338562012e-02,-6.476280093193054199e-02,-8.264539390802383423e-02,-3.678610920906066895e-02,-1.139983460307121277e-01,4.355601500719785690e-03,3.713752701878547668e-02,1.562849134206771851e-01,-3.114122152328491211e-01,-2.926179021596908569e-02,1.276731342077255249e-01,-2.242642343044281006e-01,3.321266919374465942e-02,-2.878557741641998291e-01,-5.602649971842765808e-02,5.210408568382263184e-02,6.563221663236618042e-02,-3.115590214729309082e-01,7.608622312545776367e-03,4.558441415429115295e-02,-1.191747933626174927e-01,-2.884733974933624268e-01,-2.777886949479579926e-02,-1.755538433790206909e-01,1.160307973623275757e-01,1.091574430465698242e-01,3.782950341701507568e-03,-2.040246874094009399e-01,1.174411624670028687e-01,-8.968290686607360840e-02,1.314468979835510254e-01,-2.825549803674221039e-02,1.393084414303302765e-03,1.430769078433513641e-02,8.125372231006622314e-02,1.604731529951095581e-01,-9.396833926439285278e-02,-1.233838051557540894e-01,2.374778538942337036e-01,-6.568074971437454224e-02,2.962051033973693848e-01,3.069388307631015778e-02,2.631028294563293457e-01,-2.156561939045786858e-03,2.304529584944248199e-02,4.438792169094085693e-02,-8.026106655597686768e-02,2.198945283889770508e-01,2.877613604068756104e-01,-2.993369400501251221e-01,-2.155630290508270264e-01,1.642409116029739380e-01,-7.432058337144553661e-04,1.649520546197891235e-01,1.207853388041257858e-02,-7.255508005619049072e-02,-1.930824853479862213e-02,-6.422548741102218628e-02,-4.394640401005744934e-02,-3.081606514751911163e-02,-8.623698353767395020e-02,-3.370015649124979973e-03,5.873545259237289429e-02,-1.685878038406372070e-01,-1.135045215487480164e-01,-2.048052102327346802e-01,4.268490895628929138e-02,6.568299233913421631e-02,-3.279533609747886658e-02,-9.242367744445800781e-02,5.026220809668302536e-03,-1.694184541702270508e-01,8.461372554302215576e-02,-3.043355420231819153e-02,-2.774454839527606964e-02,-2.723876014351844788e-02,-1.126866564154624939e-01,1.675185710191726685e-01,6.924528628587722778e-02,2.083637565374374390e-01,4.892972856760025024e-02,-1.404913514852523804e-01,-2.309526801109313965e-01,1.713965237140655518e-01,-1.904083192348480225e-01,2.038561552762985229e-02,-1.326118558645248413e-01,-6.049402058124542236e-02,-2.401357740163803101e-01,-1.505335420370101929e-01,-3.488165512681007385e-02,-6.694319844245910645e-02,3.562423288822174072e-01,-1.811793893575668335e-01,-4.365053772926330566e-02,3.427369147539138794e-02,-1.589662879705429077e-01,2.256281673908233643e-01,2.483201585710048676e-02,-1.238759048283100128e-02,-1.878106296062469482e-01,-1.654520928859710693e-01,3.110317885875701904e-02,1.715328730642795563e-02,1.426414698362350464e-01,-6.694644689559936523e-02,-1.946968585252761841e-01,-1.922296881675720215e-01,-2.394890338182449341e-01,-1.752847060561180115e-02,1.858695596456527710e-01,-4.799774289131164551e-02,-8.658440411090850830e-02,1.059838533401489258e-01,2.370086312294006348e-01,-2.318992912769317627e-01,-2.307908236980438232e-01,-1.620381325483322144e-01,-7.123558223247528076e-02,-7.402292639017105103e-02,7.718636840581893921e-02,4.364125430583953857e-02,-2.573990821838378906e-01,-7.632064819335937500e-02,-5.933769419789314270e-02,2.332172244787216187e-01,-1.242459639906883240e-01,1.432693749666213989e-01,-5.949267651885747910e-03,-7.335788756608963013e-02,-1.086767613887786865e-01,1.464099436998367310e-01,-2.040938287973403931e-01,-2.408506907522678375e-02,2.252126932144165039e-01,-4.344126675277948380e-03,-4.748020786792039871e-03,-8.710378408432006836e-02,3.050914220511913300e-02,1.167825050652027130e-02,-1.329962313175201416e-01,-4.553641006350517273e-02,-1.204653605818748474e-01,-1.176647469401359558e-02,4.894379526376724243e-02,1.462835669517517090e-01,-6.935204565525054932e-02,-1.024649366736412048e-01,8.941259235143661499e-02,-4.624681919813156128e-02,-8.450883626937866211e-02,-1.988550275564193726e-02,7.796644419431686401e-02,-2.668948471546173096e-01,-1.526067554950714111e-01,-5.829500779509544373e-02,-6.192126125097274780e-02,-1.199259161949157715e-01,-1.981646120548248291e-01,5.640091747045516968e-02,-1.298799179494380951e-02,1.328983157873153687e-01,-1.003464907407760620e-01,2.638157308101654053e-01,-4.928813129663467407e-02,2.371595352888107300e-01,-1.696893870830535889e-01,2.150328010320663452e-01,-1.417948752641677856e-01,-8.108112215995788574e-02,1.269370764493942261e-01,3.523987904191017151e-02,-3.505070134997367859e-02,-5.680322647094726562e-02,1.004842221736907959e-01,9.012611582875251770e-03,-2.592264711856842041e-01,-9.032107144594192505e-02,1.623033583164215088e-01,-1.005724966526031494e-01,-1.299992203712463379e-01,1.927997767925262451e-01,-1.835980117321014404e-01,3.980241715908050537e-02,-2.024721503257751465e-01,4.115234687924385071e-02,-1.723305555060505867e-03,-1.107024103403091431e-01,-7.336101494729518890e-03,3.196828439831733704e-02,-1.445782929658889771e-01,-1.356052905321121216e-01,-2.923732399940490723e-01,-6.496393680572509766e-02,5.860391538590192795e-03,1.260230243206024170e-01,-2.699631452560424805e-01,-1.278782635927200317e-01,-5.048659071326255798e-02,1.979641430079936981e-02,-1.248447373509407043e-01,1.381124109029769897e-01,4.313764572143554688e-01,-1.227732449769973755e-01,-4.965201020240783691e-02,-1.308046374469995499e-02,4.747091978788375854e-02,1.733673512935638428e-01,3.304466307163238525e-01,1.923695653676986694e-01,2.234061211347579956e-01,1.192786097526550293e-01,8.134172856807708740e-02,-1.820292323827743530e-01,-2.528904378414154053e-02,4.228270053863525391e-02,-2.896948158740997314e-01,-1.196254193782806396e-01,2.902326546609401703e-02,1.291478276252746582e-01,1.322181969881057739e-01,2.064068168401718140e-01,-2.638693451881408691e-01,-5.122435092926025391e-02,2.104889042675495148e-02,6.441414356231689453e-02,-1.041134074330329895e-01,4.233235418796539307e-01,-1.744930446147918701e-01,-4.304154962301254272e-02,-1.232196539640426636e-01,-2.044146806001663208e-01,-8.157991804182529449e-03,-2.128691226243972778e-02,4.048609361052513123e-02,1.129929572343826294e-01,-3.308710157871246338e-01,-1.308762878179550171e-01,-1.092291530221700668e-02,3.495557233691215515e-02,1.276580095291137695e-01,-4.818398505449295044e-02,-2.801958844065666199e-02,1.127581968903541565e-01,1.692834496498107910e-01,1.695308983325958252e-01,-6.754279881715774536e-02,8.319652825593948364e-02,-9.685583412647247314e-02,-5.307739600539207458e-02,9.510076045989990234e-02,-1.326788067817687988e-01,-2.241377383470535278e-01,1.188871785998344421e-01,8.396151824854314327e-04,-1.162106096744537354e-01,-8.602710068225860596e-02,2.484807819128036499e-01,-2.976915538311004639e-01,-1.509106308221817017e-01,1.483101695775985718e-01,7.894962280988693237e-02,8.142224699258804321e-02,2.204166492447257042e-03,-7.180616259574890137e-02,1.489505767822265625e-01,4.676862359046936035e-01,2.520676553249359131e-01,1.098736450076103210e-01,-2.187135666608810425e-01,-4.175858572125434875e-02,-3.110640645027160645e-01,1.487836837768554688e-01,1.934783160686492920e-01,-7.872822880744934082e-02,1.991213411092758179e-01,-9.055257774889469147e-03,-1.800384074449539185e-01,-1.361207067966461182e-01,-5.381570756435394287e-02,-5.367536842823028564e-02,8.860749006271362305e-02,1.396870911121368408e-01,1.925678104162216187e-01,-3.964741248637437820e-03,2.275418490171432495e-01,-8.645238727331161499e-02,-2.067930400371551514e-01,1.353727933019399643e-02,1.728180497884750366e-01,5.124779939651489258e-01,2.618593871593475342e-01,1.502209901809692383e-01,4.181732609868049622e-02,9.218715131282806396e-02,-2.093292400240898132e-02,-9.674099832773208618e-02,2.677405476570129395e-01,-6.981818377971649170e-02,-3.462160751223564148e-02,-2.619009912014007568e-01,2.992098778486251831e-02,-5.861541628837585449e-02,2.626748085021972656e-01,2.761472463607788086e-01,-1.300995647907257080e-01,-2.309264838695526123e-01,-6.393978744745254517e-02,1.659980714321136475e-01,-1.623939573764801025e-01,-1.846994161605834961e-01,1.060335040092468262e-01,-1.103029921650886536e-01,6.850096862763166428e-03,-4.615172278136014938e-03,-1.547550708055496216e-01,1.023012027144432068e-01,1.102257892489433289e-01,-9.722146391868591309e-02,1.196804419159889221e-01,9.774064272642135620e-02,3.963192552328109741e-02,-6.400935351848602295e-02,-7.201430201530456543e-02,4.638428241014480591e-02,-2.577788196504116058e-02,1.328194439411163330e-01,-8.979968726634979248e-03,-1.503672003746032715e-01,5.921793356537818909e-02,-2.220384478569030762e-01,1.851145327091217041e-01,6.865146011114120483e-02,-1.621786206960678101e-01,-6.939455866813659668e-02,-3.206622898578643799e-01,-5.157490074634552002e-02,6.928887218236923218e-02,-1.408694982528686523e-01,2.883530780673027039e-02,-5.348998308181762695e-02,7.756534218788146973e-02,-4.690072312951087952e-02,-2.278596013784408569e-01,-2.369096875190734863e-02,-1.381559222936630249e-01,-7.427009195089340210e-02,-1.623304486274719238e-01,2.247434258460998535e-01,-2.180489301681518555e-01,-6.433176994323730469e-02,7.823720574378967285e-02,-2.237504571676254272e-01,-1.511353552341461182e-01,1.097602918744087219e-01,1.467189192771911621e-01,-7.663407921791076660e-02,2.272841781377792358e-01,1.308823227882385254e-01,3.454464972019195557e-01,1.803513169288635254e-01,1.085299551486968994e-01,3.782961750403046608e-03,-9.738809615373611450e-02,3.777144104242324829e-02,-1.521865371614694595e-02,-1.684968322515487671e-01,-1.999955857172608376e-03,-3.389923274517059326e-02,6.719169765710830688e-02,-5.436792597174644470e-02,1.833713650703430176e-01,2.076544165611267090e-01,-1.773018836975097656e-01,-4.745810851454734802e-02,-2.205775082111358643e-01,-1.416749805212020874e-01,8.364934474229812622e-02,1.246381364762783051e-02,1.309679541736841202e-02,-1.814877986907958984e-01,-1.140769720077514648e-01,-1.216808333992958069e-02,8.882607519626617432e-02,-1.480166167020797729e-01,4.751119017601013184e-02,1.794809252023696899e-01,-2.197412103414535522e-01,-1.529044061899185181e-01,1.500996481627225876e-02,-8.690769970417022705e-02,-1.282149106264114380e-01,2.592179477214813232e-01,3.871432319283485413e-02,2.974741160869598389e-01,-3.941392898559570312e-01,2.424376783892512321e-03,2.088483721017837524e-01,-5.326122511178255081e-03,1.765442453324794769e-02,-1.631326973438262939e-01,2.319058217108249664e-02,4.191085696220397949e-01,-1.490961760282516479e-01,3.766905665397644043e-01,1.480185389518737793e-01,6.079538259655237198e-03,-2.679011225700378418e-01,-2.176105380058288574e-01,-2.058598585426807404e-02,2.580271065235137939e-01,-2.444765903055667877e-02,-6.529780477285385132e-02,-3.250035047531127930e-01,-1.072085872292518616e-01,-3.770169615745544434e-02,-2.781280577182769775e-01,-2.544455528259277344e-01,1.327769756317138672e-01,1.216803044080734253e-01,1.983273960649967194e-02,-5.775508657097816467e-02,1.765235364437103271e-01,1.526376418769359589e-02,-2.556323707103729248e-01,7.124648988246917725e-02,5.881632864475250244e-02,-8.826113305985927582e-03,-6.362239830195903778e-03,1.966074667870998383e-02,1.549202501773834229e-01,-2.282998524606227875e-02,1.898815929889678955e-01,-2.802481316030025482e-02,5.246106162667274475e-02,6.642739474773406982e-02,-9.908261708915233612e-04,-1.099414825439453125e-01,9.228171408176422119e-02,-4.638667777180671692e-02,-2.463899850845336914e-01,-2.896547317504882812e-01,-7.545936107635498047e-02,7.338874787092208862e-02,2.383497916162014008e-02,4.450840875506401062e-02,-2.481773644685745239e-01,-3.219262580387294292e-04,3.333909437060356140e-02,1.217748597264289856e-01,5.971386097371578217e-03,1.868994981050491333e-01,-1.636596024036407471e-01,1.908151954412460327e-01,-7.552850246429443359e-02,2.277212142944335938e-01,1.284513026475906372e-01,-1.598045974969863892e-02,-1.071321964263916016e-01,2.439395040273666382e-01,4.972890391945838928e-02,-1.864191889762878418e-02,-1.334693282842636108e-01,3.662626817822456360e-02,-1.798579096794128418e-01,3.199146389961242676e-01,6.272619962692260742e-02,-2.114274352788925171e-01,1.408262401819229126e-01,3.037189543247222900e-01,-5.453888792544603348e-03,-5.601754784584045410e-02,1.923494786024093628e-01,-8.801027387380599976e-02,-1.555118858814239502e-01,1.325449645519256592e-01,-1.060533225536346436e-01,3.276699408888816833e-02,-4.125129897147417068e-03,-1.190971359610557556e-01,9.042195230722427368e-02,1.115836203098297119e-02,3.774311393499374390e-02,-1.932560205459594727e-01,-1.946097984910011292e-02,4.776718467473983765e-02,-2.767839729785919189e-01,2.363568544387817383e-01,-1.733255237340927124e-01,3.079241141676902771e-02,1.289894580841064453e-01,-1.756633967161178589e-01,-3.354464471340179443e-02,1.949761062860488892e-01,8.400931954383850098e-02,1.154780015349388123e-01,-2.882452905178070068e-01,1.330257765948772430e-02,1.342252194881439209e-01,3.716286271810531616e-02,1.899948120117187500e-01,-4.409744963049888611e-02,-2.617571651935577393e-01,-2.273574620485305786e-01,-1.667134314775466919e-01,9.262844175100326538e-02,1.746709048748016357e-01,-1.107759401202201843e-01,1.147776469588279724e-01,-1.533542275428771973e-01,2.051149494946002960e-02,1.369430422782897949e-01,1.832819879055023193e-01,-1.065821126103401184e-01,-7.046477496623992920e-02,3.234728006646037102e-03,1.909693330526351929e-02,3.982789516448974609e-01,1.693385541439056396e-01,-1.199091821908950806e-01,-6.865770369768142700e-02,1.844464391469955444e-01,2.277875095605850220e-01,-1.133143976330757141e-01,3.098869323730468750e-01,1.023432090878486633e-01,7.416851818561553955e-02,-1.427298784255981445e-01,9.217401593923568726e-02,-6.139120832085609436e-02,-1.198631972074508667e-01,2.073485963046550751e-02,-1.075476221740245819e-02,-2.132983505725860596e-01,7.286683470010757446e-02,1.494172662496566772e-01,-6.576115638017654419e-02,-1.730687022209167480e-01,1.999528706073760986e-01,-4.593673348426818848e-02,-1.055124476552009583e-01,3.419973254203796387e-01,1.780856549739837646e-01,-6.303759664297103882e-02,-1.117903813719749451e-01,-1.129396557807922363e-01,4.759205970913171768e-03,-1.703305095434188843e-01,1.655832082033157349e-01,-5.269193649291992188e-02,2.504355311393737793e-01,8.438750356435775757e-02,-1.981408894062042236e-02,-2.350968122482299805e-01,-1.718363612890243530e-01,1.899344623088836670e-01,-2.084428630769252777e-02,2.606224641203880310e-02,-4.698505252599716187e-02,3.215686082839965820e-01,2.461621724069118500e-02,-1.592230796813964844e-01,9.103387594223022461e-02,-1.157905235886573792e-01,2.377304993569850922e-02,-7.060781866312026978e-02,7.199406623840332031e-02,-1.848441958427429199e-01,1.408376544713973999e-01,-3.125963211059570312e-01,-1.501795947551727295e-01,-2.418518215417861938e-01,-5.027582868933677673e-02,-9.234226308763027191e-03,5.713774636387825012e-02,1.304959133267402649e-02,2.700864374637603760e-01,2.738610208034515381e-01,3.387468755245208740e-01,8.265575021505355835e-02,-2.182786166667938232e-01,4.406384658068418503e-03,7.887280732393264771e-02,4.391996189951896667e-02,1.392025500535964966e-01,-4.992364048957824707e-01,4.599647521972656250e-01,3.104185461997985840e-01,1.591158360242843628e-01,-4.482785239815711975e-02,-8.502105623483657837e-02,-2.214905321598052979e-01,-1.709904372692108154e-01,-1.641377806663513184e-01,-3.346479311585426331e-02,1.613136678934097290e-01,3.178344368934631348e-01,5.475459992885589600e-02,3.300435096025466919e-02,1.602614521980285645e-01,2.653825581073760986e-01,1.226836070418357849e-02,-1.535833179950714111e-01,-5.899343639612197876e-02,1.276775747537612915e-01,1.282595191150903702e-02,1.519428789615631104e-01,2.910451591014862061e-01,1.166618540883064270e-01,2.454551458358764648e-01,-2.895433306694030762e-01
-1.851180791854858398e-01,3.292627930641174316e-01,-3.453078120946884155e-02,3.054914474487304688e-01,2.027606815099716187e-01,7.142353802919387817e-02,-7.959529012441635132e-02,1.224642526358366013e-02,5.607181042432785034e-02,1.455420106649398804e-01,8.858369290828704834e-02,3.267195820808410645e-02,2.723011374473571777e-02,8.075197786092758179e-02,-1.775998435914516449e-02,-1.125608906149864197e-01,1.363554149866104126e-01,-6.891594827175140381e-02,8.597234636545181274e-02,3.170790970325469971e-01,1.161993294954299927e-01,3.089955449104309082e-01,-1.775759756565093994e-01,-6.830938160419464111e-02,-1.273872554302215576e-01,3.959684446454048157e-02,7.007575780153274536e-02,-1.129820942878723145e-01,-2.551337480545043945e-01,-3.498060628771781921e-02,1.643127202987670898e-01,-4.101234972476959229e-01,9.471672773361206055e-02,6.852769851684570312e-02,-1.157404272817075253e-03,1.161013916134834290e-01,-1.306395530700683594e-01,-3.197083175182342529e-01,3.034334480762481689e-01,8.591462671756744385e-02,5.859299749135971069e-02,1.678316742181777954e-01,-2.298601865768432617e-01,-2.632843330502510071e-02,-2.670089304447174072e-01,1.700864285230636597e-01,-2.302476763725280762e-01,2.350508719682693481e-01,-7.973365485668182373e-02,-4.616907611489295959e-02,-4.240831434726715088e-01,2.298696190118789673e-01,7.087887078523635864e-02,1.082871034741401672e-01,3.943584486842155457e-02,2.053762525320053101e-01,1.815663278102874756e-01,-1.753273457288742065e-01,2.095850855112075806e-01,1.006164923310279846e-01,-2.991118934005498886e-03,3.217785060405731201e-02,-4.341013729572296143e-01,3.532295301556587219e-02,-3.007275797426700592e-02,8.266533166170120239e-02,3.433879613876342773e-01,9.498305618762969971e-02,-1.930139660835266113e-01,-4.887807369232177734e-02,2.242260873317718506e-01,5.824798718094825745e-02,2.244738489389419556e-01,-6.495868414640426636e-02,3.477323427796363831e-02,2.215780317783355713e-01,-2.003930695354938507e-02,1.250415891408920288e-01,8.697322756052017212e-02,-4.722613468766212463e-02,-2.151678800582885742e-01,1.255154460668563843e-01,2.793163992464542389e-02,-1.884835213422775269e-01,-1.570921093225479126e-01,-1.105934288352727890e-02,-1.005054488778114319e-01,-1.594969630241394043e-02,1.624537110328674316e-01,-5.828690901398658752e-02,1.219193786382675171e-01,3.076272308826446533e-01,-5.466244369745254517e-02,-1.373548656702041626e-01,1.261988729238510132e-01,-8.144257962703704834e-02,-4.768827557563781738e-02,-3.211618959903717041e-02,-2.062770128250122070e-01,1.798337548971176147e-01,2.403841167688369751e-02,8.662970364093780518e-02,1.401088833808898926e-01,-1.380960494279861450e-01,1.565473973751068115e-01,3.413055092096328735e-02,-1.508557889610528946e-02,-1.768463701009750366e-01,-1.359023302793502808e-01,9.994699805974960327e-02,1.069442406296730042e-01,1.023301854729652405e-01,-2.918615937232971191e-02,-1.287580579519271851e-01,-7.664926350116729736e-02,-6.092333048582077026e-02,-6.247451156377792358e-02,-1.657688170671463013e-01,2.251384779810905457e-02,-7.258036732673645020e-02,-1.410293132066726685e-01,-3.103255033493041992e-01,3.214461803436279297e-01,-2.104243822395801544e-02,1.572288721799850464e-01,3.130058571696281433e-02,1.735729128122329712e-01,-1.037196815013885498e-01,-2.392232716083526611e-01,1.460527479648590088e-01,6.567043066024780273e-02,4.027767181396484375e-01,1.223989129066467285e-01,8.593010902404785156e-02,-9.464843198657035828e-03,-6.599666178226470947e-02,4.508679732680320740e-02,-7.043617963790893555e-02,-6.256114691495895386e-02,-1.156926229596138000e-01,-2.512840032577514648e-01,1.111673936247825623e-01,1.055869907140731812e-01,1.110209524631500244e-02,-1.297052353620529175e-01,-3.947174549102783203e-01,7.513229548931121826e-02,-1.608140468597412109e-01,3.621020615100860596e-01,-5.496110394597053528e-02,2.036793678998947144e-01,-1.476965993642807007e-01,-6.130566820502281189e-02,-2.264142930507659912e-01,2.291276454925537109e-01,-1.121692806482315063e-01,-7.296102494001388550e-02,4.805835783481597900e-01,2.317041605710983276e-01,1.455202512443065643e-02,2.278920635581016541e-02,-9.831187129020690918e-02,-8.819552510976791382e-02,-2.901001833379268646e-02,2.313185185194015503e-01,1.561383605003356934e-01,-1.367690861225128174e-01,-9.260154515504837036e-02,-1.123092719353735447e-03,8.794359117746353149e-02,1.112608686089515686e-01,-2.915083765983581543e-01,1.462292224168777466e-01,-1.291325688362121582e-01,-8.633816987276077271e-02,-2.227844744920730591e-01,1.521023064851760864e-01,2.891708314418792725e-01,1.799025982618331909e-01,-5.870281532406806946e-02,1.970162987709045410e-01,-1.284703165292739868e-01,-2.630225382745265961e-02,-2.849315702915191650e-01,-5.805720686912536621e-01,1.337805180810391903e-03,2.956713736057281494e-02,-5.303991213440895081e-02,5.620914325118064880e-02,-9.653019905090332031e-02,8.196245878934860229e-03,-4.906034097075462341e-03,-1.160329207777976990e-01,1.567514240741729736e-01,1.374364597722887993e-03,-2.927041649818420410e-01,1.424724310636520386e-01,-8.776924759149551392e-02,-1.772108376026153564e-01,-1.378061920404434204e-01,2.296900451183319092e-01,-7.298607379198074341e-02,-2.349747717380523682e-01,1.762634143233299255e-02,-7.148814946413040161e-02,-1.108206808567047119e-01,7.219389826059341431e-02,-1.627790778875350952e-01,3.701734840869903564e-01,-2.125838249921798706e-01,-1.915985196828842163e-01,8.552698791027069092e-02,9.306742995977401733e-02,8.348926901817321777e-02,1.155027188360691071e-02,-1.130458898842334747e-02,-1.471398621797561646e-01,8.514444530010223389e-02,3.051389753818511963e-02,-1.341661512851715088e-01,4.237616434693336487e-02,5.683234333992004395e-02,6.826034933328628540e-02,3.303795456886291504e-01,-1.690754741430282593e-01,3.534773588180541992e-01,5.430869758129119873e-02,-6.181029230356216431e-02,7.495072484016418457e-02,-2.547203898429870605e-01,1.954240500926971436e-01,7.413114607334136963e-02,1.714326292276382446e-01,-1.926698982715606689e-01,-2.000777423381805420e-01,6.796647608280181885e-02,3.466408848762512207e-01,2.509456872940063477e-01,-1.312476843595504761e-01,4.759186506271362305e-02,1.230518240481615067e-02,1.768253594636917114e-01,-2.339328872039914131e-03,-1.376363039016723633e-01,-1.660937666893005371e-01,2.005370110273361206e-01,3.358100727200508118e-02,4.013432562351226807e-02,-9.639780223369598389e-02,-2.966556884348392487e-02,9.257885068655014038e-02,3.003255464136600494e-03,-3.093007206916809082e-01,-2.044840902090072632e-01,1.035216897726058960e-01,-1.141656488180160522e-01,3.611041605472564697e-01,1.655224561691284180e-01,1.525318175554275513e-01,1.132318899035453796e-01,-2.004036866128444672e-02,-1.853344589471817017e-01,1.011440306901931763e-01,-9.006658941507339478e-02,2.232014834880828857e-01,-1.662227511405944824e-02,4.132650792598724365e-02,-1.428343057632446289e-01,-1.180501878261566162e-01,3.997897729277610779e-03,1.267152726650238037e-01,-1.872373223304748535e-01,-2.015635967254638672e-01,-1.350156813859939575e-01,3.075080364942550659e-02,-4.773025214672088623e-02,-8.318840526044368744e-03,3.911691904067993164e-02,1.555273681879043579e-01,-2.785174846649169922e-01,1.725801527500152588e-01,-6.015536561608314514e-02,3.454206138849258423e-02,-1.199672520160675049e-01,-1.122178211808204651e-01,-2.219848185777664185e-01,2.326068282127380371e-01,3.790543228387832642e-02,-8.163346350193023682e-02,1.083816215395927429e-01,1.037920564413070679e-01,1.821938455104827881e-01,-1.522145718336105347e-01,-1.734147518873214722e-01,1.616949141025543213e-01,1.317738592624664307e-01,-1.567804664373397827e-01,1.568245738744735718e-01,8.801232278347015381e-02,-7.613351941108703613e-02,1.482975631952285767e-01,2.167572826147079468e-01,-2.343418151140213013e-01,5.693448707461357117e-03,-3.181387856602668762e-02,-1.140053495764732361e-01,-8.436196297407150269e-02,-2.109045162796974182e-02,-7.102582603693008423e-02,-1.882538348436355591e-01,1.661666780710220337e-01,-4.663261026144027710e-02,-2.765197074040770531e-03,2.265786230564117432e-01,-4.759977757930755615e-02,-8.933736383914947510e-02,-7.811061292886734009e-02,2.945826947689056396e-01,9.864572435617446899e-02,1.608381718397140503e-01,1.081925332546234131e-01,2.011052668094635010e-01,-1.025090366601943970e-01,-2.343593537807464600e-01,-3.592768311500549316e-01,4.379940032958984375e-01,4.379019606858491898e-03,-1.594180464744567871e-01,-1.023650765419006348e-01,-6.382135301828384399e-02,-1.575579307973384857e-02,-1.388711035251617432e-01,-5.477416142821311951e-02,5.063605681061744690e-02,3.785129189491271973e-01,-7.156705111265182495e-02,1.163015738129615784e-01,-1.622889786958694458e-01,-1.938763819634914398e-02,-1.195019111037254333e-01,-8.765204995870590210e-02,-7.404875755310058594e-02,1.269652694463729858e-01,1.477771904319524765e-03,1.417024135589599609e-01,2.759958803653717041e-01,-5.868497118353843689e-02,8.708652108907699585e-02,-8.148545026779174805e-02,2.096765339374542236e-01,-6.196604110300540924e-03,-5.944192409515380859e-02,1.025185659527778625e-01,1.580410599708557129e-01,9.303528815507888794e-02,-1.516273170709609985e-01,-7.480191439390182495e-02,-2.705448679625988007e-02,-8.712594211101531982e-02,8.542276918888092041e-02,1.425676941871643066e-01,-1.458272635936737061e-01,3.385929763317108154e-02,-1.047752499580383301e-01,2.275631278753280640e-01,9.819804131984710693e-02,6.995471566915512085e-02,-1.830471456050872803e-01,-1.166781559586524963e-01,3.823364851996302605e-03,1.199416741728782654e-01,-2.120523750782012939e-01,-8.269286900758743286e-02,1.217804104089736938e-01,4.434581473469734192e-02,5.687637999653816223e-02,1.622752249240875244e-01,1.338691860437393188e-01,-4.503585770726203918e-02,2.549055218696594238e-01,-1.758486181497573853e-01,-1.098012272268533707e-02,9.090881049633026123e-02,1.432061046361923218e-01,1.498746275901794434e-01,1.731815189123153687e-01,-7.236305624246597290e-02,1.609593480825424194e-01,4.775805398821830750e-02,-6.718027591705322266e-02,-3.622428700327873230e-02,-2.637529075145721436e-01,-5.428014323115348816e-02,2.254606783390045166e-01,-3.325593471527099609e-02,-2.588940560817718506e-01,4.291698709130287170e-02,-7.386386394500732422e-02,-3.460347056388854980e-01,-3.166810274124145508e-01,1.267230231314897537e-02,-6.581794470548629761e-02,8.347096294164657593e-02,-1.858759969472885132e-01,-2.772737294435501099e-02,-2.242221832275390625e-01,3.403126820921897888e-02,-1.329924166202545166e-01,3.009444102644920349e-02,-3.525841981172561646e-02,-3.724412024021148682e-01,4.953162372112274170e-02,1.651497483253479004e-01,1.033468693494796753e-01,-2.089380770921707153e-01,-1.245269626379013062e-01,2.156622335314750671e-02,-6.795521080493927002e-02,-1.834029555320739746e-01,1.098079606890678406e-01,1.006543338298797607e-01,-1.243519932031631470e-01,-2.115273103117942810e-02,2.036560773849487305e-01,-2.928226292133331299e-01,-9.891790896654129028e-02,8.749503642320632935e-02,-1.463102698326110840e-01,-6.830687820911407471e-02,-3.024976253509521484e-01,3.770735263824462891e-01,-1.701937764883041382e-01,-7.918038405478000641e-03,-8.987835794687271118e-02,-9.780219942331314087e-02,1.550725698471069336e-01,4.364649951457977295e-02,1.470404416322708130e-01,-1.427338719367980957e-01,-8.363114297389984131e-02,-2.776216864585876465e-01,-1.899448782205581665e-01,4.871648177504539490e-02,3.322562277317047119e-01,3.201453089714050293e-01,2.218449264764785767e-01,-1.343694180250167847e-01,-4.366475343704223633e-01,-2.976881265640258789e-01,4.490363970398902893e-02,7.972405850887298584e-02,-3.769347444176673889e-02,1.982699632644653320e-01,-1.662888675928115845e-01,-1.173005066812038422e-02,3.007747232913970947e-01,-1.051557715982198715e-02,9.731442481279373169e-02,1.189296841621398926e-01,-1.972554810345172882e-02,-1.021442189812660217e-01,-1.456949859857559204e-01,-2.689878940582275391e-01,-1.034031957387924194e-01,4.280656203627586365e-02,1.504832599312067032e-02,1.991771757602691650e-01,-1.814253330230712891e-01,-7.945246249437332153e-02,-5.642888322472572327e-02,-1.108068600296974182e-01,1.318563967943191528e-01,3.229768574237823486e-01,1.750812679529190063e-01,-9.373471140861511230e-02,1.627275794744491577e-01,6.830437481403350830e-02,1.111987978219985962e-01,-7.774750143289566040e-02,9.725043922662734985e-02,-1.074806079268455505e-01,-8.440547436475753784e-02,-1.082629114389419556e-01,-1.061314791440963745e-01,9.923098981380462646e-02,-3.082975447177886963e-01,-2.125215344130992889e-02,-4.030236601829528809e-01,1.156647410243749619e-02,6.719535589218139648e-02,-2.781143784523010254e-01,1.554777659475803375e-02,1.204127222299575806e-01,-2.422431111335754395e-02,6.421251595020294189e-02,1.533933281898498535e-01,4.527046531438827515e-02,-5.830806493759155273e-02,-3.779389336705207825e-02,3.497969359159469604e-02,1.491006463766098022e-01,-3.634463623166084290e-02,1.302072405815124512e-01,3.927585780620574951e-01,-1.376978009939193726e-01,-3.288976382464170456e-03,-1.032996773719787598e-01,3.044146578758955002e-03,-1.493872851133346558e-01,4.722963273525238037e-02,2.034587562084197998e-01,-7.400502264499664307e-02,9.765697270631790161e-02,-2.117753326892852783e-01,1.261420845985412598e-01,8.585061132907867432e-02,-8.223386853933334351e-02,-5.216784477233886719e-01,-1.669853925704956055e-01,-1.919436305761337280e-01,1.020441874861717224e-01,8.174148947000503540e-02,1.041249483823776245e-01,2.176793478429317474e-02,8.989331126213073730e-02,1.576199233531951904e-01,-6.963956169784069061e-03,9.533765912055969238e-02,-1.138848811388015747e-01,-1.194761097431182861e-01,2.189125865697860718e-01,3.947347775101661682e-02,-2.487378269433975220e-01,1.499596834182739258e-01,-4.375997185707092285e-02,1.316760033369064331e-01,1.656998395919799805e-01,-2.354894950985908508e-02,-5.779896862804889679e-03,-2.647257745265960693e-01,-2.154146321117877960e-02,-1.141649261116981506e-01,-1.211588978767395020e-01,2.505372092127799988e-02,-1.558710820972919464e-02,2.398328669369220734e-02,2.278061211109161377e-02,1.340389996767044067e-01,-3.382965549826622009e-02,1.168989539146423340e-01,1.792304515838623047e-01,1.971864998340606689e-01,-1.303036138415336609e-02,1.401406433433294296e-02,-1.226863116025924683e-01,9.456542134284973145e-02,1.865669339895248413e-01,2.189882546663284302e-01,2.055777423083782196e-02,1.840505190193653107e-02,2.749356627464294434e-01,-1.094518676400184631e-01,-2.737986743450164795e-01,1.748959571123123169e-01,4.297898709774017334e-01,1.418063193559646606e-01,-3.499900549650192261e-02,3.959634304046630859e-01,-3.941485285758972168e-01,2.213746309280395508e-01,-3.352127596735954285e-02,2.562103271484375000e-01,6.528220325708389282e-02,-1.553834825754165649e-01,2.466743290424346924e-01,1.511157453060150146e-01,8.443807065486907959e-02,7.070240378379821777e-02,-9.058899432420730591e-02,3.835619390010833740e-01,9.232658892869949341e-02,6.656348705291748047e-02,-1.591647230088710785e-02,-1.961119025945663452e-01,-2.159782499074935913e-02,-1.075853779911994934e-01,-6.111592054367065430e-02,2.212034761905670166e-01,-9.888938814401626587e-02,1.082902550697326660e-01,-5.353575199842453003e-02,1.286531239748001099e-01,-2.946457266807556152e-01,1.553241163492202759e-01,-2.049327269196510315e-02,-3.973617777228355408e-02,2.163482457399368286e-02,-1.563126444816589355e-01,-9.961716830730438232e-02,-9.286822378635406494e-02,6.923287361860275269e-02,-1.697933226823806763e-01,-3.194120824337005615e-01,4.898779466748237610e-02,5.315063148736953735e-02,-1.952357590198516846e-01,-1.134727075695991516e-01,-8.476160466670989990e-02,-3.973500803112983704e-02,-6.736444681882858276e-02,-3.877297937870025635e-01,9.419818408787250519e-03,-7.172695547342300415e-02,-2.246006280183792114e-01,1.796956919133663177e-02,2.074335813522338867e-01,5.060774460434913635e-02,-1.051908582448959351e-01,-1.576459705829620361e-01,1.907359659671783447e-01,-2.740332186222076416e-01,1.952985674142837524e-01,7.109126448631286621e-02,-8.151359111070632935e-02,-8.786976337432861328e-02,-3.654338046908378601e-02,-2.022727578878402710e-01,2.479248307645320892e-02,2.510973438620567322e-02,-7.936348766088485718e-02,1.647603325545787811e-02,-1.697292774915695190e-01,-4.293304979801177979e-01,-1.836675703525543213e-01,-2.075474476441740990e-03,2.804765403270721436e-01,6.161005049943923950e-02,-1.239939332008361816e-01,1.401112079620361328e-01,5.823186784982681274e-02,4.520770534873008728e-02,-3.168497979640960693e-01,5.126760154962539673e-02,-4.273982718586921692e-02,-9.518083184957504272e-02,2.140016853809356689e-01,3.694241866469383240e-02,-8.579263091087341309e-02,2.203108072280883789e-01,-1.101932078599929810e-01,-1.412632763385772705e-01,-2.335117310285568237e-01,-3.055202832911163568e-04,9.669066220521926880e-02,2.609218060970306396e-01,2.179891020059585571e-01,-3.276139199733734131e-01,6.960813701152801514e-02,1.544775515794754028e-01,6.791474670171737671e-02,6.256072968244552612e-02,9.863756597042083740e-02,1.561356633901596069e-01,-2.515007853507995605e-01,7.861303538084030151e-02,3.997597098350524902e-01,9.012815356254577637e-02,3.663321956992149353e-02,5.621036887168884277e-02,-1.896801404654979706e-02,-3.867476582527160645e-01,-1.529052406549453735e-01,-4.244953766465187073e-02,2.039592340588569641e-02,-2.045471668243408203e-01,-1.722862273454666138e-01,-3.316398262977600098e-01,2.841569483280181885e-01,2.096372544765472412e-01,-9.290968067944049835e-03,9.264671802520751953e-02,-1.453636437654495239e-01,8.870784938335418701e-02,1.225248649716377258e-01,2.764261066913604736e-01,2.427220642566680908e-01,-1.350038647651672363e-01,-2.172432094812393188e-01,1.062095910310745239e-01,3.699777647852897644e-02,1.549645513296127319e-01,-1.563380509614944458e-01,1.638759076595306396e-01,-1.947160065174102783e-01,-2.055255770683288574e-01,-2.007974386215209961e-01,-5.704088881611824036e-02,2.751703560352325439e-01,2.507689893245697021e-01,9.057857096195220947e-02,1.021798700094223022e-02,-6.891441345214843750e-02,-2.411656528711318970e-01,9.288690984249114990e-02,3.176297619938850403e-02,-1.755070537328720093e-01,1.010963395237922668e-01,-4.281885176897048950e-02,1.064527034759521484e-01,2.808923125267028809e-01,4.765741527080535889e-02,1.571257114410400391e-01,-2.627454400062561035e-01,1.532193273305892944e-01,7.510358095169067383e-02,-6.130698323249816895e-02,-2.808821201324462891e-01,3.754790499806404114e-02,1.794813275337219238e-01,4.315730333328247070e-01,7.017137855291366577e-02,-1.583529636263847351e-02,-1.163263395428657532e-01,3.397041261196136475e-01,3.150552213191986084e-01,-1.391542553901672363e-01,-1.744171418249607086e-02,-2.627207711338996887e-02,3.776063024997711182e-01,-3.680552840232849121e-01,9.829685091972351074e-02,-1.637034118175506592e-01,9.238137304782867432e-02,-7.794225960969924927e-02,3.023202717304229736e-01,-2.781785130500793457e-01,2.838411927223205566e-01,2.679912447929382324e-01,9.215176105499267578e-02,-1.619720458984375000e-02,1.958478838205337524e-01,1.664876341819763184e-01,-9.980974346399307251e-02,-3.118778765201568604e-02,8.177050203084945679e-02,-4.738071933388710022e-02,1.243894174695014954e-01,-9.550290554761886597e-02,-1.777747422456741333e-01,-7.210715860128402710e-02,-7.940497249364852905e-02,-7.995227724313735962e-02,2.054022848606109619e-01,1.652702242136001587e-01,-2.292709052562713623e-01,-1.947024613618850708e-01,-7.612329721450805664e-02,4.114532843232154846e-02,-6.464055925607681274e-02,-2.741956412792205811e-01,-1.644310541450977325e-02,-1.066543385386466980e-01,-4.136728122830390930e-03,4.081102088093757629e-02,1.226533055305480957e-01,-2.725503444671630859e-01,8.720386773347854614e-02,-4.672715440392494202e-02
-1.736883819103240967e-01,1.542739570140838623e-01,2.618223726749420166e-01,3.796629607677459717e-02,2.332434989511966705e-02,5.674562603235244751e-02,-4.573438465595245361e-01,9.245873242616653442e-02,2.841837331652641296e-02,2.838504612445831299e-01,6.648620124906301498e-03,-2.139795273542404175e-01,6.423088163137435913e-02,1.056828796863555908e-01,-6.821488589048385620e-02,4.451359510421752930e-01,1.544881612062454224e-01,-1.156960576772689819e-01,-3.010488748550415039e-01,2.251676321029663086e-01,-4.224320128560066223e-02,2.659750282764434814e-01,-3.092016279697418213e-02,9.548480808734893799e-02,-1.054681342793628573e-04,4.567312896251678467e-01,-5.271531641483306885e-02,3.540712296962738037e-01,2.502987682819366455e-01,-2.324550151824951172e-01,-4.041340947151184082e-01,-1.042796969413757324e-01,-1.162071302533149719e-01,-2.268024161458015442e-02,-1.663592010736465454e-01,-2.217210382223129272e-01,-1.051593422889709473e-01,1.391790807247161865e-03,1.289915293455123901e-01,-2.213785201311111450e-01,2.185407429933547974e-01,-2.157676517963409424e-01,3.331536352634429932e-01,-2.200952470302581787e-01,-3.535117805004119873e-01,1.920006982982158661e-02,-4.253664314746856689e-01,8.813934028148651123e-02,1.339067220687866211e-01,4.243820160627365112e-02,-6.379131972789764404e-02,2.820125222206115723e-01,-7.815637439489364624e-02,1.962408274412155151e-01,1.278315186500549316e-01,-8.322350680828094482e-02,-1.839061379432678223e-01,5.246449112892150879e-01,1.659517735242843628e-01,4.529762640595436096e-02,1.352342218160629272e-01,7.177682220935821533e-02,9.205375611782073975e-02,-3.490023612976074219e-01,1.365105062723159790e-01,2.961115539073944092e-02,2.082864493131637573e-01,8.940647542476654053e-02,-1.871654093265533447e-01,-1.057184711098670959e-01,-1.302953213453292847e-01,5.183343589305877686e-02,2.673169970512390137e-02,-1.765320450067520142e-01,-2.576184868812561035e-01,-2.164977043867111206e-01,-2.844711244106292725e-01,-2.586229331791400909e-02,2.535884678363800049e-01,-2.623679041862487793e-01,2.576004527509212494e-02,-7.731498777866363525e-02,2.289115637540817261e-01,-1.513736695051193237e-01,3.525431454181671143e-02,1.276668757200241089e-01,-2.249448746442794800e-02,-6.182929500937461853e-02,-5.457810163497924805e-01,1.620621234178543091e-01,-7.963596843183040619e-03,3.884718939661979675e-02,1.675438582897186279e-01,-2.382191456854343414e-02,-7.453248649835586548e-02,3.525199368596076965e-02,-3.130941987037658691e-01,2.673435211181640625e-01,-2.387078702449798584e-01,-8.178345859050750732e-02,-2.516815364360809326e-01,-2.166226208209991455e-01,3.841208294034004211e-02,2.261939793825149536e-01,5.040398836135864258e-01,-2.086256593465805054e-01,-9.213198721408843994e-02,-4.351406097412109375e-01,3.163129985332489014e-01,2.283750474452972412e-02,2.667924463748931885e-01,-1.177688166499137878e-01,-1.642218381166458130e-01,-2.848611772060394287e-02,1.158775314688682556e-01,-7.246159762144088745e-02,1.717474162578582764e-01,1.723748594522476196e-01,1.347224414348602295e-01,-1.129341721534729004e-01,5.194354057312011719e-02,1.747125387191772461e-02,-8.208560198545455933e-02,-1.719238013029098511e-01,-7.097824662923812866e-02,-4.872354120016098022e-02,-1.830698847770690918e-01,1.165434271097183228e-01,4.639931768178939819e-02,-5.394052341580390930e-02,-5.983544047921895981e-03,2.389624267816543579e-01,-3.489499166607856750e-02,-4.123608767986297607e-01,2.359426468610763550e-01,4.291310608386993408e-01,-3.476686775684356689e-01,-2.879941463470458984e-02,-5.054228901863098145e-01,-1.195531524717807770e-02,-1.282607465982437134e-01,-4.415969848632812500e-01,-1.229121908545494080e-01,-7.271129637956619263e-02,1.301766932010650635e-01,-3.316911682486534119e-02,2.411493100225925446e-02,2.488504946231842041e-01,-4.171881079673767090e-02,1.010306850075721741e-01,-3.789293346926569939e-03,7.724647223949432373e-02,2.286878973245620728e-02,-2.362128645181655884e-01,2.316600084304809570e-01,5.700969696044921875e-01,-1.648168414831161499e-01,3.698058798909187317e-02,2.350301146507263184e-01,2.814381420612335205e-01,3.089687228202819824e-01,-1.725097745656967163e-01,-3.401345014572143555e-01,2.922734618186950684e-02,3.661581873893737793e-02,2.587023377418518066e-01,4.695841372013092041e-01,-1.884124279022216797e-01,-5.317466333508491516e-03,5.613368377089500427e-02,-1.742883026599884033e-01,-1.562289893627166748e-01,-3.487077951431274414e-01,-3.961355686187744141e-01,1.217790767550468445e-01,1.610065549612045288e-01,-2.627227604389190674e-01,1.734536290168762207e-01,-2.528131902217864990e-01,2.415545135736465454e-01,-3.150533735752105713e-01,5.572240799665451050e-02,9.341144561767578125e-02,9.433056227862834930e-03,-1.736227981746196747e-02,5.218436121940612793e-01,3.417816385626792908e-02,5.917934328317642212e-02,-2.333584874868392944e-01,-5.939478874206542969e-01,5.686964094638824463e-02,-4.216799736022949219e-01,-4.160618782043457031e-02,2.091602087020874023e-01,4.473883658647537231e-02,-2.189517617225646973e-01,1.440514177083969116e-01,-5.974365025758743286e-02,6.038983166217803955e-02,-1.077326014637947083e-01,-2.008458971977233887e-02,4.715353623032569885e-02,2.727458477020263672e-01,1.285077817738056183e-02,-1.128201633691787720e-01,2.667004764080047607e-01,-3.122190535068511963e-01,-4.109692573547363281e-02,-4.382108747959136963e-01,1.975339651107788086e-01,-3.786298930644989014e-01,1.160721927881240845e-01,8.081598579883575439e-02,1.240864209830760956e-02,3.393546119332313538e-02,-9.677959233522415161e-02,2.548019289970397949e-01,-2.680649459362030029e-01,4.938391596078872681e-02,-1.179421842098236084e-01,-1.076821535825729370e-01,-2.430069632828235626e-02,9.219886362552642822e-02,4.170992597937583923e-02,-9.235314279794692993e-02,8.726032823324203491e-02,-1.566560119390487671e-01,-2.332996577024459839e-01,4.990318045020103455e-02,-1.658586412668228149e-01,-3.557541072368621826e-01,1.755796223878860474e-01,6.020669937133789062e-01,2.907270789146423340e-01,1.414796262979507446e-01,1.085149776190519333e-02,1.342089176177978516e-01,-9.973859041929244995e-02,1.345952600240707397e-01,-2.802065014839172363e-01,2.965598404407501221e-01,6.342907249927520752e-02,-1.862407773733139038e-01,-6.513938307762145996e-03,-1.321472972631454468e-01,-2.935231924057006836e-01,1.109201610088348389e-01,-1.757098436355590820e-01,-9.400327503681182861e-02,-8.537355065345764160e-02,1.145141050219535828e-01,-1.538208425045013428e-01,4.949586465954780579e-02,-3.295461088418960571e-02,1.115380153059959412e-01,5.358766764402389526e-02,1.164148598909378052e-01,-5.390612874180078506e-03,-4.292059540748596191e-01,8.483598940074443817e-03,-1.160035934299230576e-02,-1.526940166950225830e-01,-2.106654942035675049e-01,-4.326008260250091553e-02,3.899203985929489136e-02,3.439401462674140930e-02,-2.919985651969909668e-01,7.784838229417800903e-02,1.957170069217681885e-01,-2.800099253654479980e-01,-7.311466336250305176e-02,2.854766547679901123e-01,-1.952014118432998657e-01,-2.848377823829650879e-02,-1.431270539760589600e-01,2.296292781829833984e-01,2.643778175115585327e-02,1.300631910562515259e-01,-3.793369233608245850e-02,-1.758278906345367432e-01,4.281689599156379700e-02,-5.146436095237731934e-01,-3.186205327510833740e-01,1.695623807609081268e-02,-3.847562968730926514e-01,4.287548661231994629e-01,1.055764406919479370e-01,3.127066195011138916e-01,-3.305470943450927734e-02,-1.155897378921508789e-01,-1.334471702575683594e-01,-4.244902431964874268e-01,7.202792912721633911e-03,-2.647826373577117920e-01,-1.728710085153579712e-01,1.729450970888137817e-01,2.880973182618618011e-02,8.626006543636322021e-03,1.776651889085769653e-01,-8.352600783109664917e-02,-1.322473883628845215e-01,3.959998190402984619e-01,-1.088090464472770691e-01,1.038175374269485474e-01,9.667395800352096558e-02,-8.191825449466705322e-02,3.703572154045104980e-01,1.826879829168319702e-01,-3.394689857959747314e-01,-4.977155104279518127e-02,9.871865063905715942e-02,1.799477487802505493e-01,-2.355679124593734741e-01,-5.392560735344886780e-02,-7.265889644622802734e-02,5.791062861680984497e-02,-8.179390430450439453e-02,-1.530313193798065186e-01,1.235195845365524292e-01,-3.968739416450262070e-03,-4.732962548732757568e-01,6.242473050951957703e-02,-3.485944569110870361e-01,7.150338590145111084e-02,9.417909383773803711e-02,-3.039013221859931946e-02,1.709783375263214111e-01,2.426065038889646530e-03,5.542415380477905273e-02,-1.585606485605239868e-01,7.666916400194168091e-02,-9.574592858552932739e-02,-6.283153593540191650e-02,1.424871981143951416e-01,-3.563823401927947998e-01,2.000165404751896858e-03,-1.227904260158538818e-01,-1.595671288669109344e-02,2.153915911912918091e-01,2.409892156720161438e-02,1.513518095016479492e-01,-1.749261021614074707e-01,-1.042039245367050171e-01,5.720430053770542145e-03,-5.981018021702766418e-02,-6.562249362468719482e-02,1.739730089902877808e-01,1.068419516086578369e-01,-1.590997129678726196e-01,-1.093754172325134277e-01,-1.572631299495697021e-03,3.535591810941696167e-02,-2.999363839626312256e-01,-2.056998759508132935e-01,3.374136686325073242e-01,4.643768668174743652e-01,2.901714742183685303e-01,-3.174917995929718018e-01,1.275257617235183716e-01,3.481831848621368408e-01,-1.508465968072414398e-02,2.628807127475738525e-01,-9.082211181521415710e-03,-3.530636727809906006e-01,-5.249649882316589355e-01,3.495058119297027588e-01,-4.864584654569625854e-02,2.884294390678405762e-01,-3.668944165110588074e-02,1.630592495203018188e-01,2.556952461600303650e-02,-1.935152113437652588e-01,6.140588968992233276e-02,-4.717583954334259033e-01,1.678964472375810146e-03,2.824504971504211426e-01,2.339461296796798706e-01,4.175263270735740662e-02,5.671809315681457520e-01,2.384887784719467163e-01,1.643661558628082275e-01,-2.970733940601348877e-01,-5.815857648849487305e-02,3.144340813159942627e-01,9.383554756641387939e-02,1.938910335302352905e-01,1.680058240890502930e-01,1.720592007040977478e-02,2.792202830314636230e-01,1.209178343415260315e-01,2.364925891160964966e-01,-8.639995753765106201e-02,1.619658023118972778e-01,1.275131553411483765e-01,2.251494675874710083e-01,-4.024287164211273193e-01,-2.856831625103950500e-02,-1.596839725971221924e-01,-2.051166445016860962e-01,-2.776646316051483154e-01,-1.882029771804809570e-01,-2.821522355079650879e-01,-1.167183369398117065e-01,5.075701698660850525e-02,5.103936791419982910e-02,-1.961988061666488647e-01,4.717220738530158997e-02,-2.053519636392593384e-01,-6.618001312017440796e-02,2.169809117913246155e-02,2.562480568885803223e-01,4.614799320697784424e-01,7.467884570360183716e-02,8.840484172105789185e-02,-4.595977962017059326e-01,-1.278056800365447998e-01,4.672046750783920288e-02,1.293367445468902588e-01,-1.145638674497604370e-01,-1.669159159064292908e-02,-4.018555395305156708e-03,-2.518745660781860352e-01,1.971112340688705444e-01,6.255203485488891602e-02,-8.062027394771575928e-02,1.524853054434061050e-02,8.477320522069931030e-02,-5.297495052218437195e-02,1.034389659762382507e-01,9.430935978889465332e-02,-2.408196181058883667e-01,-8.919084817171096802e-02,3.281423151493072510e-01,-1.263042986392974854e-01,1.518625915050506592e-01,6.274057924747467041e-02,4.056883975863456726e-02,-3.483245074748992920e-01,1.600353121757507324e-01,2.254579663276672363e-01,-1.618135720491409302e-01,-1.127429604530334473e-01,-1.847808808088302612e-01,-1.659593582153320312e-01,1.326526701450347900e-02,7.749030739068984985e-02,-4.648704081773757935e-02,1.476429700851440430e-01,-1.465540081262588501e-01,-2.203288972377777100e-01,-1.883108019828796387e-01,-9.640724211931228638e-02,1.017495170235633850e-01,2.313620895147323608e-01,-1.528396904468536377e-01,-9.663008898496627808e-02,-6.888598948717117310e-02,-7.593035697937011719e-02,1.137577816843986511e-01,-7.851199060678482056e-02,1.206868141889572144e-01,-3.712692856788635254e-01,1.517436355352401733e-01,3.734922707080841064e-01,-5.992850288748741150e-02,1.454206556081771851e-01,-1.096043065190315247e-01,-9.927365183830261230e-02,1.122294645756483078e-02,4.880205960944294930e-04,1.178769394755363464e-01,-8.187854662537574768e-03,3.140422999858856201e-01,-4.401833564043045044e-02,-1.618163138628005981e-01,-1.287076771259307861e-01,-2.904125452041625977e-01,1.110609024763107300e-01,-1.031730771064758301e-01,-2.475376054644584656e-02,-5.506681650876998901e-02,2.378149479627609253e-01,-5.946353450417518616e-02,9.012677520513534546e-02,-2.957971990108489990e-01,-2.343142591416835785e-02,3.017445206642150879e-01,-1.167122572660446167e-01,8.694553375244140625e-02,4.604234695434570312e-01,-2.292121797800064087e-01,-2.252215296030044556e-01,6.965299844741821289e-01,2.605386078357696533e-01,4.905307590961456299e-01,2.187648266553878784e-01,6.289830058813095093e-02,-8.765925467014312744e-02,-2.277377061545848846e-02,3.491678833961486816e-02,-4.897300526499748230e-02,3.361915424466133118e-02,-1.582687795162200928e-01,1.831076741218566895e-01,-4.907375574111938477e-02,-1.926026791334152222e-01,1.026262491941452026e-01,-5.570230633020401001e-02,-9.433778002858161926e-03,2.228843793272972107e-02,8.648797869682312012e-02,1.071648970246315002e-01,1.904718130826950073e-01,-2.571839690208435059e-01,3.980742767453193665e-02,2.838295698165893555e-01,2.976145148277282715e-01,7.762480527162551880e-02,-1.794745330698788166e-03,1.316389441490173340e-01,-1.073164343833923340e-01,2.525819540023803711e-01,-2.213662266731262207e-01,1.243302151560783386e-01,1.572036743164062500e-01,2.244713008403778076e-01,-3.227697610855102539e-01,-3.436750471591949463e-01,-1.627690643072128296e-01,7.228662073612213135e-02,4.834585823118686676e-03,-3.414960801601409912e-01,3.761116266250610352e-01,2.280009984970092773e-01,3.117332234978675842e-02,-1.578863114118576050e-01,1.147807464003562927e-01,-2.176072001457214355e-01,-9.769194573163986206e-02,-1.747013628482818604e-01,-9.024763107299804688e-02,-2.622089814394712448e-03,-2.790199518203735352e-01,-2.637234032154083252e-01,-2.281519919633865356e-01,1.259990781545639038e-01,3.469371497631072998e-01,-3.017025291919708252e-01,4.842019081115722656e-02,5.653874203562736511e-02,3.137234151363372803e-01,3.537856042385101318e-02,-5.179670825600624084e-02,-1.821757704019546509e-01,2.609623670578002930e-01,-1.894057244062423706e-01,5.788084119558334351e-02,4.697496816515922546e-02,5.757787264883518219e-03,9.455070644617080688e-02,1.414883974939584732e-02,3.296237587928771973e-01,-3.366400673985481262e-02,1.608218401670455933e-01,3.222525864839553833e-02,1.599939167499542236e-02,2.122128903865814209e-01,1.216934248805046082e-01,-1.919259577989578247e-01,1.482983380556106567e-01,-3.116978704929351807e-01,2.754088938236236572e-01,-6.063627824187278748e-02,8.117696642875671387e-02,2.095369994640350342e-01,-1.221861038357019424e-02,-1.442254036664962769e-01,1.767141520977020264e-01,7.452222704887390137e-02,1.812084577977657318e-02,-6.493262946605682373e-02,9.048341959714889526e-02,-1.390197575092315674e-01,-2.188312858343124390e-01,-2.410951107740402222e-01,-2.127186805009841919e-01,-3.834198713302612305e-01,2.222804129123687744e-01,1.603820174932479858e-01,-4.375485703349113464e-02,-2.486025542020797729e-01,-2.289704531431198120e-01,4.240909814834594727e-01,-2.599931135773658752e-02,-1.873667165637016296e-02,-1.241519153118133545e-01,-4.490302801132202148e-01,-2.959421873092651367e-01,4.706036448478698730e-01,-1.539950370788574219e-01,-4.779264796525239944e-03,4.446795210242271423e-02,-2.756453864276409149e-02,1.978146880865097046e-01,5.342586338520050049e-02,-1.391652822494506836e-01,1.721204668283462524e-01,-1.971104592084884644e-01,-1.798762977123260498e-01,-2.900381088256835938e-01,2.065934389829635620e-01,-2.336933612823486328e-01,6.003624945878982544e-02,1.791188567876815796e-01,-3.671339452266693115e-01,-1.446328312158584595e-01,-2.950175432488322258e-03,3.359068930149078369e-01,-1.969072073698043823e-01,2.796004712581634521e-01,-5.367853865027427673e-02,1.815182119607925415e-01,2.204315364360809326e-01,1.249879822134971619e-01,-1.868547499179840088e-01,-1.818513311445713043e-02,-3.525791466236114502e-01,5.806307494640350342e-02,-1.701569706201553345e-01,-1.384108141064643860e-02,-6.614175625145435333e-03,1.528182253241539001e-02,-2.709912359714508057e-01,-2.877922356128692627e-01,-1.740112006664276123e-01,1.456524282693862915e-01,1.885647885501384735e-02,2.422396093606948853e-01,2.304817317053675652e-03,-1.727723032236099243e-01,1.263462305068969727e-01,5.425632372498512268e-02,4.305683448910713196e-02,8.169754594564437866e-02,1.520680785179138184e-01,-7.415479421615600586e-02,2.232169173657894135e-02,1.135907098650932312e-01,3.346447050571441650e-01,-3.619276285171508789e-01,2.634424567222595215e-01,-9.667651727795600891e-03,-3.668290749192237854e-02,1.462150961160659790e-01,-8.977317810058593750e-02,-7.981859147548675537e-02,-3.428689539432525635e-01,-9.541016817092895508e-02,1.307939887046813965e-01,-1.663065254688262939e-01,2.856992185115814209e-01,-1.070924624800682068e-01,2.208801805973052979e-01,-1.752669177949428558e-02,-1.743519119918346405e-02,2.363929450511932373e-01,2.332996763288974762e-02,4.333577677607536316e-02,1.142752543091773987e-01,9.549576044082641602e-02,2.817688882350921631e-01,1.147819235920906067e-01,2.570410370826721191e-01,-1.400086879730224609e-01,2.269939929246902466e-01,5.810590833425521851e-02,-1.490486115217208862e-01,3.219178020954132080e-01,-3.580197095870971680e-01,1.302876323461532593e-01,-5.830910429358482361e-02,-6.844478100538253784e-02,-3.781082481145858765e-02,-2.294532256200909615e-03,5.811514705419540405e-02,3.032425642013549805e-01,-2.236364632844924927e-01,1.943647563457489014e-01,-5.481712147593498230e-02,1.654879301786422729e-01,1.122077926993370056e-01,2.039600014686584473e-01,-3.048018515110015869e-01,2.540139257907867432e-01,-1.331755965948104858e-01,1.159210205078125000e-01,6.592669989913702011e-03,-9.980610013008117676e-02,2.921206131577491760e-02,1.571524441242218018e-01,6.860178709030151367e-02,1.819493025541305542e-01,5.024644732475280762e-01,-3.738955594599246979e-03,-4.004523530602455139e-02,-9.954047948122024536e-02,2.470454722642898560e-01,2.192240804433822632e-01,-1.293441001325845718e-02,-4.157468304038047791e-02,5.961959958076477051e-01,1.326131969690322876e-01,-1.472236067056655884e-01,-2.058407217264175415e-01,1.337172240018844604e-01,1.483722031116485596e-01,8.066091686487197876e-02,5.045021772384643555e-01,2.395699024200439453e-01,2.994070947170257568e-01,1.258383840322494507e-01,1.902140825986862183e-01,-1.268696337938308716e-01,-2.190476953983306885e-01,-7.760909944772720337e-02,-1.878922581672668457e-01,-1.817902550101280212e-02,-3.423343896865844727e-01,1.198499500751495361e-01,-2.908324301242828369e-01,2.046385854482650757e-01,-1.591414213180541992e-01,-6.711441278457641602e-02,2.955525927245616913e-02,1.937341690063476562e-01,-2.694427408277988434e-02,-3.083539940416812897e-02,3.432993888854980469e-01,-1.609979122877120972e-01,3.257116973400115967e-01,6.650254130363464355e-02,2.511601150035858154e-02,-7.539596408605575562e-02,-1.597305089235305786e-01,1.431144773960113525e-01,3.158671855926513672e-01,-2.315837293863296509e-01,6.125998124480247498e-02,1.395651698112487793e-02,2.888041436672210693e-01,1.059025004506111145e-01,-9.250708669424057007e-02,-2.394473105669021606e-01,1.160866841673851013e-01,2.342046946287155151e-01,-3.514565229415893555e-01,3.103415369987487793e-01,2.194782346487045288e-01,5.977835878729820251e-02,1.667866110801696777e-01,-1.791352182626724243e-01,3.518333137035369873e-01,4.327940940856933594e-01,1.415072977542877197e-01,-8.434526622295379639e-02,3.990344703197479248e-01,-5.054678916931152344e-01,2.600503265857696533e-01
-2.419669926166534424e-01,-2.702820114791393280e-02,-8.816747367382049561e-02,3.317883312702178955e-01,-1.659002006053924561e-01,5.480135325342416763e-03,-1.147644966840744019e-01,8.347146213054656982e-02,9.680739045143127441e-02,-1.126809567213058472e-01,1.892434954643249512e-01,1.412986069917678833e-01,1.124286055564880371e-01,-3.023011386394500732e-01,-1.040913313627243042e-01,1.562964022159576416e-01,-1.445614844560623169e-01,-1.231710463762283325e-01,7.387548685073852539e-02,-2.775673381984233856e-02,9.437634795904159546e-02,-4.731290042400360107e-02,6.989800930023193359e-02,3.804273009300231934e-01,3.403723835945129395e-01,7.467074990272521973e-01,3.906897827982902527e-02,-1.722490787506103516e-01,3.153293430805206299e-01,-1.777976155281066895e-01,-7.737360894680023193e-02,-2.221036553382873535e-01,-4.542908072471618652e-01,-5.714900419116020203e-02,-9.954130649566650391e-02,-6.162918731570243835e-02,-1.358624398708343506e-01,-3.623910844326019287e-01,6.357585079967975616e-03,3.518426716327667236e-01,2.705993503332138062e-02,2.067821621894836426e-01,-1.489726901054382324e-01,5.364414453506469727e-01,1.272011697292327881e-01,-2.271998524665832520e-01,-7.171992957592010498e-02,2.426441572606563568e-02,-5.712257325649261475e-02,-1.363748013973236084e-01,-2.159898132085800171e-01,1.567989736795425415e-01,-1.199582740664482117e-01,1.086504161357879639e-01,-2.488722205162048340e-01,-1.902669370174407959e-01,-9.159948676824569702e-02,-2.106805592775344849e-01,3.487943857908248901e-02,-2.509672939777374268e-02,-3.370501101016998291e-01,5.833146572113037109e-01,-5.593722313642501831e-02,-1.556721422821283340e-02,5.717968195676803589e-02,1.546567399054765701e-02,8.635160326957702637e-02,-1.204946562647819519e-01,4.368378520011901855e-01,2.091261893510818481e-01,-4.577115550637245178e-02,-6.274039298295974731e-02,9.599982947111129761e-02,-2.049957960844039917e-01,-2.650097310543060303e-01,-9.219082444906234741e-02,2.681456506252288818e-01,-2.118576467037200928e-01,-4.335450828075408936e-01,2.586686313152313232e-01,-1.357477754354476929e-01,5.585372820496559143e-02,2.558623068034648895e-02,-2.653868198394775391e-01,-1.339694391936063766e-02,-3.289691507816314697e-01,-5.945202335715293884e-02,4.251864179968833923e-02,-5.278246104717254639e-02,2.228069156408309937e-01,9.881632030010223389e-02,4.248547181487083435e-02,-1.294746994972229004e-01,1.385608613491058350e-01,7.521966099739074707e-02,8.648993819952011108e-02,-1.249443963170051575e-01,-2.719694674015045166e-01,2.312904596328735352e-01,-2.700377814471721649e-02,2.820359468460083008e-01,-2.387078553438186646e-01,-2.726764380931854248e-01,7.547512650489807129e-02,3.528475761413574219e-02,1.895522475242614746e-01,2.380020320415496826e-01,1.330085098743438721e-01,1.166752576828002930e-01,4.086895585060119629e-01,2.130827307701110840e-01,2.787789404392242432e-01,3.945837914943695068e-02,8.030704408884048462e-02,-3.395341709256172180e-02,6.596576571464538574e-01,1.674899482168257236e-03,2.294111400842666626e-01,-2.414386421442031860e-01,-2.820482850074768066e-01,2.160226739943027496e-02,1.376967132091522217e-01,-2.157782465219497681e-01,2.489938884973526001e-01,1.331771910190582275e-01,-4.103603363037109375e-01,-1.283528655767440796e-01,2.309085577726364136e-01,6.526487320661544800e-02,-5.008203983306884766e-01,2.186615765094757080e-01,-9.796155244112014771e-02,-4.239842295646667480e-01,-1.249152645468711853e-01,-1.549834460020065308e-01,9.568855911493301392e-02,5.232599005103111267e-02,-2.325984686613082886e-01,-2.625933289527893066e-01,-1.840447634458541870e-01,-4.852436855435371399e-02,-2.292671203613281250e-01,-2.945003472268581390e-02,3.819321393966674805e-01,3.584183752536773682e-03,1.661642342805862427e-01,-9.089394472539424896e-03,-5.701923966407775879e-01,-2.854274958372116089e-02,5.822018533945083618e-02,-2.420651353895664215e-02,4.289174824953079224e-02,-3.641307055950164795e-01,-3.395775705575942993e-02,1.183362677693367004e-01,-3.535948991775512695e-01,5.588803440332412720e-02,-1.960370391607284546e-01,-1.146165654063224792e-01,-4.870480000972747803e-01,1.704900562763214111e-01,3.735161721706390381e-01,1.041649505496025085e-01,3.262053728103637695e-01,1.396228224039077759e-01,-2.147818803787231445e-01,-3.506624996662139893e-01,-1.850659400224685669e-01,-3.124422580003738403e-02,3.825134634971618652e-01,-1.606258936226367950e-02,2.349520772695541382e-01,1.186506897211074829e-01,5.099971890449523926e-01,-8.076481819152832031e-01,1.580866426229476929e-01,1.781721264123916626e-01,-4.008352383971214294e-02,-1.829230785369873047e-01,-4.015616774559020996e-01,2.081903517246246338e-01,-4.487894773483276367e-01,4.617567658424377441e-01,8.375436067581176758e-02,-7.998552173376083374e-02,-3.730369508266448975e-01,-7.653377056121826172e-01,2.393228933215141296e-02,-6.081216782331466675e-02,4.609681293368339539e-02,-2.740968167781829834e-01,-4.959517717361450195e-01,1.182733252644538879e-01,1.847219467163085938e-01,-3.241597712039947510e-01,-2.559526562690734863e-01,-6.563047319650650024e-02,-4.884907975792884827e-02,-3.304602503776550293e-01,-9.874182939529418945e-02,-2.773909866809844971e-01,1.959679126739501953e-01,-4.664744436740875244e-01,1.530298870056867599e-02,4.209302663803100586e-01,-2.763026058673858643e-01,6.331984698772430420e-02,-1.537141799926757812e-01,8.390004187822341919e-02,4.470958840101957321e-03,-1.263610720634460449e-01,-1.943158805370330811e-01,3.934701085090637207e-01,-1.035640165209770203e-01,1.890976727008819580e-01,-3.105739951133728027e-01,3.231860697269439697e-01,-2.200799882411956787e-01,-4.774571955204010010e-02,-2.080767042934894562e-02,-2.427642233669757843e-03,-1.646382957696914673e-01,2.171867042779922485e-01,-1.982688158750534058e-01,2.906157262623310089e-02,1.349619030952453613e-01,-4.690251052379608154e-01,-1.972526758909225464e-01,9.723389893770217896e-02,1.590551137924194336e-01,-1.655487120151519775e-01,4.829256981611251831e-02,4.920409992337226868e-02,-1.621708720922470093e-01,-2.675508260726928711e-01,-8.029038459062576294e-02,4.525654911994934082e-01,-4.077838957309722900e-01,3.077931404113769531e-01,2.442056983709335327e-01,-7.861440628767013550e-02,-9.046229720115661621e-02,2.030027061700820923e-01,1.779020205140113831e-02,2.216758430004119873e-01,3.018898069858551025e-01,-3.173828423023223877e-01,-1.972097717225551605e-02,-8.962350338697433472e-02,-3.495977493003010750e-03,-5.639865398406982422e-01,1.197667047381401062e-01,2.938441038131713867e-01,-1.668127626180648804e-01,-7.939862459897994995e-02,2.304294258356094360e-01,-2.605770528316497803e-02,1.540501564741134644e-01,-3.765905648469924927e-02,1.570789068937301636e-01,-9.799645096063613892e-02,8.221038430929183960e-02,3.392135202884674072e-01,-3.016298823058605194e-02,3.155206143856048584e-01,1.431288421154022217e-01,-3.412480279803276062e-02,7.320629805326461792e-02,4.325449764728546143e-01,8.580908179283142090e-02,9.978017956018447876e-02,1.083950623869895935e-01,1.320574730634689331e-01,-9.689004719257354736e-02,-5.670293234288692474e-03,-1.353617161512374878e-01,2.573714777827262878e-02,-1.710728853940963745e-01,-3.547421889379620552e-03,2.591644525527954102e-01,-5.003414750099182129e-01,-4.233791958540678024e-03,-8.076720684766769409e-02,8.595985174179077148e-02,-1.554765403270721436e-01,-2.401839941740036011e-01,2.672201991081237793e-01,-2.990045845508575439e-01,4.426812287420034409e-03,1.421222239732742310e-01,7.768451422452926636e-02,1.095555648207664490e-01,7.975326478481292725e-02,2.432222664356231689e-01,1.920549720525741577e-01,1.265429705381393433e-01,4.340538978576660156e-01,1.538227647542953491e-01,-2.654107213020324707e-01,-7.024498283863067627e-02,2.376998364925384521e-01,-7.751769572496414185e-02,-7.986998558044433594e-02,-2.584824562072753906e-01,2.599247992038726807e-01,-9.476687014102935791e-02,3.318733870983123779e-01,-6.017958372831344604e-02,8.720587193965911865e-02,4.747304134070873260e-03,2.695606648921966553e-02,3.655273839831352234e-02,-2.978862226009368896e-01,7.655812799930572510e-02,6.197536587715148926e-01,1.670303046703338623e-01,2.629150152206420898e-01,2.292851358652114868e-02,1.061401050537824631e-02,1.598761044442653656e-02,2.956318259239196777e-01,-5.253994464874267578e-02,1.035298407077789307e-01,-2.198130488395690918e-01,1.723420023918151855e-01,2.501748502254486084e-01,2.018023580312728882e-01,2.568250335752964020e-02,1.480520218610763550e-01,2.505069673061370850e-01,-2.597657442092895508e-01,-4.972858130931854248e-01,1.223092675209045410e-01,-2.891854755580425262e-02,1.881748586893081665e-01,-2.209682166576385498e-01,-2.386613339185714722e-01,5.336039885878562927e-02,-2.199632674455642700e-02,-1.624160259962081909e-01,-1.280674338340759277e-01,1.870750784873962402e-01,-5.067659616470336914e-01,1.323248893022537231e-01,1.375217288732528687e-01,1.668024063110351562e-01,2.840289175510406494e-01,6.014062464237213135e-02,-3.052841424942016602e-01,2.278911471366882324e-01,-2.695364356040954590e-01,-1.189830619841814041e-02,5.484066009521484375e-01,-9.769912064075469971e-02,-4.872017800807952881e-01,-8.385267853736877441e-02,6.487864851951599121e-01,-6.585983186960220337e-02,1.427740044891834259e-02,3.682305812835693359e-01,-8.724962174892425537e-02,1.201382428407669067e-01,1.923009455204010010e-01,1.630002409219741821e-01,3.739495947957038879e-02,2.108079493045806885e-01,-1.031103730201721191e-01,1.268641054630279541e-01,1.037424728274345398e-01,2.917475104331970215e-01,-4.419389665126800537e-01,8.294574217870831490e-04,8.641646057367324829e-02,-7.499355077743530273e-02,2.371787838637828827e-02,4.250955283641815186e-01,-2.715520858764648438e-01,-1.251871138811111450e-01,2.192699462175369263e-01,-1.165928021073341370e-01,2.035365700721740723e-01,-8.870945870876312256e-02,-3.202837109565734863e-01,4.551358520984649658e-02,-2.668891847133636475e-01,-3.829338029026985168e-02,-4.814034104347229004e-01,-1.112435087561607361e-01,5.124474763870239258e-01,5.934602767229080200e-02,-1.272453516721725464e-01,1.638468541204929352e-02,2.548161447048187256e-01,5.360959470272064209e-02,-1.369290798902511597e-01,-5.995433405041694641e-02,-1.265004873275756836e-01,1.067860051989555359e-01,-1.622447073459625244e-01,1.743160486221313477e-01,3.172298669815063477e-01,-1.207101643085479736e-01,2.182720601558685303e-01,-4.738295674324035645e-01,-1.595663279294967651e-01,-1.621029078960418701e-01,-2.816294729709625244e-01,-2.148478329181671143e-01,-2.608095705509185791e-01,-6.665446609258651733e-02,-2.151274308562278748e-02,2.398019284009933472e-02,-1.243852600455284119e-01,-7.952608168125152588e-02,1.798922717571258545e-01,8.992581069469451904e-02,-1.433055996894836426e-01,2.127097174525260925e-02,1.044750884175300598e-01,2.311041951179504395e-02,-5.718396604061126709e-02,-2.689880691468715668e-02,-7.238023728132247925e-02,2.932203710079193115e-01,1.913668066263198853e-01,3.104461729526519775e-01,2.398955821990966797e-02,2.551084570586681366e-02,1.133374422788619995e-01,1.951329261064529419e-01,6.381042301654815674e-02,7.840887457132339478e-02,4.302356541156768799e-01,4.044266939163208008e-01,-2.015254646539688110e-02,6.589902639389038086e-01,-1.896415799856185913e-01,-1.824888437986373901e-01,2.830465137958526611e-01,-6.678293645381927490e-02,3.043288886547088623e-01,1.988604813814163208e-01,2.786588072776794434e-01,3.970727920532226562e-01,3.192170560359954834e-01,7.502989470958709717e-02,-9.206805378198623657e-02,-3.115958161652088165e-02,-1.728623360395431519e-01,-3.184911906719207764e-01,-1.301383674144744873e-01,4.773195367306470871e-03,-4.203739464282989502e-01,8.851357852108776569e-04,2.547944784164428711e-01,2.438710927963256836e-01,-1.503974646329879761e-01,-4.521470889449119568e-02,-1.174871549010276794e-01,-1.921125687658786774e-02,-3.770520687103271484e-01,1.148512884974479675e-01,2.603549063205718994e-01,-7.530565559864044189e-02,-4.646397382020950317e-02,-1.118247807025909424e-01,-2.457471936941146851e-01,5.970832332968711853e-02,2.795815765857696533e-01,1.830448508262634277e-01,1.679966226220130920e-02,1.439343094825744629e-01,-3.414720594882965088e-01,-3.458026051521301270e-01,2.292536497116088867e-01,8.380819857120513916e-02,-7.110622525215148926e-02,9.005882591009140015e-02,-1.218357086181640625e-01,-2.202115058898925781e-01,8.037552982568740845e-02,1.287693679332733154e-01,-1.831135600805282593e-01,-1.978937834501266479e-01,3.762923479080200195e-01,-4.241529107093811035e-02,1.900477111339569092e-01,-7.068059444427490234e-01,-1.150959450751543045e-02,-2.609785795211791992e-01,7.401730865240097046e-02,4.099287837743759155e-02,-4.325467646121978760e-01,2.982462048530578613e-01,-4.056636989116668701e-01,-1.780102774500846863e-02,-1.285643130540847778e-01,4.523283988237380981e-02,-9.392782300710678101e-02,-3.046373836696147919e-02,1.091053336858749390e-01,-1.615484803915023804e-01,1.426985114812850952e-01,2.724527120590209961e-01,8.971531875431537628e-03,3.253008425235748291e-01,-1.361055374145507812e-01,1.643225997686386108e-01,-3.616446256637573242e-01,-2.347873300313949585e-01,-3.549738526344299316e-01,2.484121322631835938e-01,-1.219795197248458862e-01,6.252427399158477783e-02,-1.248846426606178284e-01,2.155370116233825684e-01,-7.489980012178421021e-02,1.758164614439010620e-01,8.321961015462875366e-02,4.758991003036499023e-01,2.176841944456100464e-01,5.807926133275032043e-02,-3.390524983406066895e-01,9.314404129981994629e-01,4.603330790996551514e-01,2.828481234610080719e-02,-7.418400645256042480e-01,-1.831459999084472656e-01,-1.737588793039321899e-01,2.852503657341003418e-01,1.230643540620803833e-01,-4.989686906337738037e-01,-9.877095930278301239e-03,-3.843555748462677002e-01,3.035849928855895996e-01,-5.532342568039894104e-02,-2.166832387447357178e-01,5.566853880882263184e-01,-3.289678394794464111e-01,-1.650027334690093994e-01,-7.728201150894165039e-02,1.404485702514648438e-01,1.664920598268508911e-01,-1.141590476036071777e-01,1.971265524625778198e-01,1.058055683970451355e-01,-2.473379671573638916e-02,4.236020445823669434e-01,-1.667237095534801483e-02,-4.291555657982826233e-02,5.555729866027832031e-01,-2.646574676036834717e-01,-6.005139648914337158e-02,-6.987227499485015869e-02,3.773862868547439575e-02,8.729949593544006348e-02,-1.077693477272987366e-01,-4.135407805442810059e-01,3.378653526306152344e-01,2.612445354461669922e-01,1.137552931904792786e-01,1.679887324571609497e-01,-3.196581453084945679e-02,9.911202639341354370e-02,1.430543661117553711e-01,-1.142082288861274719e-01,-6.295163035392761230e-01,-1.095935404300689697e-01,2.756157219409942627e-01,5.084635019302368164e-01,1.931667178869247437e-01,-4.157805144786834717e-01,-2.926535010337829590e-01,4.182518273591995239e-02,3.744399249553680420e-01,1.177438274025917053e-01,7.739183306694030762e-01,7.628943026065826416e-02,-2.812446095049381256e-02,2.390803098678588867e-01,-4.737817496061325073e-02,1.960253864526748657e-01,1.522993743419647217e-01,-3.463821113109588623e-02,-2.195601016283035278e-01,2.067481726408004761e-01,9.145043045282363892e-02,1.750083267688751221e-01,-3.760627210140228271e-01,2.201458960771560669e-01,-2.770648002624511719e-01,9.641074389219284058e-02,2.923865020275115967e-01,-4.201355278491973877e-01,-2.121321856975555420e-01,-1.048513278365135193e-01,2.434436976909637451e-02,-2.287081629037857056e-01,2.104512751102447510e-01,4.793017357587814331e-02,3.246028721332550049e-02,-1.693838685750961304e-01,-5.028574466705322266e-01,-5.189271569252014160e-01,3.612883388996124268e-01,-5.586792230606079102e-01,1.139328554272651672e-01,-5.675425007939338684e-02,-2.158291265368461609e-02,7.461593300104141235e-02,1.312374025583267212e-01,-2.026741392910480499e-02,-8.880846947431564331e-02,-3.456439673900604248e-01,-1.126426160335540771e-01,-1.393242478370666504e-01,5.760592818260192871e-01,2.707514464855194092e-01,6.293056011199951172e-01,-5.673898458480834961e-01,2.455823272466659546e-01,3.726681321859359741e-02,4.777550101280212402e-01,-5.524156615138053894e-02,-4.023064300417900085e-02,3.385610282421112061e-01,-4.913084805011749268e-01,2.415314167737960815e-01,-1.734868735074996948e-01,-2.732354700565338135e-01,1.421116292476654053e-01,7.372686266899108887e-02,1.475606709718704224e-01,2.432587742805480957e-01,5.659776180982589722e-02,-3.091560006141662598e-01,-7.341111451387405396e-02,-3.556829690933227539e-02,1.356474906206130981e-01,-1.869859397411346436e-01,2.275282293558120728e-01,-1.102323085069656372e-01,-7.104197144508361816e-02,-1.398688256740570068e-01,-8.756385743618011475e-02,-3.068094551563262939e-01,5.976019054651260376e-02,3.013029098510742188e-01,-3.725101053714752197e-01,-8.451749384403228760e-02,-3.398704230785369873e-01,-1.193841546773910522e-01,1.483889073133468628e-01,2.804340794682502747e-02,2.589857578277587891e-01,2.923689782619476318e-01,-1.128301918506622314e-01,-5.271529778838157654e-02,1.228146255016326904e-01,1.735999584197998047e-01,-2.214737385511398315e-01,7.307850569486618042e-02,-2.106052935123443604e-01,2.492143213748931885e-01,-3.641590774059295654e-01,-4.907742887735366821e-02,-1.865837275981903076e-01,-2.440763264894485474e-01,4.901662766933441162e-01,3.475373685359954834e-01,-1.715312302112579346e-01,1.191991716623306274e-01,1.524132788181304932e-01,7.006490230560302734e-02,2.746078670024871826e-01,-1.970213055610656738e-01,1.139398068189620972e-01,3.329101502895355225e-01,2.764592170715332031e-01,2.045410126447677612e-01,8.135782182216644287e-02,-2.356661856174468994e-01,1.671858578920364380e-01,3.503078222274780273e-02,4.819677397608757019e-02,-5.738418176770210266e-02,-2.187228351831436157e-01,-4.825586378574371338e-01,1.353787779808044434e-01,9.134401381015777588e-02,-3.105637431144714355e-02,-2.605458498001098633e-01,-1.226466372609138489e-01,4.228924512863159180e-01,9.633445739746093750e-02,1.631886512041091919e-01,1.819378435611724854e-01,2.037421911954879761e-01,2.752699144184589386e-02,-4.369261115789413452e-02,1.877140998840332031e-01,1.415197364985942841e-02,1.888143718242645264e-01,-1.605108976364135742e-01,-1.617003977298736572e-01,7.889603823423385620e-02,2.198196351528167725e-01,2.965315431356430054e-02,-2.991110384464263916e-01,-2.625800967216491699e-01,-1.272011846303939819e-01,-2.223062962293624878e-01,4.405533149838447571e-02,2.964731156826019287e-01,-6.405604630708694458e-02,2.347455322742462158e-01,-1.377230584621429443e-01,2.360689938068389893e-01,-9.571898728609085083e-02,-1.113303974270820618e-01,4.667035117745399475e-02,-3.835200145840644836e-02,-1.761026382446289062e-01,8.218584209680557251e-02,1.432288903743028641e-02,1.164293289184570312e-01,-1.789659708738327026e-01,9.992574155330657959e-02,-1.294854432344436646e-01,-2.728459239006042480e-01,-4.582792520523071289e-01,3.745183348655700684e-01,3.650814294815063477e-01,1.568695344030857086e-02,-8.362013846635818481e-02,2.653959095478057861e-01,-8.364311605691909790e-02,-2.543622553348541260e-01,-2.836830615997314453e-01,-1.152060031890869141e-01,3.651675581932067871e-01,-4.947961270809173584e-01,-9.074849635362625122e-02,1.632130593061447144e-01,-1.510629355907440186e-01,9.232277050614356995e-03,1.417550444602966309e-01,1.049180626869201660e-01,-2.617357112467288971e-02,3.213885426521301270e-01,2.164222598075866699e-01,-9.365475177764892578e-02,1.373975276947021484e-01,3.771093189716339111e-01,-8.466034382581710815e-02,-4.642764329910278320e-01,8.063372224569320679e-02,-6.696099042892456055e-02,1.563042551279067993e-01,3.677666652947664261e-03,-2.120591998100280762e-01,-3.485567495226860046e-02,1.934571266174316406e-01,-1.117408722639083862e-01,-3.555815815925598145e-01,1.765601634979248047e-01,2.744885981082916260e-01,3.336830735206604004e-01
3.062987327575683594e-01,3.562341630458831787e-02,3.900527954101562500e-02,1.422914024442434311e-02,9.135881811380386353e-02,-7.489175349473953247e-02,-1.753075793385505676e-02,-4.281718656420707703e-02,-2.861533164978027344e-01,-3.989495337009429932e-02,-6.823780387639999390e-02,7.661224156618118286e-02,2.312419861555099487e-01,3.805088400840759277e-01,2.497626990079879761e-01,-9.805683791637420654e-02,1.171576902270317078e-01,4.262344837188720703e-01,-2.251512855291366577e-01,-1.978658586740493774e-01,-5.135884881019592285e-02,2.150815129280090332e-01,1.789133995771408081e-01,-1.574493050575256348e-01,2.258235812187194824e-01,3.485489487648010254e-01,1.219734773039817810e-01,-1.927071809768676758e-01,-2.124320417642593384e-01,1.863793134689331055e-01,3.061027824878692627e-01,2.787206508219242096e-02,-1.621084213256835938e-01,3.877387046813964844e-01,7.228531688451766968e-02,-5.894608050584793091e-02,5.323065519332885742e-01,1.115986704826354980e-01,3.564695119857788086e-01,-1.506421864032745361e-01,1.735532581806182861e-01,-2.148025780916213989e-01,1.445081084966659546e-01,2.746019698679447174e-02,-1.442697793245315552e-01,-1.565424799919128418e-01,-1.048643961548805237e-01,-1.809160858392715454e-01,1.532553136348724365e-01,-1.327427774667739868e-01,-6.032927706837654114e-02,2.926763892173767090e-01,-1.780626475811004639e-01,-1.451091766357421875e-01,6.521575897932052612e-02,-3.706929087638854980e-02,-1.384169161319732666e-01,-9.470149129629135132e-02,2.628394067287445068e-01,8.395878598093986511e-03,1.548723783344030380e-02,1.780031174421310425e-01,2.445941567420959473e-01,1.250253170728683472e-01,-8.580316603183746338e-02,-2.094091773033142090e-01,-1.090681031346321106e-01,1.921140253543853760e-01,-1.307266019284725189e-02,3.314817249774932861e-01,-3.395699262619018555e-01,-3.621877729892730713e-02,-8.651217818260192871e-02,-6.366630643606185913e-02,-1.561723202466964722e-01,-4.292459189891815186e-01,1.433509141206741333e-01,-2.301681935787200928e-01,1.687946021556854248e-01,-1.668956130743026733e-01,-5.803589895367622375e-02,-5.134681612253189087e-02,-1.154259443283081055e-01,-5.457990169525146484e-01,-2.781765758991241455e-01,3.128336369991302490e-02,1.917023062705993652e-01,7.835391908884048462e-03,-1.681806296110153198e-01,-4.775342345237731934e-02,-6.053289771080017090e-02,1.808645576238632202e-01,-1.821308210492134094e-02,1.607846617698669434e-01,-1.728563308715820312e-01,-2.985386848449707031e-01,-6.541486084461212158e-02,1.187834218144416809e-01,-1.696345210075378418e-01,-3.485401272773742676e-01,3.358605802059173584e-01,-3.875221610069274902e-01,-6.028895080089569092e-02,-2.870191335678100586e-01,2.731332182884216309e-01,2.654126286506652832e-01,9.097947180271148682e-02,2.845439016819000244e-01,2.147909626364707947e-02,1.418343633413314819e-01,1.704801768064498901e-01,-1.980112195014953613e-01,-7.791971322149038315e-03,-1.202234700322151184e-01,-1.629329025745391846e-01,-1.069499850273132324e-01,-2.841401994228363037e-01,-8.321423083543777466e-02,8.438664674758911133e-02,-6.400709599256515503e-02,-9.724678099155426025e-02,3.289481699466705322e-01,-2.301133722066879272e-01,-2.036971896886825562e-01,-2.354576140642166138e-01,-5.599501356482505798e-02,2.059124782681465149e-02,1.989770382642745972e-01,9.023709595203399658e-02,1.481488943099975586e-01,9.246954321861267090e-02,1.265043914318084717e-01,-1.246111318469047546e-01,1.221137195825576782e-01,3.643524348735809326e-01,5.595675855875015259e-02,-3.714753687381744385e-01,1.931917220354080200e-01,-4.860228598117828369e-01,2.748275697231292725e-01,-1.579176038503646851e-01,-1.117171421647071838e-01,1.245788857340812683e-02,-2.287720562890172005e-03,-2.243516594171524048e-01,3.953376710414886475e-01,2.090094089508056641e-01,-4.212459549307823181e-02,9.029327332973480225e-02,7.488128542900085449e-02,7.300670444965362549e-02,1.203762292861938477e-01,9.038134664297103882e-02,5.579849705100059509e-02,5.453792959451675415e-02,-1.649696379899978638e-01,-2.961945161223411560e-02,2.664269879460334778e-02,1.088354811072349548e-01,-7.492170482873916626e-02,9.551670402288436890e-02,-9.780032187700271606e-02,-3.351217806339263916e-01,-1.584436558187007904e-02,-4.791725799441337585e-02,-1.300553679466247559e-01,-5.294473841786384583e-02,-2.487624734640121460e-01,-3.718455508351325989e-02,-1.703919023275375366e-01,9.292542934417724609e-02,1.743496023118495941e-02,5.309978723526000977e-01,-1.245996654033660889e-01,3.301613032817840576e-02,9.616540372371673584e-02,2.739730477333068848e-01,2.421110570430755615e-01,-6.754283308982849121e-01,-1.611286699771881104e-01,9.014128893613815308e-02,3.034010529518127441e-01,1.737859845161437988e-01,-7.471636682748794556e-02,6.903695315122604370e-02,3.621812164783477783e-01,-4.329161942005157471e-01,-1.277203578501939774e-02,-1.678810119628906250e-01,-2.557704448699951172e-01,3.077714703977108002e-02,-2.668490707874298096e-01,4.006532132625579834e-01,-1.307490915060043335e-01,-1.256047934293746948e-01,-1.040403917431831360e-01,-2.310555130243301392e-01,2.454798854887485504e-02,1.774980574846267700e-01,1.705913394689559937e-01,-2.776475390419363976e-03,8.748452365398406982e-02,3.910097777843475342e-01,5.031783878803253174e-02,-1.634280011057853699e-02,-1.417188644409179688e-01,-1.349637061357498169e-01,-2.310428582131862640e-02,-6.179077178239822388e-02,3.427940607070922852e-02,-1.206265687942504883e-01,1.758599281311035156e-02,-9.228068590164184570e-02,-1.727869510650634766e-01,-4.260794818401336670e-01,-5.239765346050262451e-02,-6.528154760599136353e-02,-2.400687932968139648e-01,-1.167747005820274353e-02,-4.786819964647293091e-02,-1.317646540701389313e-02,5.639050621539354324e-03,1.345760375261306763e-01,1.401598844677209854e-02,1.585807278752326965e-02,-8.033467084169387817e-02,-1.665349602699279785e-01,-1.577543616294860840e-01,2.762570045888423920e-02,3.433743119239807129e-01,-1.484484076499938965e-01,1.069892346858978271e-01,1.723719984292984009e-01,-7.055937498807907104e-02,-2.914143539965152740e-02,4.500115290284156799e-02,-1.050183698534965515e-01,1.767702549695968628e-01,1.699353307485580444e-01,-2.706758379936218262e-01,-1.792791783809661865e-01,2.771098911762237549e-01,3.115192949771881104e-01,-5.474725365638732910e-01,2.935643196105957031e-01,3.596162714529782534e-04,1.465012282133102417e-01,-1.827821135520935059e-01,-1.613876372575759888e-01,1.281259208917617798e-02,9.989161044359207153e-03,2.047010064125061035e-01,-2.497673779726028442e-01,-2.808931171894073486e-01,1.298219114542007446e-01,3.554202616214752197e-02,-2.608540095388889313e-02,-9.453354775905609131e-02,-7.334062457084655762e-02,2.146207354962825775e-02,2.558217048645019531e-01,-5.700616911053657532e-02,-2.783989906311035156e-01,-1.503338813781738281e-01,-9.220732003450393677e-02,-4.038272202014923096e-01,-3.249185085296630859e-01,1.728170663118362427e-01,1.240330003201961517e-02,-8.327127248048782349e-02,-7.700638473033905029e-02,3.147546350955963135e-01,7.276613265275955200e-02,1.529302597045898438e-01,3.000424616038799286e-02,1.385986208915710449e-01,-3.114617764949798584e-01,1.617608964443206787e-01,-3.990877419710159302e-02,-5.756267309188842773e-01,-1.156220585107803345e-01,5.232987552881240845e-02,-3.086216747760772705e-02,-1.421464048326015472e-02,-3.651130944490432739e-02,1.660397797822952271e-01,2.588154971599578857e-01,-3.691562637686729431e-02,-4.874227941036224365e-02,6.692194938659667969e-02,6.173828989267349243e-02,2.135788649320602417e-02,-2.678393386304378510e-02,-1.800791770219802856e-01,6.740365177392959595e-02,-1.038764268159866333e-01,1.314521133899688721e-01,-4.941541329026222229e-02,7.281142473220825195e-02,1.741402298212051392e-01,8.188866823911666870e-02,1.007066443562507629e-01,1.843525911681354046e-03,-3.245638012886047363e-01,1.127130687236785889e-01,-5.773738771677017212e-02,9.299465455114841461e-03,-4.081162512302398682e-01,9.875288605690002441e-02,2.247266173362731934e-01,1.273981928825378418e-01,4.367110133171081543e-02,1.510962247848510742e-01,7.489614933729171753e-02,1.358035802841186523e-01,-1.002928521484136581e-02,4.940692335367202759e-02,2.757295072078704834e-01,2.880258262157440186e-01,3.917490839958190918e-01,3.428830504417419434e-01,-5.114949122071266174e-02,-1.743370145559310913e-01,1.968983747065067291e-02,-7.449392229318618774e-02,-1.478222012519836426e-01,3.624328672885894775e-01,-5.426753312349319458e-02,-7.545486092567443848e-02,-2.634895741939544678e-01,7.440613955259323120e-02,-4.048607777804136276e-03,1.076279953122138977e-01,-4.482717812061309814e-02,3.170047327876091003e-02,9.690133482217788696e-02,3.708878159523010254e-01,-3.018040359020233154e-01,6.524793803691864014e-02,2.049841582775115967e-01,2.212878614664077759e-01,1.181337460875511169e-01,-1.602111607789993286e-01,-1.807549148797988892e-01,3.389165699481964111e-01,-2.026665396988391876e-02,-2.729698717594146729e-01,1.373331248760223389e-01,2.667750120162963867e-01,-3.659224137663841248e-02,7.719086110591888428e-02,1.864840975031256676e-03,-3.109556734561920166e-01,-7.897219061851501465e-02,1.787767559289932251e-01,9.324637800455093384e-02,3.334890902042388916e-01,1.576092988252639771e-01,-2.912603504955768585e-02,-4.955606162548065186e-02,1.140757128596305847e-01,-1.527868509292602539e-01,-2.655409276485443115e-02,1.321652829647064209e-01,-1.951869875192642212e-01,4.887099564075469971e-01,-1.392294317483901978e-01,-2.165271639823913574e-01,1.200600340962409973e-01,2.104650586843490601e-01,5.195313692092895508e-02,-1.663008928298950195e-01,1.269535124301910400e-01,-5.445520281791687012e-01,-1.375902164727449417e-02,2.808696031570434570e-01,2.199825793504714966e-01,-4.105691611766815186e-02,4.694175422191619873e-01,5.842231214046478271e-02,9.602181613445281982e-02,-1.037822216749191284e-01,-6.877683103084564209e-02,-2.267957180738449097e-01,2.875417172908782959e-01,1.377893388271331787e-01,-7.687547057867050171e-02,2.694374322891235352e-01,7.445922493934631348e-02,-4.659048914909362793e-01,1.059456393122673035e-01,-1.576028466224670410e-01,-3.071586973965167999e-02,-1.575706526637077332e-02,-1.297543793916702271e-01,-1.997691243886947632e-01,3.972183167934417725e-02,-1.022787839174270630e-01,-3.118735365569591522e-02,-1.987410038709640503e-01,-3.390273451805114746e-01,3.583245351910591125e-02,1.033158227801322937e-01,-2.020902931690216064e-01,2.347638905048370361e-01,-1.543865948915481567e-01,-4.335237443447113037e-01,-3.545388281345367432e-01,8.479958027601242065e-02,-2.493921667337417603e-01,2.881748676300048828e-01,9.108391241170465946e-04,2.072861492633819580e-01,-4.381623864173889160e-01,7.835464179515838623e-02,-2.289558202028274536e-01,1.028859019279479980e-01,1.265455037355422974e-01,2.038644105195999146e-01,-3.516351580619812012e-01,-2.178539633750915527e-01,2.602719366550445557e-01,-8.760395646095275879e-02,3.324291706085205078e-01,-2.903980314731597900e-01,-2.220939993858337402e-01,6.282798200845718384e-02,-1.814327239990234375e-01,4.901729896664619446e-02,-5.285209417343139648e-02,-9.899366414174437523e-04,-8.310498297214508057e-02,1.830697357654571533e-01,4.481555223464965820e-01,1.298462003469467163e-01,-1.786128729581832886e-01,5.594479292631149292e-02,3.388604894280433655e-02,-1.967517100274562836e-02,1.473594829440116882e-02,-2.116606384515762329e-01,1.879284232854843140e-01,2.131768465042114258e-01,9.306200593709945679e-02,-2.273971736431121826e-01,-2.260154187679290771e-01,-4.187370538711547852e-01,3.016540110111236572e-01,8.599965274333953857e-02,3.739461302757263184e-02,-1.582000851631164551e-01,2.336563728749752045e-02,1.567699015140533447e-01,3.002809286117553711e-01,-9.414610266685485840e-02,-3.642273694276809692e-02,-6.255793850868940353e-04,1.084886044263839722e-01,1.061099246144294739e-01,-2.165335416793823242e-02,-4.416864365339279175e-02,3.754906654357910156e-01,-5.042418465018272400e-02,-3.026985935866832733e-02,-3.137093409895896912e-02,-1.830974221229553223e-01,-2.492787390947341919e-01,-1.891126781702041626e-01,3.429757058620452881e-01,-9.230391681194305420e-02,-7.214587926864624023e-02,-2.567740678787231445e-01,6.602340936660766602e-02,2.627314329147338867e-01,-4.193120077252388000e-02,1.412998512387275696e-02,2.336535453796386719e-01,3.729621693491935730e-02,-1.709522157907485962e-01,-2.396707832813262939e-01,5.454313009977340698e-02,2.992356568574905396e-02,1.016246080398559570e-01,4.751465469598770142e-02,-5.532965064048767090e-01,-2.218472659587860107e-01,-3.315739333629608154e-02,-2.992999181151390076e-02,-2.837701737880706787e-01,-9.120274335145950317e-02,2.456152290105819702e-01,-4.829803481698036194e-02,-4.675754532217979431e-02,-5.327185615897178650e-02,1.213272139430046082e-01,4.256898164749145508e-02,1.486101299524307251e-01,-1.015377789735794067e-01,2.573872506618499756e-01,-3.571224212646484375e-02,-1.719886437058448792e-02,-5.078534036874771118e-02,1.678583472967147827e-01,-1.086799278855323792e-01,1.317596621811389923e-02,1.985923759639263153e-02,1.621218025684356689e-01,-2.046055942773818970e-01,1.039139255881309509e-01,8.577348291873931885e-02,-1.715574227273464203e-02,2.250938713550567627e-01,4.572805762290954590e-01,-9.296873211860656738e-02,2.374838851392269135e-02,1.532614231109619141e-01,9.722083806991577148e-02,-2.907775714993476868e-02,-3.021942917257547379e-03,-3.637725114822387695e-02,1.348487138748168945e-01,-2.189607471227645874e-01,1.656935513019561768e-01,1.541115194559097290e-01,-4.394219815731048584e-01,3.389407992362976074e-01,-2.410180419683456421e-01,-1.536222100257873535e-01,1.690064966678619385e-01,1.999585926532745361e-01,1.205478385090827942e-01,-7.188179343938827515e-02,-4.232131540775299072e-01,5.048489570617675781e-02,-2.297949492931365967e-01,-2.158621698617935181e-01,-8.618343621492385864e-03,-8.659108728170394897e-02,-1.987992376089096069e-01,2.649969421327114105e-02,7.461898028850555420e-02,1.213546097278594971e-01,-4.024791419506072998e-01,2.229768633842468262e-01,-4.759003520011901855e-01,-1.970819532871246338e-01,3.192614316940307617e-01,-1.330817341804504395e-01,-3.287352621555328369e-03,1.994721144437789917e-01,9.973034262657165527e-03,-1.758917793631553650e-02,-4.046517014503479004e-01,-2.113223224878311157e-01,2.030283510684967041e-01,-9.195113927125930786e-02,1.092541292309761047e-01,2.455193400382995605e-01,-1.922984607517719269e-02,-1.301198601722717285e-01,5.836558714509010315e-02,5.218880251049995422e-02,1.917330324649810791e-01,-1.553218066692352295e-01,-1.123386099934577942e-01,1.491821408271789551e-01,9.417980164289474487e-02,-2.254387363791465759e-02,-7.344859838485717773e-02,-2.297665178775787354e-01,-1.104892194271087646e-01,-2.399782836437225342e-01,-8.941953629255294800e-02,-3.584049940109252930e-01,-5.345429480075836182e-02,-4.212056994438171387e-01,6.271473318338394165e-02,-1.140375435352325439e-01,1.396491825580596924e-01,2.545311450958251953e-01,3.926925957202911377e-01,-5.951963365077972412e-02,5.587453767657279968e-02,-2.576824426651000977e-01,-1.217490658164024353e-01,-8.188364654779434204e-02,-2.903263270854949951e-01,1.416698545217514038e-01,-1.428911536931991577e-01,3.205106854438781738e-01,-1.087517142295837402e-01,-3.483189940452575684e-01,-2.468605786561965942e-01,-2.777963876724243164e-01,1.381345540285110474e-01,-3.025970607995986938e-02,-1.087812557816505432e-01,-4.792261123657226562e-01,-6.721866875886917114e-02,9.627136588096618652e-02,1.880087107419967651e-01,2.168269604444503784e-01,-1.628040671348571777e-01,-2.860882133245468140e-02,-4.637168645858764648e-01,-1.329637914896011353e-01,-1.330699585378170013e-02,-1.609219238162040710e-02,1.756435632705688477e-02,-1.273134257644414902e-02,-1.585928052663803101e-01,-1.080941632390022278e-01,1.724365749396383762e-03,2.136027067899703979e-01,8.169426023960113525e-02,1.024536192417144775e-01,-9.632675349712371826e-02,1.720946282148361206e-03,-1.017420552670955658e-02,5.437345802783966064e-02,9.360627830028533936e-02,2.335467636585235596e-01,2.064085155725479126e-01,-1.700275987386703491e-01,-6.835754215717315674e-02,4.555194377899169922e-01,-2.169359028339385986e-01,1.408141013234853745e-02,-1.760229095816612244e-02,4.192421957850456238e-02,-1.871557720005512238e-02,3.910084813833236694e-02,-1.400672048330307007e-01,6.112474575638771057e-02,1.357965469360351562e-01,-2.134521603584289551e-01,6.140590831637382507e-02,1.804276555776596069e-02,1.405379623174667358e-01,2.537698149681091309e-01,5.364756658673286438e-02,-5.198057368397712708e-02,8.692102134227752686e-02,-3.404763638973236084e-01,3.907101601362228394e-02,1.526552289724349976e-01,-7.240860909223556519e-02,-1.567956991493701935e-02,-2.676459848880767822e-01,-1.925539821386337280e-01,4.584318771958351135e-02,6.825048476457595825e-02,4.702908694744110107e-01,-1.324273198843002319e-01,3.172379359602928162e-02,-1.581068933010101318e-01,-5.274091381579637527e-03,-1.057161465287208557e-01,-1.446110904216766357e-01,-3.059834539890289307e-01,1.375183612108230591e-01,-1.671376377344131470e-01,3.939540684223175049e-01,2.932481653988361359e-02,-2.042617201805114746e-01,-3.328390121459960938e-01,-3.574222922325134277e-01,-1.703837420791387558e-03,9.217911213636398315e-02,1.687971949577331543e-01,-8.150537312030792236e-02,8.283443003892898560e-02,1.822212785482406616e-01,1.907549351453781128e-01,4.523752331733703613e-01,2.465963810682296753e-01,-2.658205330371856689e-01,-1.850328594446182251e-01,1.760042607784271240e-01,1.160844713449478149e-01,-1.139759123325347900e-01,9.806001931428909302e-02,1.542324125766754150e-01,9.277190268039703369e-02,2.620676159858703613e-01,3.300658464431762695e-01,-4.172570705413818359e-01,-3.478235378861427307e-02,-3.559268638491630554e-02,2.285849899053573608e-01,1.849862784147262573e-01,2.638919055461883545e-01,1.797348856925964355e-01,1.974622756242752075e-01,-2.810716032981872559e-01,-6.862162798643112183e-02,-1.819466203451156616e-01,-1.121818739920854568e-02,-1.672141700983047485e-01,4.590427279472351074e-01,8.730936795473098755e-02,2.319552898406982422e-01,9.871012717485427856e-02,1.308809667825698853e-01,3.529344126582145691e-02,1.366673856973648071e-01,1.930966079235076904e-01,2.319280952215194702e-01,2.014910988509654999e-02,7.455041259527206421e-02,8.358128368854522705e-03,1.701504588127136230e-01,6.293485313653945923e-02,1.234723702073097229e-01,2.916411124169826508e-02,-4.691441543400287628e-03,2.399684041738510132e-01,-1.514061093330383301e-01,1.287585347890853882e-01,8.687982708215713501e-02,-3.494839668273925781e-01,-3.222806751728057861e-01,-1.527612209320068359e-01,1.685327291488647461e-01,-3.229838013648986816e-01,-8.186982572078704834e-02,-3.173472583293914795e-01,6.778001040220260620e-02,-9.304051846265792847e-02,-1.227975785732269287e-01,8.039764314889907837e-02,-3.432913720607757568e-01,-4.151210561394691467e-02,4.331675469875335693e-01,-6.053139641880989075e-02,-1.892361640930175781e-01,9.742724150419235229e-02,4.828647673130035400e-01,5.830376408994197845e-03,1.021008789539337158e-01,6.338465213775634766e-02,1.861566305160522461e-02,1.308493129909038544e-02,8.081166446208953857e-02,2.673880755901336670e-01,1.114222556352615356e-01,2.981385886669158936e-01,2.462715841829776764e-02,1.606108844280242920e-01,-1.290264129638671875e-01,-1.081426665186882019e-01,2.171145752072334290e-03,3.852980735246092081e-04,2.613566815853118896e-01,-1.419896334409713745e-01,3.957531973719596863e-02,1.899965703487396240e-01,1.978311538696289062e-01,-3.928404450416564941e-01,1.965415179729461670e-01,-7.409995887428522110e-03,3.296777307987213135e-01,1.763335019350051880e-01,-9.868429601192474365e-02,3.033230006694793701e-01,9.366457164287567139e-02,-8.072146773338317871e-02,1.788658797740936279e-01
1.517960727214813232e-01,-2.631074190139770508e-01,6.708938628435134888e-02,-1.296141445636749268e-01,1.915219239890575409e-02,-3.035952448844909668e-01,-1.286684870719909668e-01,5.404650047421455383e-02,3.491506576538085938e-01,5.833625793457031250e-01,8.374194800853729248e-02,2.075773179531097412e-01,1.259080469608306885e-01,1.048066914081573486e-01,1.304496824741363525e-01,-5.437712185084819794e-03,-1.062391176819801331e-01,2.885534167289733887e-01,-1.344135999679565430e-01,1.560447830706834793e-02,1.621368229389190674e-01,4.979136958718299866e-02,-3.793179690837860107e-01,1.882428675889968872e-01,6.668177247047424316e-02,2.493057548999786377e-01,-1.194893941283226013e-01,2.435074746608734131e-01,-2.310037612915039062e-01,2.320929765701293945e-01,-1.702414266765117645e-02,3.126217424869537354e-01,9.080851078033447266e-02,-4.193529486656188965e-01,-1.602823436260223389e-01,-1.497690975666046143e-01,1.443341970443725586e-01,-8.103895932435989380e-02,2.044375389814376831e-01,4.387984573841094971e-01,-3.104897439479827881e-01,-5.439248085021972656e-01,8.665083348751068115e-02,-6.052051484584808350e-02,3.442972525954246521e-02,-3.574328124523162842e-01,-6.161470338702201843e-02,3.449390828609466553e-01,2.236245721578598022e-01,1.100309044122695923e-01,-1.976229399442672729e-01,1.429868936538696289e-01,1.761062294244766235e-01,-4.000134468078613281e-01,1.411538720130920410e-01,-4.554675146937370300e-02,-4.984793439507484436e-02,3.105020523071289062e-01,-1.190787740051746368e-02,-2.526183724403381348e-01,-2.515116333961486816e-01,3.401329219341278076e-01,6.052745878696441650e-02,5.079194903373718262e-02,3.349455073475837708e-02,3.466762602329254150e-01,-1.469204276800155640e-01,-5.106461420655250549e-02,-2.778133153915405273e-01,2.516757547855377197e-01,1.159094944596290588e-01,6.266021169722080231e-03,5.929174646735191345e-02,-2.685061991214752197e-01,9.752865880727767944e-02,-3.261630237102508545e-01,-2.496792748570442200e-02,-1.848961412906646729e-01,-3.991332948207855225e-01,2.805539965629577637e-01,-8.737567812204360962e-02,1.869750171899795532e-01,-3.303860127925872803e-01,7.351391017436981201e-02,1.712709665298461914e-01,-2.166220843791961670e-01,8.324212580919265747e-02,-1.289984770119190216e-02,2.584527730941772461e-01,-1.471551358699798584e-01,-3.458051085472106934e-01,-1.752420514822006226e-01,3.066411009058356285e-03,8.557435870170593262e-02,4.168050736188888550e-02,-1.503095477819442749e-01,2.274955660104751587e-01,-2.855677008628845215e-01,-7.150009274482727051e-02,4.278476908802986145e-02,-1.047014221549034119e-01,-3.427366539835929871e-02,-2.413342893123626709e-01,1.461233198642730713e-02,-2.156788855791091919e-01,-2.950894832611083984e-02,-1.850158423185348511e-01,1.987606137990951538e-01,7.619473617523908615e-03,2.745523750782012939e-01,-9.274073690176010132e-02,-3.027715682983398438e-01,3.559584170579910278e-02,4.036808386445045471e-02,-9.528565406799316406e-02,-2.780563011765480042e-02,-2.098035300150513649e-03,6.189309954643249512e-01,7.409176975488662720e-02,-8.311818540096282959e-02,2.085910737514495850e-01,2.862517237663269043e-01,-3.678926452994346619e-02,-2.023072838783264160e-01,-1.411996930837631226e-01,-4.097913801670074463e-01,1.264785826206207275e-01,3.820887207984924316e-01,-1.010419130325317383e-01,-3.162262588739395142e-02,-9.152799099683761597e-02,1.608197391033172607e-01,-1.174860149621963501e-01,-2.957775890827178955e-01,7.829102873802185059e-02,1.996378153562545776e-01,1.430143415927886963e-02,-1.044659689068794250e-01,-6.558657437562942505e-02,1.244733408093452454e-01,-2.556290924549102783e-01,1.044379472732543945e-01,-3.093950077891349792e-02,-9.530774503946304321e-02,-1.727808415889739990e-01,7.719022035598754883e-02,-3.876230418682098389e-01,-1.300269365310668945e-01,3.779596984386444092e-01,-2.192205339670181274e-01,-3.178513348102569580e-01,-1.689049303531646729e-01,1.082466915249824524e-01,-6.460934877395629883e-02,-1.537680178880691528e-01,4.505722522735595703e-01,2.614018917083740234e-01,-2.495963275432586670e-01,-3.455567955970764160e-01,4.123347997665405273e-01,7.940118759870529175e-02,2.733344137668609619e-01,2.499422430992126465e-01,8.723698556423187256e-02,-1.166828572750091553e-01,-3.110288679599761963e-01,-2.208161726593971252e-02,1.280240565538406372e-01,-3.878127038478851318e-02,-1.969751864671707153e-01,4.982087016105651855e-01,3.714571893215179443e-02,-5.697892233729362488e-02,-1.660870462656021118e-01,-1.259087324142456055e-01,5.693044066429138184e-01,-2.033566087484359741e-01,-7.910208404064178467e-02,1.529333442449569702e-01,-9.476480633020401001e-02,-1.699819266796112061e-01,-2.443625479936599731e-01,1.860086321830749512e-01,-3.061510026454925537e-01,5.830624606460332870e-03,2.036498337984085083e-01,-2.376686036586761475e-01,2.491358667612075806e-01,-1.282683312892913818e-01,9.972544386982917786e-03,2.604287862777709961e-01,3.207032568752765656e-03,1.904823780059814453e-01,2.443649768829345703e-01,2.982440292835235596e-01,3.876946568489074707e-01,4.283282160758972168e-01,-1.505624204874038696e-01,-3.715299665927886963e-01,4.501452296972274780e-02,2.899634838104248047e-01,1.708974540233612061e-01,-2.990263998508453369e-01,-9.773627668619155884e-02,-1.971758306026458740e-01,2.809386849403381348e-01,-4.818454384803771973e-03,-1.112228557467460632e-01,4.684004783630371094e-01,-2.598966956138610840e-01,-2.868649661540985107e-01,-1.813523024320602417e-01,1.343928128480911255e-01,-3.885271144099533558e-04,-4.365568757057189941e-01,-3.682920038700103760e-01,-2.791367471218109131e-01,-4.327194988727569580e-01,1.068306434899568558e-02,2.554497122764587402e-01,2.177404463291168213e-01,-9.883730113506317139e-02,1.702136248350143433e-01,1.724231839179992676e-01,-4.543613493442535400e-01,-1.041686460375785828e-01,1.607730537652969360e-01,2.069271206855773926e-01,1.150633245706558228e-01,8.180195689201354980e-01,2.037587016820907593e-01,-1.538525670766830444e-01,-2.268335074186325073e-01,4.295115470886230469e-01,6.769352406263351440e-02,-3.417120873928070068e-01,1.818995624780654907e-01,-5.404147133231163025e-02,7.428636401891708374e-02,1.307069957256317139e-01,-7.619383931159973145e-02,3.698963224887847900e-01,1.219735816121101379e-01,-2.427312135696411133e-01,1.426425427198410034e-01,-3.309190571308135986e-01,7.261025160551071167e-02,-6.481400877237319946e-02,1.553004514425992966e-02,-5.004092454910278320e-01,-2.954582273960113525e-01,2.706943452358245850e-01,-9.385774284601211548e-02,-5.925588011741638184e-01,-4.264074377715587616e-03,-2.939724326133728027e-01,-1.787009239196777344e-01,1.117461696267127991e-01,3.618140220642089844e-01,4.360934793949127197e-01,2.254014909267425537e-01,-6.972118467092514038e-02,-3.701206445693969727e-01,-1.657175272703170776e-01,5.525518059730529785e-01,1.610673964023590088e-01,9.442436695098876953e-02,2.381009906530380249e-01,4.869499430060386658e-02,1.269538700580596924e-01,-6.338397413492202759e-02,-1.409690082073211670e-01,-3.602311611175537109e-01,2.317882180213928223e-01,4.401938617229461670e-01,-3.916128352284431458e-02,9.783927351236343384e-03,-2.600491642951965332e-01,-4.056108891963958740e-01,-2.697171866893768311e-01,-1.597588062286376953e-01,3.081516921520233154e-01,-7.798565924167633057e-02,1.762016862630844116e-01,-3.781777620315551758e-01,3.592967987060546875e-01,-1.157028377056121826e-01,-1.229187771677970886e-01,4.997995495796203613e-02,-1.017366200685501099e-01,3.491366505622863770e-01,2.056843601167201996e-02,4.405990242958068848e-01,3.544314503669738770e-01,-5.861685276031494141e-01,1.491463780403137207e-01,2.740639634430408478e-02,-1.350707374513149261e-02,-2.015764713287353516e-01,2.951193749904632568e-01,9.933061152696609497e-02,-1.975355893373489380e-01,1.799390316009521484e-01,3.046209216117858887e-01,-1.267176419496536255e-01,3.788188397884368896e-01,-1.922315508127212524e-01,2.106152325868606567e-01,-1.424112319946289062e-01,7.507768273353576660e-02,1.294513940811157227e-01,-1.511394083499908447e-01,6.999619305133819580e-02,1.048547923564910889e-01,1.870623528957366943e-01,-3.556464910507202148e-01,5.886064842343330383e-02,1.538303345441818237e-01,4.315721616148948669e-02,1.116635650396347046e-01,3.250088989734649658e-01,-2.010812312364578247e-01,-2.706761062145233154e-01,-2.861466258764266968e-02,-2.947121560573577881e-01,-3.379393517971038818e-01,-1.385749876499176025e-01,-2.227701544761657715e-01,-1.475537568330764771e-01,1.574948430061340332e-01,-5.109483003616333008e-01,-6.003743410110473633e-01,-2.144799977540969849e-01,-8.436703681945800781e-01,8.351381868124008179e-02,-2.516869604587554932e-01,-5.162412300705909729e-03,1.452544629573822021e-01,1.051271408796310425e-01,-2.162090316414833069e-02,4.335694611072540283e-01,4.087023735046386719e-01,-4.521825164556503296e-02,-5.556048452854156494e-02,-4.973670840263366699e-02,-1.976610422134399414e-01,-2.317852526903152466e-01,-8.729378879070281982e-02,-1.291965544223785400e-01,-6.322603672742843628e-02,-1.205501854419708252e-01,4.020279645919799805e-02,-4.952498078346252441e-01,-1.282920986413955688e-01,-2.927776873111724854e-01,-4.949605762958526611e-01,2.431711256504058838e-01,-1.332202851772308350e-01,2.551600039005279541e-01,-1.627069339156150818e-02,-8.855102956295013428e-02,-1.390396356582641602e-01,-9.597235172986984253e-02,3.403109014034271240e-01,-2.105306386947631836e-01,9.370838850736618042e-02,1.696909964084625244e-01,3.028165698051452637e-01,-1.090898811817169189e-01,6.234183907508850098e-01,-2.254976332187652588e-01,-5.684575065970420837e-02,-9.895953536033630371e-02,-6.107755750417709351e-02,-6.055679917335510254e-02,4.126692935824394226e-02,1.258354354649782181e-02,7.790861651301383972e-03,2.080543637275695801e-01,-6.597929447889328003e-02,-3.547566831111907959e-01,1.019401699304580688e-01,-1.010408550500869751e-01,1.657557785511016846e-01,2.402249351143836975e-02,1.507353931665420532e-01,2.065319418907165527e-01,-3.767741918563842773e-01,-3.189593553543090820e-02,-2.773553505539894104e-02,-3.676551878452301025e-01,1.495371460914611816e-01,-3.008222579956054688e-01,2.255614846944808960e-03,2.055374830961227417e-01,1.302313506603240967e-01,4.084153100848197937e-02,-5.077589750289916992e-01,7.395149767398834229e-02,-3.307210281491279602e-02,1.663074046373367310e-01,-1.470201164484024048e-01,1.388946175575256348e-01,-4.171889126300811768e-01,3.741584345698356628e-02,1.554640680551528931e-01,-4.502671062946319580e-01,2.806838154792785645e-01,-3.820181638002395630e-02,1.838234812021255493e-01,-1.233359426259994507e-01,1.360204536467790604e-02,5.793067216873168945e-01,-3.304051160812377930e-01,-2.465277314186096191e-01,-1.612658053636550903e-02,-2.761831134557723999e-02,-8.946891129016876221e-02,3.247122168540954590e-01,-1.922965347766876221e-01,1.687582954764366150e-02,-1.111137717962265015e-01,-7.744387537240982056e-02,-3.009108267724514008e-02,7.287037372589111328e-02,1.649931222200393677e-01,-7.210333645343780518e-02,-1.717710196971893311e-01,-3.297760486602783203e-01,2.932502925395965576e-01,3.068495169281959534e-02,-8.852851390838623047e-02,-6.520912051200866699e-02,2.629529684782028198e-02,3.563682436943054199e-01,-3.442624509334564209e-01,2.524040341377258301e-01,1.772123202681541443e-02,-5.163239315152168274e-02,-1.272928714752197266e-01,2.066020518541336060e-01,-1.069974750280380249e-01,8.462319523096084595e-02,6.409501433372497559e-01,-7.129645943641662598e-01,-4.179070293903350830e-01,7.177720963954925537e-02,3.084686584770679474e-02,-2.775000873953104019e-03,1.316067576408386230e-01,1.556459963321685791e-01,1.703891903162002563e-01,3.242450952529907227e-01,1.411590427160263062e-01,1.579727381467819214e-01,7.071838527917861938e-02,9.289075434207916260e-02,-1.464635580778121948e-01,-1.211999636143445969e-02,2.145784907042980194e-02,2.173395901918411255e-01,4.761551320552825928e-01,2.320373952388763428e-01,-1.933533251285552979e-01,5.803417414426803589e-03,6.755425781011581421e-02,2.840610146522521973e-01,3.377749323844909668e-01,2.881848253309726715e-02,-2.076201327145099640e-02,-1.420345157384872437e-01,-1.072951778769493103e-01,-5.881018470972776413e-03,2.607205808162689209e-01,-2.510973513126373291e-01,2.244924008846282959e-01,-1.364903151988983154e-01,2.203550189733505249e-01,-2.332491129636764526e-01,1.046591624617576599e-01,1.646993798203766346e-03,9.561456739902496338e-02,-1.838446259498596191e-01,1.004601195454597473e-01,3.518775701522827148e-01,6.878031045198440552e-02,4.646735265851020813e-02,-2.893377542495727539e-01,1.867210417985916138e-01,6.889975816011428833e-02,-4.714359641075134277e-01,-5.693317577242851257e-02,-1.992841362953186035e-01,2.937508821487426758e-01,1.293976753950119019e-01,-4.482789933681488037e-01,-5.519484356045722961e-02,1.295689959079027176e-02,2.088631093502044678e-01,4.286374151706695557e-02,2.551615536212921143e-01,9.352782368659973145e-02,-5.549229681491851807e-02,-2.764556705951690674e-01,-1.330578923225402832e-01,-2.466052770614624023e-02,-7.528982311487197876e-02,2.384137958288192749e-01,3.790287673473358154e-02,-7.636687904596328735e-02,-4.566477984189987183e-02,-3.839548528194427490e-01,-3.923723846673965454e-02,3.248499631881713867e-01,3.371086120605468750e-01,1.362213492393493652e-01,2.729518711566925049e-01,3.015463352203369141e-01,-1.688722334802150726e-02,-1.263295114040374756e-01,3.940136730670928955e-02,-2.653791010379791260e-01,2.097136527299880981e-01,-6.344943493604660034e-02,-3.029312789440155029e-01,1.411071326583623886e-02,-1.719434261322021484e-01,1.987227201461791992e-01,9.248001128435134888e-02,2.644002139568328857e-01,-4.311185330152511597e-02,-9.887251071631908417e-03,-2.569025456905364990e-01,5.113525781780481339e-03,3.694345355033874512e-01,-4.576436281204223633e-01,9.121036157011985779e-03,3.307433426380157471e-01,7.966249249875545502e-03,2.475754916667938232e-02,-1.491848938167095184e-02,-1.842233389616012573e-01,-1.221143528819084167e-01,-3.072281600907444954e-03,-1.020412445068359375e-01,-1.320044696331024170e-01,-2.216990590095520020e-01,9.024167805910110474e-02,-8.742120862007141113e-02,-5.880993977189064026e-02,-1.277772784233093262e-01,8.888956904411315918e-02,2.623004373162984848e-03,-9.725321829319000244e-02,-3.350344300270080566e-02,-3.503963351249694824e-01,-5.564848706126213074e-02,1.021603941917419434e-01,2.241557538509368896e-01,2.852095365524291992e-01,-2.062499076128005981e-01,2.822579145431518555e-01,-2.588677108287811279e-01,-1.548246443271636963e-01,2.991754002869129181e-02,-6.366492807865142822e-02,3.555254936218261719e-01,1.945005357265472412e-01,-6.654847413301467896e-02,1.019982844591140747e-01,1.781199127435684204e-01,2.137124240398406982e-01,-3.139680027961730957e-01,2.481388896703720093e-01,-1.233483403921127319e-01,-1.053916588425636292e-01,-2.781859338283538818e-01,-5.954038500785827637e-01,-3.087274730205535889e-01,-3.447318971157073975e-01,1.663003265857696533e-01,-2.351198941469192505e-01,2.640989720821380615e-01,2.136023528873920441e-02,-1.143719404935836792e-01,-4.164762198925018311e-01,2.264655977487564087e-01,-5.002628564834594727e-01,-1.767649948596954346e-01,1.308930665254592896e-01,-7.522192597389221191e-02,6.353121995925903320e-02,-1.949975192546844482e-01,-5.656720139086246490e-03,-2.902320399880409241e-02,1.412228196859359741e-01,-1.919338852167129517e-02,8.885201066732406616e-02,-1.861771494150161743e-01,-1.629091352224349976e-01,-4.343877732753753662e-01,1.753607988357543945e-01,1.755269765853881836e-01,-5.223774537444114685e-02,3.106303811073303223e-01,1.547366529703140259e-01,2.372534573078155518e-01,-1.487467736005783081e-01,8.626134693622589111e-02,1.167258247733116150e-01,-1.342866569757461548e-01,-1.669169217348098755e-01,3.626710772514343262e-01,-4.274298250675201416e-02,3.980096578598022461e-01,-2.570748329162597656e-01,9.213449060916900635e-02,1.272353827953338623e-01,1.019790992140769958e-01,-3.914886415004730225e-01,-1.928702145814895630e-01,-1.286623477935791016e-01,-1.820589601993560791e-01,5.273581147193908691e-01,-3.134360611438751221e-01,1.578145176172256470e-01,-2.124364376068115234e-01,-3.560887873172760010e-01,1.830454468727111816e-01,2.383543401956558228e-01,1.839690059423446655e-01,2.630969583988189697e-01,-1.048178896307945251e-01,-6.416290998458862305e-01,-9.177727997303009033e-02,-1.022546291351318359e-01,-2.675413191318511963e-01,-2.706393897533416748e-01,1.845070570707321167e-01,-2.511080801486968994e-01,-1.825243085622787476e-01,-1.476645618677139282e-01,-3.679757192730903625e-02,-1.664212048053741455e-01,-2.536700963973999023e-01,3.382076742127537727e-03,-2.245102971792221069e-01,2.379049807786941528e-01,-6.225943937897682190e-02,-1.642803698778152466e-01,8.488360047340393066e-02,-7.163706421852111816e-02,6.026529073715209961e-01,1.474371105432510376e-01,-4.586814437061548233e-03,2.058155387639999390e-01,1.253507137298583984e-01,2.955348230898380280e-02,-5.726570636034011841e-02,1.539910882711410522e-01,-4.655494987964630127e-01,2.940393090248107910e-01,5.462036132812500000e-01,6.911148130893707275e-02,-8.288834360428154469e-04,-1.851353198289871216e-01,-1.839785128831863403e-01,-6.296213269233703613e-01,-1.418409049510955811e-01,-6.586803495883941650e-02,5.705386400222778320e-01,-2.301821298897266388e-02,-1.877721548080444336e-01,4.379404187202453613e-01,-3.611639142036437988e-01,-3.035967983305454254e-02,1.088968105614185333e-02,-1.236158758401870728e-01,-1.212108582258224487e-01,6.253406405448913574e-02,9.600072503089904785e-01,-1.534229796379804611e-02,-2.696533799171447754e-01,-1.778499633073806763e-01,-2.376789599657058716e-01,-3.127870336174964905e-02,4.190105199813842773e-02,2.500681877136230469e-01,-2.341794967651367188e-01,-4.252072572708129883e-01,1.570444405078887939e-01,3.377907872200012207e-01,5.436550453305244446e-02,-1.930969655513763428e-01,4.900647327303886414e-02,4.197398126125335693e-01,1.386640518903732300e-01,-2.476951330900192261e-01,6.141542792320251465e-01,2.598380446434020996e-01,5.338531360030174255e-02,-7.337184250354766846e-02,4.243805110454559326e-01,2.380336374044418335e-01,-1.887866854667663574e-01,-2.719835937023162842e-01,1.011930853128433228e-01,-7.242716848850250244e-02,4.607555866241455078e-01,3.483507335186004639e-01,-2.954327762126922607e-01,-2.612656354904174805e-01,3.977651298046112061e-01,-3.311268389225006104e-01,-3.036549985408782959e-01,4.039209708571434021e-02,7.370077818632125854e-02,-3.127819001674652100e-01,1.604529470205307007e-01,-4.751219227910041809e-02,4.415253922343254089e-02,-5.536057949066162109e-01,3.157336413860321045e-01,2.803624868392944336e-01,-3.127711713314056396e-01,-9.900263696908950806e-02,-1.242354661226272583e-01,-2.646925747394561768e-01,-8.522731065750122070e-02,2.245888859033584595e-02,4.798638820648193359e-01,2.366676367819309235e-02,-1.225327625870704651e-01,3.821894526481628418e-01,-5.197630450129508972e-02,2.021367698907852173e-01,3.663862645626068115e-01,1.180729866027832031e-01,-1.052286550402641296e-01,4.494587481021881104e-01,-4.017934501171112061e-01,-2.015648484230041504e-01,3.412517160177230835e-02,2.268826514482498169e-01,-2.240139394998550415e-01,3.249008953571319580e-02,8.980841189622879028e-02,6.029764413833618164e-01,2.504889369010925293e-01,4.790596067905426025e-01,-2.005815058946609497e-01,4.888211488723754883e-01,-1.586901694536209106e-01,-4.168842732906341553e-01,-1.129834279417991638e-01,2.219630479812622070e-01,8.567480370402336121e-03,3.025028109550476074e-01,-4.549262300133705139e-02,2.350294888019561768e-01,-1.844964623451232910e-01,6.537390351295471191e-01,-1.448263972997665405e-01,1.980487853288650513e-01,1.344927847385406494e-01,5.238898843526840210e-02,-2.803652174770832062e-02,-1.858145743608474731e-02
-1.131763085722923279e-01,1.556579321622848511e-01,-1.755177974700927734e-01,6.745007634162902832e-01,-3.353000879287719727e-01,2.246686220169067383e-01,-1.047597005963325500e-01,2.200617687776684761e-03,1.167935281991958618e-01,-3.579002320766448975e-01,4.870561882853507996e-02,3.217116296291351318e-01,-3.339752182364463806e-02,-7.687079906463623047e-02,1.253789663314819336e-01,-1.461451500654220581e-01,2.017672061920166016e-01,3.806373476982116699e-01,-2.613086700439453125e-01,2.055158317089080811e-01,-2.958788573741912842e-01,-4.329411983489990234e-01,6.161286309361457825e-02,2.356005460023880005e-01,1.365184336900711060e-01,-3.354694545269012451e-01,7.558325678110122681e-02,-2.470990270376205444e-01,-8.522355929017066956e-03,-3.731774985790252686e-01,2.741904854774475098e-01,-6.918082833290100098e-01,-1.683310717344284058e-01,-4.300447404384613037e-01,1.544618606567382812e-01,2.906121611595153809e-01,1.063103452324867249e-01,1.264356523752212524e-01,3.316181246191263199e-03,-9.412784874439239502e-02,5.715194717049598694e-02,2.320793867111206055e-01,8.696370571851730347e-02,9.213371574878692627e-02,-1.903409808874130249e-01,-3.472811281681060791e-01,3.336078822612762451e-01,5.210182443261146545e-02,-1.269180178642272949e-01,2.693219184875488281e-01,-4.943003877997398376e-02,-3.018828332424163818e-01,5.021935328841209412e-02,-5.177363753318786621e-01,1.056975424289703369e-01,-1.631876826286315918e-01,-9.921429306268692017e-02,-3.941907584667205811e-01,2.233523130416870117e-01,2.579447440803050995e-02,1.755870580673217773e-01,3.435525670647621155e-02,5.148125439882278442e-02,3.185931146144866943e-01,-3.560515586286783218e-03,5.187073349952697754e-01,1.268402785062789917e-01,-2.443227171897888184e-01,2.067698091268539429e-01,-2.861616909503936768e-01,-1.115364283323287964e-01,-4.601651802659034729e-02,-6.260105222463607788e-02,2.977324724197387695e-01,-6.152310967445373535e-01,-4.452947378158569336e-01,2.016289383172988892e-01,3.209063410758972168e-02,6.318893283605575562e-02,1.778368353843688965e-01,1.024905517697334290e-01,-5.159614682197570801e-01,-6.566923111677169800e-03,1.346343010663986206e-01,-2.233489751815795898e-01,1.740473881363868713e-02,3.675974905490875244e-01,4.696219787001609802e-02,4.678529202938079834e-01,2.125523090362548828e-01,-1.064201891422271729e-01,-2.955785393714904785e-01,8.526695519685745239e-02,3.303564339876174927e-02,-2.142555546015501022e-03,-8.148891478776931763e-02,8.954630792140960693e-02,1.813175082206726074e-01,-2.494680434465408325e-01,4.125767853111028671e-03,-5.617741961032152176e-03,3.997841477394104004e-02,-3.194356560707092285e-01,-5.993878841400146484e-02,-4.583787918090820312e-01,1.469507813453674316e-01,5.224688053131103516e-01,8.993737399578094482e-02,1.977546215057373047e-01,1.741881668567657471e-01,1.206537187099456787e-01,1.661751121282577515e-01,-1.611196398735046387e-01,-1.742605417966842651e-01,1.219957768917083740e-01,2.343893349170684814e-01,-9.335244074463844299e-03,9.107969701290130615e-02,1.261606216430664062e-01,-1.675108671188354492e-01,3.880065679550170898e-02,4.228360950946807861e-01,-2.303734272718429565e-01,8.965665847063064575e-02,2.293832786381244659e-02,-1.684200763702392578e-01,1.822208985686302185e-03,2.156547456979751587e-01,1.351759135723114014e-01,-2.483659796416759491e-02,1.692617386579513550e-01,-6.384043693542480469e-01,3.692330094054341316e-03,3.956694155931472778e-02,-9.265387430787086487e-03,2.291474491357803345e-01,9.420192241668701172e-02,-2.618070542812347412e-01,-5.160217732191085815e-02,5.008413791656494141e-01,-7.653206586837768555e-02,-2.987061142921447754e-01,2.087640017271041870e-01,3.579537272453308105e-01,2.575227618217468262e-01,-5.825733542442321777e-01,-7.994964718818664551e-02,1.533623337745666504e-01,-1.201210245490074158e-01,-4.260430857539176941e-02,-2.341781705617904663e-01,3.870569169521331787e-01,-1.291192770004272461e-01,2.874630093574523926e-01,-2.760088145732879639e-01,1.750243306159973145e-01,2.106049656867980957e-01,-2.181205153465270996e-01,-6.414967030286788940e-02,-1.485374718904495239e-01,1.297490596771240234e-01,-1.114683598279953003e-01,5.288416743278503418e-01,-2.647960782051086426e-01,-4.887515604496002197e-01,-3.292094469070434570e-01,2.256948798894882202e-01,-3.342852890491485596e-01,-4.267093166708946228e-02,-1.469580084085464478e-01,1.147300526499748230e-01,5.506072938442230225e-02,5.426843184977769852e-03,9.167171269655227661e-02,-2.285220324993133545e-01,-3.684826195240020752e-01,2.041338384151458740e-01,1.256300657987594604e-01,1.294434517621994019e-01,-4.555903077125549316e-01,7.821416854858398438e-02,2.499444037675857544e-02,1.199893280863761902e-01,-2.849575281143188477e-01,1.426707506179809570e-01,5.116979777812957764e-02,-5.334408953785896301e-02,5.473662912845611572e-02,-3.193842172622680664e-01,-3.406275212764739990e-01,-7.421956211328506470e-02,2.453798353672027588e-01,-1.497660726308822632e-01,-1.215092763304710388e-01,-1.301085669547319412e-02,3.780091553926467896e-02,-4.101378917694091797e-01,-7.309890538454055786e-02,1.807155758142471313e-01,6.628555804491043091e-02,-2.121048420667648315e-01,1.354940533638000488e-01,-8.308979868888854980e-02,-4.416611045598983765e-02,4.684140384197235107e-01,-4.025184512138366699e-01,-2.353588640689849854e-01,-2.600558660924434662e-02,-2.662341892719268799e-01,5.155670642852783203e-02,-1.631008833646774292e-01,-1.171564012765884399e-01,-6.093039512634277344e-01,4.252192378044128418e-02,-3.375362455844879150e-01,-2.549577653408050537e-01,2.791192233562469482e-01,-3.603011667728424072e-01,-2.656168304383754730e-02,1.623403467237949371e-02,2.162737250328063965e-01,2.879736721515655518e-01,-2.912423610687255859e-01,2.299213558435440063e-01,-2.064346075057983398e-01,5.481091514229774475e-02,-3.827888071537017822e-01,-1.184029057621955872e-01,-1.368880569934844971e-01,1.881109178066253662e-02,3.112145960330963135e-01,-2.674601972103118896e-02,-1.592958122491836548e-01,-2.247473448514938354e-01,-3.151338994503021240e-01,4.424822032451629639e-01,3.417510390281677246e-01,-4.563861191272735596e-01,-1.570142805576324463e-01,-9.659819304943084717e-02,-1.125627905130386353e-01,1.101359650492668152e-01,-2.013226747512817383e-01,-2.601047791540622711e-02,-2.442889809608459473e-01,-1.111397519707679749e-01,4.768587648868560791e-02,-1.591598987579345703e-02,-3.315881788730621338e-01,-1.129746362566947937e-01,4.285429604351520538e-03,2.189509011805057526e-02,2.200596481561660767e-01,2.250439301133155823e-02,-3.605973720550537109e-01,1.699818074703216553e-01,-1.056215818971395493e-02,-2.389591783285140991e-01,-3.160173892974853516e-01,4.835500940680503845e-02,4.869609177112579346e-01,4.670571684837341309e-01,-3.360167890787124634e-02,-5.342469736933708191e-02,1.270423531532287598e-01,-3.538741171360015869e-01,1.407825201749801636e-01,8.600106090307235718e-02,2.848645485937595367e-02,2.437026426196098328e-02,-5.390493199229240417e-02,1.644401699304580688e-01,-3.977272212505340576e-01,-5.308315157890319824e-02,-4.856290668249130249e-02,-8.750469237565994263e-02,-1.857013553380966187e-01,1.768096238374710083e-01,2.923807203769683838e-01,5.718912184238433838e-02,-4.533517360687255859e-01,7.674495130777359009e-02,3.788650631904602051e-01,1.077928245067596436e-01,-6.237351298332214355e-01,1.252679377794265747e-01,-4.942297041416168213e-01,-4.020487070083618164e-01,1.952499896287918091e-02,2.708990685641765594e-02,2.631875276565551758e-01,-8.299583941698074341e-02,5.229666829109191895e-01,2.738273143768310547e-01,5.827782154083251953e-01,9.323742985725402832e-02,1.693831942975521088e-02,2.328337728977203369e-01,-1.222271472215652466e-02,-2.026488333940505981e-01,1.439956128597259521e-01,7.707556337118148804e-02,-3.088923692703247070e-01,7.779777795076370239e-02,-1.760536581277847290e-01,-1.494679152965545654e-01,-3.511632680892944336e-01,-2.076000869274139404e-01,-3.677263855934143066e-01,-5.084152221679687500e-01,-4.927263259887695312e-01,-2.679360210895538330e-01,3.481860160827636719e-01,-3.493408560752868652e-01,2.075433135032653809e-01,-4.744742065668106079e-02,6.892508268356323242e-02,-2.585459351539611816e-01,1.186325959861278534e-02,-5.991679802536964417e-02,-1.159099265933036804e-01,8.473689109086990356e-02,2.544240057468414307e-01,9.251592308282852173e-02,-1.810837984085083008e-01,-5.524035915732383728e-02,-1.644189357757568359e-01,6.182151436805725098e-01,2.093799412250518799e-01,-1.252479702234268188e-01,-4.486620128154754639e-01,-1.143905967473983765e-01,-2.911488115787506104e-01,-3.716511130332946777e-01,1.313288211822509766e-01,1.105397939682006836e-01,-1.844498664140701294e-01,-3.334166854619979858e-02,-8.783815056085586548e-02,-3.642101585865020752e-01,-3.321571052074432373e-01,-3.935849070549011230e-01,-1.295563280582427979e-01,1.671039462089538574e-01,1.644315081648528576e-03,1.977785378694534302e-01,2.264327257871627808e-01,1.686844080686569214e-01,-1.106678023934364319e-01,-1.178150847554206848e-01,-2.754004001617431641e-01,6.439141929149627686e-02,-1.221934035420417786e-01,-6.964317709207534790e-02,4.057873785495758057e-01,3.684752583503723145e-01,-5.743727684020996094e-01,-3.435196280479431152e-01,5.433031823486089706e-03,-1.756052076816558838e-01,6.588327884674072266e-02,-3.271274566650390625e-01,-2.860233783721923828e-01,6.100169941782951355e-02,-4.685400426387786865e-02,-3.193735778331756592e-01,3.459774553775787354e-01,-2.183753997087478638e-01,2.996746599674224854e-01,-1.243888959288597107e-01,-1.719967722892761230e-01,1.761218756437301636e-01,9.139936417341232300e-02,7.126089185476303101e-02,1.997555047273635864e-01,4.077534377574920654e-01,2.862041592597961426e-01,1.503530293703079224e-01,-5.158457905054092407e-02,-3.361425176262855530e-02,6.751015782356262207e-01,-8.572731167078018188e-02,2.037189435213804245e-03,-2.957063317298889160e-01,7.893012464046478271e-02,-4.055592417716979980e-01,4.274179041385650635e-02,-4.255120828747749329e-02,-4.468457773327827454e-02,-5.064909458160400391e-01,-4.066797792911529541e-01,-3.894016742706298828e-01,1.187288090586662292e-01,2.424845248460769653e-01,-1.619778275489807129e-01,1.216193381696939468e-02,7.711249589920043945e-02,4.043460488319396973e-01,1.476829797029495239e-01,-3.167840540409088135e-01,-2.009569853544235229e-01,9.883819520473480225e-02,-7.672853022813796997e-02,2.091729268431663513e-02,-2.537486553192138672e-01,-3.970637321472167969e-01,-1.676030308008193970e-01,-3.616574108600616455e-01,-3.501486033201217651e-02,-2.807948589324951172e-01,7.786783855408430099e-03,3.998681604862213135e-01,-1.524617969989776611e-01,-2.214331738650798798e-02,4.273784533143043518e-02,-8.182810246944427490e-02,-6.249177455902099609e-02,-1.669934093952178955e-01,-2.016776502132415771e-01,-1.207676604390144348e-01,3.540163487195968628e-02,3.479078114032745361e-01,1.698083281517028809e-01,4.469232633709907532e-02,1.555000990629196167e-01,4.774181544780731201e-01,-2.332098037004470825e-01,1.163324043154716492e-01,-3.877168148756027222e-02,3.402605280280113220e-02,3.922584354877471924e-01,-1.244824677705764771e-01,2.170963287353515625e-01,4.311353713274002075e-02,-2.270565330982208252e-01,-2.573803365230560303e-01,-3.152704238891601562e-01,-9.643395245075225830e-02,3.346965909004211426e-01,5.293028429150581360e-03,1.739766681566834450e-03,1.122183129191398621e-01,6.255528330802917480e-02,-3.908202350139617920e-01,2.646429538726806641e-01,-1.589016318321228027e-01,-3.080021142959594727e-01,-1.391243487596511841e-01,7.586988806724548340e-02,-3.057590425014495850e-01,6.951983273029327393e-02,-5.841150507330894470e-02,-9.535646438598632812e-02,2.333326190710067749e-01,-3.457984924316406250e-01,1.183871701359748840e-01,-2.588648796081542969e-01,-4.228493943810462952e-02,-3.630282282829284668e-01,-1.381339039653539658e-02,1.442905962467193604e-01,-2.546669356524944305e-02,2.071945965290069580e-01,2.664370536804199219e-01,-5.533697549253702164e-03,3.580238521099090576e-01,-5.309627056121826172e-01,1.443544123321771622e-02,-3.562627136707305908e-01,2.082097828388214111e-01,-7.403439283370971680e-02,1.479119509458541870e-01,-1.909366399049758911e-01,1.614956883713603020e-03,4.566060602664947510e-01,-1.426803022623062134e-01,2.228509485721588135e-01,-3.710933327674865723e-01,-3.485691249370574951e-01,8.874415606260299683e-02,2.911809831857681274e-02,3.172114491462707520e-01,1.726723015308380127e-01,3.152025640010833740e-01,-2.350967824459075928e-01,-3.530344963073730469e-01,-2.484416961669921875e-01,-5.861033871769905090e-02,6.375403702259063721e-02,-2.430161386728286743e-01,-7.171150296926498413e-02,-2.829031273722648621e-02,7.636699080467224121e-02,3.779933750629425049e-01,-1.497439295053482056e-01,1.873604655265808105e-01,-1.507452279329299927e-01,6.601852923631668091e-02,-9.513531625270843506e-02,-4.657106846570968628e-02,2.390894442796707153e-01,1.193040050566196442e-02,-1.702840030193328857e-01,2.132732570171356201e-01,-1.583873108029365540e-02,-1.450093686580657959e-01,2.468438744544982910e-01,3.170917630195617676e-01,-2.294849306344985962e-01,1.696192324161529541e-01,-1.641091406345367432e-01,-2.221441268920898438e-01,3.645633161067962646e-01,3.321934342384338379e-01,-2.117144614458084106e-01,2.791408300399780273e-01,2.327510342001914978e-02,-1.025486141443252563e-01,1.804944425821304321e-01,2.109358087182044983e-02,5.096967518329620361e-02,-1.590050458908081055e-01,2.918213009834289551e-01,1.498971730470657349e-01,4.872846603393554688e-02,-1.638123393058776855e-02,3.389692604541778564e-01,4.082109332084655762e-01,1.983997821807861328e-01,5.101009011268615723e-01,9.398300945758819580e-02,-8.413889259099960327e-02,1.543422937393188477e-01,-8.915925025939941406e-02,8.694441616535186768e-02,-4.198723435401916504e-01,-1.028434708714485168e-01,3.745650500059127808e-02,-3.233996778726577759e-02,8.152206987142562866e-02,3.038395568728446960e-02,-2.542982995510101318e-01,-1.530967652797698975e-01,8.212501555681228638e-02,-2.766945399343967438e-02,-2.661346197128295898e-01,1.729135513305664062e-01,-1.502407342195510864e-01,4.935215413570404053e-01,3.245255947113037109e-01,5.878505110740661621e-01,-7.552257925271987915e-02,-1.275074928998947144e-01,-7.317905128002166748e-02,6.615763902664184570e-02,6.122747436165809631e-03,-1.975353360176086426e-01,1.982993781566619873e-01,-1.087815538048744202e-01,-2.909729778766632080e-01,4.373908936977386475e-01,-1.184158995747566223e-01,2.909068465232849121e-01,-1.704053580760955811e-01,-9.472043067216873169e-02,-7.100971043109893799e-02,-6.967515498399734497e-02,-1.751204580068588257e-01,4.042361304163932800e-02,-2.577013894915580750e-02,3.591966331005096436e-01,8.033158630132675171e-02,1.336297839879989624e-01,-1.196283623576164246e-01,1.290068924427032471e-01,2.384252995252609253e-01,-2.282134890556335449e-01,1.058509349822998047e-01,-4.786211624741554260e-02,5.729972943663597107e-02,-3.328806161880493164e-01,3.539998829364776611e-02,2.584168016910552979e-01,2.989290952682495117e-01,-8.661201596260070801e-02,-8.764965087175369263e-02,9.457471966743469238e-02,-1.775606274604797363e-01,6.668046712875366211e-01,3.305141925811767578e-01,1.249030455946922302e-01,4.329641163349151611e-01,8.672510832548141479e-02,-1.004710420966148376e-01,-8.074594140052795410e-01,-1.470318585634231567e-01,9.443691372871398926e-02,6.570260524749755859e-01,2.400598675012588501e-01,-7.836800999939441681e-03,3.311562240123748779e-01,2.067798003554344177e-02,-2.437891960144042969e-01,6.860339045524597168e-01,-3.271713554859161377e-01,3.817443177103996277e-02,1.551427692174911499e-01,1.036335080862045288e-01,5.773122981190681458e-02,9.807429276406764984e-03,8.452814072370529175e-02,-3.136755228042602539e-01,-2.856469750404357910e-01,7.408890128135681152e-02,1.500137150287628174e-02,-2.078676819801330566e-01,-2.395786941051483154e-01,3.120801150798797607e-01,8.138377964496612549e-02,-1.240758597850799561e-02,5.113659054040908813e-02,-1.257683932781219482e-01,1.404286827892065048e-02,2.688152492046356201e-01,3.159371018409729004e-01,-1.707770973443984985e-01,-1.010598018765449524e-01,1.206949055194854736e-01,-7.253084331750869751e-02,4.186898171901702881e-01,3.428124636411666870e-02,-1.306249797344207764e-01,-4.803283140063285828e-02,4.669957235455513000e-02,1.274281442165374756e-01,1.036154106259346008e-01,3.329020440578460693e-01,-2.028134018182754517e-01,-8.499309420585632324e-02,-7.310155034065246582e-02,-1.201261132955551147e-01,-5.842111259698867798e-02,5.126882344484329224e-03,-3.878745436668395996e-01,-2.270766068249940872e-03,2.473298758268356323e-01,-1.392736583948135376e-01,2.984844148159027100e-01,1.516644060611724854e-01,-2.732191681861877441e-01,-1.307584494352340698e-01,-4.025207459926605225e-02,-2.053972780704498291e-01,-8.743637055158615112e-02,2.407547086477279663e-01,1.412475761026144028e-02,-3.680462017655372620e-03,4.093151390552520752e-01,1.638435386121273041e-02,2.025699764490127563e-01,2.242965400218963623e-01,5.289215594530105591e-03,3.924821913242340088e-01,2.506314218044281006e-02,8.039551973342895508e-02,-4.948358237743377686e-02,-5.229502916336059570e-02,-6.299390643835067749e-02,6.578770279884338379e-02,1.068877577781677246e-01,9.522403031587600708e-02,1.446055173873901367e-01,-3.230146467685699463e-01,6.548324227333068848e-02,-9.222369641065597534e-02,-2.466854006052017212e-01,1.926827430725097656e-02,6.483989208936691284e-02,2.000735998153686523e-01,-4.341340810060501099e-02,-2.646646797657012939e-01,2.649393677711486816e-01,4.146930575370788574e-01,-5.151867270469665527e-01,-2.778563834726810455e-02,-1.110621616244316101e-01,4.632842540740966797e-02,-1.181879937648773193e-01,-7.634317129850387573e-02,3.244174420833587646e-01,4.135726392269134521e-01,-2.319583892822265625e-01,4.514316022396087646e-01,7.797534763813018799e-02,4.500780999660491943e-01,1.268621417693793774e-03,-1.047394238412380219e-02,3.012274801731109619e-01,1.013628020882606506e-01,2.840335667133331299e-01,-5.468552708625793457e-01,-2.255110591650009155e-01,5.217967554926872253e-02,4.832187294960021973e-01,1.651759147644042969e-01,6.344171613454818726e-02,1.756490916013717651e-01,9.861321747303009033e-02,1.792125403881072998e-01,1.251179128885269165e-01,7.231147494167089462e-03,-2.799463085830211639e-02,6.387252360582351685e-02,3.337584435939788818e-02,-8.371637016534805298e-02,3.145689070224761963e-01,4.278603494167327881e-01,-1.675238907337188721e-01,-1.788688451051712036e-01,-7.093691383488476276e-04,-2.494556307792663574e-01,-1.977985650300979614e-01,2.627184689044952393e-01,-4.464797377586364746e-01,3.392292261123657227e-01,-1.210387796163558960e-01,6.579431146383285522e-02,-7.543176761828362942e-04,-1.925958395004272461e-01,-1.701444685459136963e-01,3.489876091480255127e-01,-3.231664299964904785e-01,-2.859361767768859863e-01,3.581590652465820312e-01,8.280426263809204102e-02,-3.239142298698425293e-01,-1.968897879123687744e-01,-1.039498969912528992e-01,-1.910057216882705688e-01,1.272782981395721436e-01,1.089094299823045731e-02,7.721106708049774170e-02,-3.028660118579864502e-01,-2.720703184604644775e-01,-3.439226150512695312e-01,-2.871606685221195221e-02,-5.638156831264495850e-02,1.930282562971115112e-01,6.004366278648376465e-01,2.326088212430477142e-02,-2.396696954965591431e-01,-2.595482170581817627e-01,-2.135248929262161255e-01,1.598713845014572144e-01,-1.870346628129482269e-02,-9.836472570896148682e-02,-3.818336874246597290e-02,-9.995894506573677063e-03,3.462439179420471191e-01,9.176779538393020630e-02,-1.733373105525970459e-01,-3.930346295237541199e-02,6.803620606660842896e-02,1.153090298175811768e-01,-1.564162820577621460e-01,5.468791723251342773e-01,3.275014758110046387e-01,-6.938824802637100220e-02
-3.477592170238494873e-01,-2.753280103206634521e-03,-3.644154667854309082e-01,-2.063242942094802856e-01,1.871854998171329498e-02,-7.353948056697845459e-02,2.547429502010345459e-01,-1.827792450785636902e-02,4.174515604972839355e-01,-1.581491082906723022e-01,-1.618871837854385376e-01,1.265082508325576782e-01,-2.592323124408721924e-01,-2.630770206451416016e-02,1.292386949062347412e-01,1.019926071166992188e-01,4.647374749183654785e-01,-4.391521811485290527e-01,1.726053357124328613e-01,2.324853651225566864e-02,2.101675840094685555e-03,-2.595601081848144531e-01,2.391497492790222168e-01,-5.017975568771362305e-01,3.553257882595062256e-02,-2.431495487689971924e-01,-3.410566747188568115e-01,3.846102952957153320e-01,3.573826253414154053e-01,4.631573334336280823e-02,-2.224297374486923218e-01,-3.596762195229530334e-02,2.887724041938781738e-01,2.385582178831100464e-01,6.770837586373090744e-03,-3.311788663268089294e-02,7.797234226018190384e-03,2.334470301866531372e-01,1.855958402156829834e-01,-3.306181728839874268e-02,1.530991494655609131e-01,2.211533188819885254e-01,-3.578637242317199707e-01,-1.353163272142410278e-01,1.462506055831909180e-01,-2.667915225028991699e-01,-1.804127544164657593e-01,-2.935948073863983154e-01,3.217551410198211670e-01,1.547035872936248779e-01,-2.729098200798034668e-01,-2.494113147258758545e-01,1.425980180501937866e-01,-4.642708972096443176e-02,-1.499496102333068848e-01,1.739620268344879150e-01,1.929882764816284180e-01,-5.677416548132896423e-02,1.846581697463989258e-01,-3.250134289264678955e-01,2.367382124066352844e-02,-4.496766030788421631e-01,1.595448851585388184e-01,8.687472343444824219e-02,3.012410178780555725e-02,-9.005335718393325806e-02,1.651572585105895996e-01,-9.480246156454086304e-02,-1.159549653530120850e-01,-1.193491090089082718e-02,-2.686368227005004883e-01,-7.409658282995223999e-02,1.692962795495986938e-01,-4.443356022238731384e-02,3.947562873363494873e-01,3.033275604248046875e-01,2.665439546108245850e-01,-2.459286898374557495e-01,-3.047105669975280762e-02,1.461678445339202881e-01,1.806611269712448120e-01,-2.988750040531158447e-01,2.337301671504974365e-01,1.746577322483062744e-01,8.457002043724060059e-02,-1.065413877367973328e-01,-6.466053891927003860e-03,2.044587396085262299e-02,-1.819959431886672974e-01,-3.072231411933898926e-01,3.977855443954467773e-01,1.162780299782752991e-01,2.184017896652221680e-01,1.275648325681686401e-01,3.073064796626567841e-02,-3.561086654663085938e-01,1.180840209126472473e-01,-6.302757561206817627e-02,-9.568687528371810913e-02,5.133779719471931458e-02,7.800077795982360840e-01,-1.028952226042747498e-01,2.107845842838287354e-01,-5.663749948143959045e-02,4.475109577178955078e-01,-5.588569119572639465e-02,1.626703739166259766e-01,-5.295751094818115234e-01,3.041478246450424194e-02,-1.057591885328292847e-01,1.554857194423675537e-01,5.049158334732055664e-01,-3.289590477943420410e-01,-2.045426666736602783e-01,5.540610104799270630e-02,4.149728119373321533e-01,1.472195088863372803e-01,-2.118794247508049011e-03,-2.770006954669952393e-01,-2.914490401744842529e-01,4.933063387870788574e-01,4.720849692821502686e-01,6.662813480943441391e-03,-7.660273462533950806e-02,3.465289473533630371e-01,1.386963427066802979e-01,1.693607419729232788e-01,3.956746160984039307e-01,-2.031695246696472168e-01,-1.292635798454284668e-01,-1.570615023374557495e-01,5.750807002186775208e-03,-2.719269320368766785e-02,4.238173961639404297e-01,-4.309287667274475098e-01,1.328905224800109863e-01,-2.925447821617126465e-01,-1.431358158588409424e-01,-2.965390309691429138e-02,2.084373235702514648e-01,1.936855316162109375e-01,1.997812837362289429e-02,-2.880557477474212646e-01,-5.103530734777450562e-02,-6.049340963363647461e-01,2.689052522182464600e-01,-1.114368811249732971e-02,5.392340421676635742e-01,3.923965096473693848e-01,-9.143655002117156982e-02,-2.830330133438110352e-01,-1.704164743423461914e-01,2.642156779766082764e-01,-5.354000926017761230e-01,-1.637549996376037598e-01,-1.340726613998413086e-01,-1.947166472673416138e-01,1.400067508220672607e-01,2.681839168071746826e-01,3.998548388481140137e-01,-3.792915046215057373e-01,-4.703607782721519470e-02,8.496323972940444946e-02,-5.798410773277282715e-01,-2.464831769466400146e-01,1.356909424066543579e-01,2.686515450477600098e-01,6.735483556985855103e-02,-1.621120423078536987e-02,1.644863784313201904e-01,9.967975318431854248e-02,2.271103262901306152e-01,-1.004182770848274231e-01,-1.434933692216873169e-01,4.662394151091575623e-02,5.509161353111267090e-01,2.599222958087921143e-01,4.657259285449981689e-01,1.870037056505680084e-02,2.167665660381317139e-01,6.148424744606018066e-02,-2.339763343334197998e-01,8.075476884841918945e-01,-2.621280252933502197e-01,-7.544932514429092407e-02,-2.869159281253814697e-01,1.292736530303955078e-01,2.338425815105438232e-01,7.969080656766891479e-02,-2.041349112987518311e-01,2.406889349222183228e-01,-1.111865043640136719e-02,-3.924722969532012939e-01,2.138444483280181885e-01,2.441070973873138428e-01,1.035729348659515381e-01,2.721008360385894775e-01,3.496650159358978271e-01,-1.919459365308284760e-02,2.881821990013122559e-01,8.322839438915252686e-02,-3.485206887125968933e-02,8.494928479194641113e-02,5.651729106903076172e-01,1.050702109932899475e-01,2.011757344007492065e-02,4.412907958030700684e-01,6.004683375358581543e-01,2.165026664733886719e-01,2.374475896358489990e-01,-3.749406039714813232e-01,1.534141451120376587e-01,-2.681230604648590088e-01,-5.754683539271354675e-02,1.858056634664535522e-01,-3.469125926494598389e-01,4.605599343776702881e-01,-2.947767376899719238e-01,-1.285378541797399521e-02,-1.313154548406600952e-01,2.311133444309234619e-01,1.284109205007553101e-01,-3.910071551799774170e-01,-5.541060492396354675e-02,-3.553628548979759216e-02,-6.885030120611190796e-02,-1.007693856954574585e-01,1.861936897039413452e-01,-2.017212510108947754e-01,-5.640816316008567810e-02,-7.152799516916275024e-02,1.696199178695678711e-01,2.783942222595214844e-01,-2.170749753713607788e-01,-1.513095572590827942e-02,-3.791026771068572998e-01,-4.380973279476165771e-01,-5.038127303123474121e-02,3.930605351924896240e-01,-8.054395206272602081e-03,3.432298600673675537e-01,-1.848106384277343750e-01,-1.565403640270233154e-01,-2.534266710281372070e-01,9.516332298517227173e-02,1.838629990816116333e-01,-1.427183598279953003e-01,3.018932975828647614e-02,4.601592123508453369e-01,-9.372045844793319702e-02,4.881083965301513672e-02,2.775761187076568604e-01,-5.539285540580749512e-01,-5.576992034912109375e-01,2.980538904666900635e-01,-2.355023771524429321e-01,1.814932748675346375e-02,-9.200061112642288208e-02,9.806296229362487793e-02,-9.172396361827850342e-02,-2.728855907917022705e-01,-1.842926070094108582e-02,2.226759446784853935e-03,-3.966557383537292480e-01,5.190954357385635376e-02,-7.625231891870498657e-02,1.025081574916839600e-01,-9.747341275215148926e-02,7.665749639272689819e-02,2.293946892023086548e-01,-5.553947091102600098e-01,1.006365716457366943e-01,9.418334811925888062e-02,-3.168183937668800354e-02,-8.213423192501068115e-02,2.231064289808273315e-01,-1.055665537714958191e-01,-1.012284085154533386e-01,4.142794013023376465e-01,-3.604439496994018555e-01,8.473112434148788452e-02,-5.714014172554016113e-02,1.262322962284088135e-01,2.914815247058868408e-01,1.170630604028701782e-01,-1.196285337209701538e-01,-9.122013300657272339e-02,9.605036675930023193e-02,1.974363578483462334e-03,-2.528594136238098145e-01,1.230926364660263062e-01,2.923856675624847412e-02,8.232531137764453888e-03,8.494424819946289062e-02,7.998682558536529541e-02,-2.407755702733993530e-02,-1.112110763788223267e-01,-9.733770042657852173e-02,4.240680336952209473e-01,-2.275660485029220581e-01,-1.496758908033370972e-01,-9.529022127389907837e-02,4.752990901470184326e-01,1.011967584490776062e-01,1.067904233932495117e-01,1.110904067754745483e-01,3.941242694854736328e-01,1.370531320571899414e-01,7.148079872131347656e-01,-3.347884416580200195e-01,3.701222538948059082e-01,-1.338209807872772217e-01,-9.412993490695953369e-02,3.410844877362251282e-02,2.524772584438323975e-01,1.489173322916030884e-01,3.832268714904785156e-01,1.444980353116989136e-01,2.888070046901702881e-01,-3.320716619491577148e-01,5.381039157509803772e-02,-2.659616172313690186e-01,-2.103569358587265015e-01,-2.771165745798498392e-04,-1.490019857883453369e-01,3.875431604683399200e-03,-1.882258057594299316e-01,-3.742222189903259277e-01,-1.455220431089401245e-01,4.667230546474456787e-01,1.208657994866371155e-01,-1.727703958749771118e-01,-3.596235513687133789e-01,-2.788124382495880127e-01,-5.637098848819732666e-02,1.895523071289062500e-01,2.070689573884010315e-02,-7.759231328964233398e-02,5.732008814811706543e-01,-1.436927616596221924e-01,3.979922533035278320e-01,3.634050861001014709e-02,-1.829336136579513550e-01,-1.687420606613159180e-01,1.244961656630039215e-02,-9.015491604804992676e-02,2.143310308456420898e-01,-3.818822503089904785e-01,-2.830523252487182617e-01,-2.669000029563903809e-01,3.032975085079669952e-02,2.098103798925876617e-02,-6.522288918495178223e-02,3.324870765209197998e-02,1.237898841500282288e-01,-8.199046552181243896e-02,-8.285604417324066162e-02,-1.762459576129913330e-01,9.480169415473937988e-02,1.292566508054733276e-01,2.722182124853134155e-02,-4.694562777876853943e-02,-3.611968457698822021e-01,1.176575757563114166e-02,-3.494393825531005859e-02,1.801392436027526855e-01,-2.512582838535308838e-01,8.923528343439102173e-02,-5.413428544998168945e-01,-8.122693747282028198e-03,-2.714686989784240723e-01,2.978385984897613525e-01,1.969865113496780396e-01,-1.268309056758880615e-01,-7.411716580390930176e-01,6.134647876024246216e-03,-2.275086939334869385e-01,-1.304557174444198608e-01,4.146637395024299622e-02,3.920074552297592163e-02,-4.408238828182220459e-01,-7.353953272104263306e-02,1.755841225385665894e-01,1.097090020775794983e-01,1.757111251354217529e-01,1.107130944728851318e-02,-4.701152443885803223e-01,-2.666707932949066162e-01,7.741110771894454956e-02,3.686039447784423828e-01,-1.777955591678619385e-01,2.063353955745697021e-01,1.449130922555923462e-01,-4.914432018995285034e-02,4.026917517185211182e-01,-3.866329491138458252e-01,-5.075816512107849121e-01,-7.129254937171936035e-01,-2.879881858825683594e-01,-1.881969422101974487e-01,-3.069552220404148102e-02,-1.934189945459365845e-01,-3.283492028713226318e-01,-2.125148624181747437e-01,1.480599492788314819e-01,-1.214689016342163086e-01,-1.313369572162628174e-01,2.550448179244995117e-01,2.094430327415466309e-01,2.606255933642387390e-02,-4.360015988349914551e-01,-4.691654443740844727e-01,8.516654372215270996e-02,1.309181749820709229e-01,-4.263097420334815979e-02,2.855392172932624817e-02,-4.621526598930358887e-02,4.474388062953948975e-02,3.807522952556610107e-01,3.284322321414947510e-01,-1.680642832070589066e-03,-1.449028253555297852e-01,-3.553621172904968262e-01,-1.220393646508455276e-02,-3.746078312397003174e-01,7.092741131782531738e-02,-2.368828058242797852e-01,-1.225813031196594238e-01,-2.631942927837371826e-01,-1.059146970510482788e-01,2.968023419380187988e-01,-1.213765591382980347e-01,1.885502487421035767e-01,-3.838742375373840332e-01,-2.515168488025665283e-01,3.586056232452392578e-01,1.751469820737838745e-01,-1.481257565319538116e-02,8.396100252866744995e-02,-1.149035394191741943e-01,5.674408376216888428e-02,-2.160958349704742432e-01,-1.365909576416015625e-01,-4.109377413988113403e-02,4.316532909870147705e-01,-1.838825047016143799e-01,-1.861564815044403076e-01,5.873375758528709412e-02,-2.158442884683609009e-01,6.450324505567550659e-02,2.134786248207092285e-01,-3.275245428085327148e-01,3.613114356994628906e-01,-6.555886566638946533e-02,1.982353180646896362e-01,-1.642928719520568848e-01,3.365857154130935669e-02,1.110652741044759750e-02,6.399965882301330566e-01,-1.632725261151790619e-02,5.735889077186584473e-01,-5.057061910629272461e-01,-1.187723353505134583e-01,-5.844768881797790527e-01,-2.070904243737459183e-03,1.005557402968406677e-01,7.662371993064880371e-01,-4.999003559350967407e-02,-1.195914223790168762e-01,2.157540917396545410e-01,-8.486630767583847046e-02,3.545651435852050781e-01,4.637748003005981445e-02,1.333615630865097046e-01,6.064729019999504089e-02,-2.020191997289657593e-01,1.633197441697120667e-02,3.818573057651519775e-01,-1.845407783985137939e-01,-2.541626691818237305e-01,5.365424603223800659e-02,-3.218162953853607178e-01,-2.188720554113388062e-01,-2.364459186792373657e-01,-2.730531394481658936e-01,2.470993101596832275e-01,2.718321979045867920e-01,4.731890931725502014e-02,-8.455247431993484497e-02,2.743599116802215576e-01,-2.093055248260498047e-01,-3.817541291937232018e-03,-2.732969224452972412e-01,-1.262513846158981323e-01,2.267189770936965942e-01,1.176942046731710434e-02,-2.233951538801193237e-01,6.246225908398628235e-02,5.224816203117370605e-01,-4.073917865753173828e-02,-4.362713992595672607e-01,2.305485904216766357e-01,-3.444559639319777489e-03,-2.828235030174255371e-01,-1.669935882091522217e-01,-3.059368729591369629e-01,-3.349791169166564941e-01,-7.348858565092086792e-02,2.109944671392440796e-01,-3.033524453639984131e-01,1.529506891965866089e-01,-8.102347701787948608e-02,4.993859529495239258e-01,-3.094871044158935547e-01,3.705276846885681152e-01,2.246972620487213135e-01,-2.012178003787994385e-01,-1.871860325336456299e-01,-5.467548221349716187e-02,8.900124579668045044e-03,1.022429205477237701e-02,6.908880919218063354e-02,2.979373335838317871e-01,-1.694874316453933716e-01,7.874111831188201904e-02,1.441802978515625000e-01,-2.656697034835815430e-01,-1.360922455787658691e-01,3.201549649238586426e-01,-1.396851241588592529e-01,-2.427789270877838135e-01,-4.472541157156229019e-03,1.277318596839904785e-01,1.615234762430191040e-01,4.248350560665130615e-01,1.059983596205711365e-01,3.911074995994567871e-02,-3.376749157905578613e-01,2.770802564918994904e-02,5.344080924987792969e-01,5.499899983406066895e-01,1.261096894741058350e-01,-2.876031100749969482e-01,7.087798416614532471e-02,3.969207704067230225e-01,1.121418401598930359e-01,-4.838357493281364441e-02,1.251358240842819214e-01,1.524216681718826294e-01,7.466958463191986084e-02,-1.898271590471267700e-01,1.907584629952907562e-02,-1.969027668237686157e-01,-1.253067553043365479e-01,4.451623558998107910e-02,-7.571711391210556030e-02,-2.234763652086257935e-01,-1.926795542240142822e-01,2.174709588289260864e-01,3.820180892944335938e-01,-1.928819417953491211e-01,4.668176472187042236e-01,3.150671347975730896e-02,-9.060812741518020630e-02,2.809383273124694824e-01,2.327348738908767700e-01,-8.573441952466964722e-02,-1.404957622289657593e-01,2.285765297710895538e-02,-2.655322253704071045e-01,-4.416798353195190430e-01,1.887758076190948486e-01,-6.781289726495742798e-02,7.622165977954864502e-02,3.394927456974983215e-02,1.513836532831192017e-02,-1.592272892594337463e-02,1.299663931131362915e-01,-4.549306929111480713e-01,1.258148252964019775e-01,1.357485502958297729e-01,7.532416284084320068e-02,-6.437823176383972168e-01,-1.991940587759017944e-01,3.796212673187255859e-01,-1.062810793519020081e-01,-5.884503126144409180e-01,3.165771961212158203e-01,4.748538434505462646e-01,-5.709852278232574463e-02,-2.918964028358459473e-01,8.304987847805023193e-02,-4.201492369174957275e-01,8.740263432264328003e-02,-5.948667973279953003e-02,9.632255882024765015e-02,-2.245377898216247559e-01,-1.450817286968231201e-01,-2.897475659847259521e-01,2.667124867439270020e-01,2.466077506542205811e-01,4.803238064050674438e-02,-8.389241248369216919e-02,-4.923496022820472717e-02,2.228958308696746826e-01,4.576803743839263916e-01,5.016884207725524902e-02,-3.254912421107292175e-02,1.101143509149551392e-01,-4.897230565547943115e-01,5.853225290775299072e-02,-9.688909351825714111e-02,1.020322218537330627e-01,1.287941634654998779e-01,-7.717344164848327637e-02,5.934744477272033691e-01,2.570760250091552734e-01,-1.022674739360809326e-01,3.378040194511413574e-01,3.992521390318870544e-02,-1.855600625276565552e-01,-2.763938307762145996e-01,-3.106206953525543213e-01,9.945895522832870483e-02,9.672500938177108765e-02,-6.745062768459320068e-02,-2.788820862770080566e-01,-2.635138630867004395e-01,2.322590202093124390e-01,-2.654531896114349365e-01,-3.486411273479461670e-01,6.956242024898529053e-02,-5.095768719911575317e-02,2.372527271509170532e-01,-3.447160124778747559e-02,3.722840249538421631e-01,-1.956998109817504883e-01,2.774899080395698547e-02,-1.159185636788606644e-02,-1.892928220331668854e-02,-3.105477392673492432e-01,1.688853204250335693e-01,-4.581796377897262573e-02,6.225917935371398926e-01,-1.200279965996742249e-01,-2.481875121593475342e-01,4.167001843452453613e-01,-5.487397313117980957e-01,-4.221130907535552979e-02,-5.480999350547790527e-01,4.361096024513244629e-01,-1.410703361034393311e-01,4.870295524597167969e-02,2.353827282786369324e-02,4.603856205940246582e-01,-6.079969406127929688e-01,1.388751268386840820e-01,1.015177220106124878e-01,-3.948439061641693115e-01,1.643961668014526367e-02,1.822104305028915405e-01,9.424459189176559448e-02,5.364274233579635620e-02,-4.349298179149627686e-01,2.465531975030899048e-01,6.923721730709075928e-02,3.770158588886260986e-01,4.025919735431671143e-01,8.166516572237014771e-02,-3.232735395431518555e-01,7.147582620382308960e-02,-4.470842480659484863e-01,1.905230879783630371e-01,1.381819844245910645e-01,3.636386692523956299e-01,3.976582363247871399e-02,-1.230417490005493164e-01,-3.684525489807128906e-01,-6.508781760931015015e-02,5.703121889382600784e-03,5.511725544929504395e-01,2.388886213302612305e-01,5.541338771581649780e-02,4.212605357170104980e-01,1.139253005385398865e-01,-1.298073027282953262e-02,2.165305316448211670e-01,2.066392218694090843e-03,2.324443608522415161e-01,3.686833083629608154e-01,2.923047915101051331e-02,-3.108955733478069305e-02,-2.937484681606292725e-01,1.230414509773254395e-01,-1.118338629603385925e-01,-4.647393822669982910e-01,-1.561978906393051147e-01,-2.906998991966247559e-01,3.233751058578491211e-01,1.523807346820831299e-01,3.710241019725799561e-01,8.389832824468612671e-02,2.591587901115417480e-01,-3.273524045944213867e-01,1.578310877084732056e-01,1.903493255376815796e-01,-7.623989880084991455e-02,-1.798079609870910645e-01,-1.876350641250610352e-01,3.590415418148040771e-02,-2.768244743347167969e-01,-2.015172243118286133e-01,-2.447755187749862671e-01,1.849483847618103027e-01,8.584169298410415649e-02,1.802557520568370819e-02,1.267389059066772461e-01,1.881425082683563232e-01,-2.353029996156692505e-01,3.729093074798583984e-01,-4.298104643821716309e-01,-9.633187949657440186e-02,-3.541470766067504883e-01,4.799610376358032227e-01,-3.792991042137145996e-01,-1.186612099409103394e-01,3.270881995558738708e-02,-4.373117908835411072e-02,-4.343836382031440735e-02,-3.496546670794487000e-02,1.986370384693145752e-01,2.906315401196479797e-02,-1.689469814300537109e-01,3.498314917087554932e-01,6.096404418349266052e-02,4.285139739513397217e-01,1.385011076927185059e-01,-1.993190199136734009e-01,2.290516197681427002e-01,-3.719644546508789062e-01,2.415143251419067383e-01,-3.150129914283752441e-01,3.673358559608459473e-01,1.880596876144409180e-01,-2.493306994438171387e-01,-7.199515402317047119e-02,1.518270522356033325e-01,-4.952391982078552246e-01,-2.755221724510192871e-01,1.368590891361236572e-01,-7.865673899650573730e-01,2.001540809869766235e-01,1.568253338336944580e-01,1.090737804770469666e-01,-6.217827796936035156e-01,-1.110018342733383179e-01,9.166652336716651917e-03,1.002901270985603333e-01,5.333015322685241699e-01,-1.180079882033169270e-03,4.570793360471725464e-02,1.396227180957794189e-01,4.315182864665985107e-01,-2.631041407585144043e-01,1.933572888374328613e-01,2.110868990421295166e-01,-1.576826274394989014e-01,-2.077368348836898804e-01
2.509092986583709717e-01,-5.025852844119071960e-02,4.054896235466003418e-01,-2.464991658926010132e-01,-2.141983211040496826e-01,4.420731216669082642e-02,-2.172669619321823120e-01,1.823882386088371277e-02,-1.250006258487701416e-01,2.839076519012451172e-01,-2.613141536712646484e-01,-2.055068463087081909e-01,4.366792738437652588e-02,1.319803595542907715e-01,-2.440906316041946411e-01,-5.215126872062683105e-01,1.216634660959243774e-01,2.233473807573318481e-01,4.782543703913688660e-02,-4.495539143681526184e-02,-2.332802861928939819e-01,-4.776493459939956665e-02,-1.928085237741470337e-01,-3.948092758655548096e-01,2.330640107393264771e-01,2.997244894504547119e-01,-3.778159320354461670e-01,3.054401874542236328e-01,4.559581279754638672e-01,3.996344506740570068e-01,2.249248176813125610e-01,1.958259940147399902e-02,-1.581072360277175903e-01,5.817461609840393066e-01,-1.596428453922271729e-01,1.337471604347229004e-01,2.422315925359725952e-01,1.543127372860908508e-02,3.729844987392425537e-01,-1.549735944718122482e-02,-3.902219533920288086e-01,1.396316438913345337e-01,-1.841472238302230835e-01,-7.357928156852722168e-02,2.127912193536758423e-01,-1.601918041706085205e-01,-5.365754961967468262e-01,1.681539043784141541e-02,-4.463614821434020996e-01,-2.194221690297126770e-02,-1.811267733573913574e-01,1.509044319391250610e-01,-5.043204501271247864e-02,5.774636864662170410e-01,-2.578308284282684326e-01,1.424269080162048340e-01,-1.242869496345520020e-01,-8.805973827838897705e-02,-3.227333128452301025e-01,-6.777468323707580566e-02,-1.592778563499450684e-01,-8.670480921864509583e-03,2.981236279010772705e-01,-1.494040191173553467e-01,-7.463061250746250153e-03,-8.265163004398345947e-02,4.475389420986175537e-01,3.223238289356231689e-01,-2.417615354061126709e-01,-2.170130610466003418e-01,-2.944599278271198273e-02,5.858950689435005188e-02,-3.174878358840942383e-01,-1.649504452943801880e-01,-6.454495340585708618e-02,1.052899807691574097e-01,1.911981701850891113e-01,-4.713313654065132141e-02,1.285799443721771240e-01,2.455848082900047302e-02,-1.441785544157028198e-01,1.588947474956512451e-01,1.458760444074869156e-02,1.089518442749977112e-01,4.172201454639434814e-01,-1.803313344717025757e-01,-2.186570465564727783e-01,-3.863754868507385254e-02,6.210140138864517212e-02,-3.132940828800201416e-01,-2.330419719219207764e-01,-5.029348134994506836e-01,-2.234795689582824707e-02,3.528269231319427490e-01,1.595714092254638672e-01,-6.207516193389892578e-01,1.544022411108016968e-01,4.527386277914047241e-02,2.765565216541290283e-01,-1.046088710427284241e-01,-1.949585527181625366e-01,4.937946423888206482e-02,4.845114052295684814e-02,-4.349397122859954834e-01,5.236119031906127930e-02,-4.781445562839508057e-01,-2.237829566001892090e-01,1.070617437362670898e-01,7.022433727979660034e-02,-4.000583291053771973e-02,-1.456780731678009033e-01,-2.460558712482452393e-01,-3.372549638152122498e-02,1.982647478580474854e-01,-2.743764817714691162e-01,3.782532215118408203e-01,1.867241808213293552e-03,3.677655458450317383e-01,8.097924292087554932e-03,1.942199617624282837e-01,-3.048733472824096680e-01,2.549156844615936279e-01,1.582372635602951050e-01,-8.299636095762252808e-02,-5.390447378158569336e-02,3.467932641506195068e-01,-1.146404296159744263e-01,-2.263981699943542480e-01,2.425774633884429932e-01,-6.219952106475830078e-01,-1.301289647817611694e-01,-1.834519803524017334e-01,-4.073693156242370605e-01,-7.109630387276411057e-03,-1.053480654954910278e-01,-2.034573554992675781e-01,1.776219755411148071e-01,-1.572728455066680908e-01,4.352422654628753662e-01,1.738164760172367096e-02,-3.198296129703521729e-01,3.653095290064811707e-02,-4.245052039623260498e-01,-2.788765132427215576e-01,-1.067988052964210510e-01,-5.854471027851104736e-02,-1.043907701969146729e-01,-1.884169429540634155e-01,2.765695452690124512e-01,1.371142417192459106e-01,2.028307132422924042e-02,-2.324497401714324951e-01,1.843992322683334351e-01,1.018560975790023804e-01,2.520699501037597656e-01,-4.447787702083587646e-01,-8.814156800508499146e-02,-5.121425986289978027e-01,4.585881531238555908e-02,5.594288110733032227e-01,-2.551721036434173584e-01,-2.219594120979309082e-01,-1.952361166477203369e-01,5.508075952529907227e-01,-8.685028553009033203e-02,3.346594870090484619e-01,1.584994047880172729e-01,2.644551098346710205e-01,-1.030076295137405396e-01,-4.551063105463981628e-02,-5.207893848419189453e-01,-2.932167351245880127e-01,6.044381763786077499e-03,-3.495817780494689941e-01,-1.267015635967254639e-01,-6.422068923711776733e-02,3.110790848731994629e-01,9.345754981040954590e-02,-2.769742608070373535e-01,-1.299563497304916382e-01,7.214447110891342163e-02,2.218791395425796509e-01,-1.533241569995880127e-01,-7.689866703003644943e-03,-4.779378175735473633e-01,-1.663759946823120117e-01,-7.263067364692687988e-02,4.522836506366729736e-01,-4.502075612545013428e-01,2.922005951404571533e-01,2.397531457245349884e-02,1.621662378311157227e-01,3.040191531181335449e-01,-5.657923817634582520e-01,-1.410979032516479492e-01,-2.697341442108154297e-01,6.271830201148986816e-02,-1.138154342770576477e-01,-6.333021819591522217e-02,-1.091150715947151184e-01,1.061026901006698608e-01,-3.594002127647399902e-01,-4.611878395080566406e-01,1.530094444751739502e-01,-2.358072549104690552e-01,-1.304352730512619019e-01,2.924515008926391602e-01,1.601454913616180420e-01,-1.793970167636871338e-02,-6.619074195623397827e-02,-1.930251121520996094e-01,4.609966650605201721e-02,6.490051746368408203e-02,1.043836548924446106e-01,3.165323436260223389e-01,-1.899079978466033936e-02,1.765668541193008423e-01,3.267856836318969727e-01,3.090089745819568634e-02,-1.344630271196365356e-01,-3.187541291117668152e-02,-4.180032610893249512e-01,-5.343618802726268768e-03,-5.590572953224182129e-02,-8.182050287723541260e-02,3.616124391555786133e-01,-2.197760641574859619e-01,7.540552318096160889e-02,2.071036547422409058e-01,1.382107585668563843e-01,-1.166087239980697632e-01,2.222680896520614624e-01,3.350371420383453369e-01,3.595833182334899902e-01,7.553831487894058228e-02,2.671303749084472656e-01,-3.681923449039459229e-01,-9.195228666067123413e-02,3.832834064960479736e-01,-3.578670918941497803e-01,-1.365236788988113403e-01,-2.123122364282608032e-01,1.160133257508277893e-01,9.848099201917648315e-02,4.048954248428344727e-01,3.281392753124237061e-01,1.131327226758003235e-01,-3.085811734199523926e-01,-3.716457635164260864e-02,1.019836515188217163e-01,-2.819502353668212891e-01,-1.656395494937896729e-01,8.732947111129760742e-01,3.639899790287017822e-01,-1.463889181613922119e-01,-1.662561744451522827e-01,-9.708379209041595459e-02,4.067726135253906250e-01,-2.100430727005004883e-01,-2.741516530513763428e-01,-7.035122811794281006e-02,-4.616660475730895996e-01,-2.819062769412994385e-01,-3.441239297389984131e-01,1.794818788766860962e-01,-3.366324305534362793e-01,-3.909780457615852356e-02,-3.639087080955505371e-01,-1.203810721635818481e-01,-1.411609947681427002e-01,-1.022943481802940369e-02,-1.384424120187759399e-01,2.544377446174621582e-01,9.883549809455871582e-02,-3.576529920101165771e-01,2.042191624641418457e-01,1.918967696838080883e-03,-6.845758110284805298e-02,1.217074245214462280e-01,-1.929668337106704712e-01,4.288556873798370361e-01,-1.635852456092834473e-01,-1.777746714651584625e-02,2.520070374011993408e-01,4.056580737233161926e-02,-1.153610944747924805e-01,2.380439341068267822e-01,1.377961039543151855e-01,-1.103928014636039734e-01,2.934312820434570312e-01,1.430735886096954346e-01,4.072687774896621704e-02,2.860416769981384277e-01,-9.620372205972671509e-02,1.926225721836090088e-01,-2.422836869955062866e-01,-6.219152733683586121e-02,-2.378694862127304077e-01,8.518793433904647827e-02,4.402835294604301453e-02,1.588782668113708496e-01,-5.826274156570434570e-01,-1.087680980563163757e-01,-2.530367374420166016e-01,-7.533340901136398315e-02,4.375197291374206543e-01,3.327333927154541016e-01,-3.517361283302307129e-01,1.736187636852264404e-01,-4.484836384654045105e-02,-1.479120701551437378e-01,-7.527942955493927002e-02,-1.418100856244564056e-02,-1.366040855646133423e-01,2.150023877620697021e-01,2.504243552684783936e-01,-4.058530181646347046e-02,-3.379807770252227783e-01,5.022877454757690430e-01,3.437555134296417236e-01,2.195937186479568481e-01,-2.166599184274673462e-01,1.784777641296386719e-01,4.257386177778244019e-02,-3.660579621791839600e-01,-7.502858992666006088e-03,1.291068792343139648e-01,-1.128907408565282822e-02,1.335289925336837769e-01,-2.801685035228729248e-01,-9.828701615333557129e-02,-2.846814505755901337e-02,9.235483407974243164e-02,-2.555099129676818848e-01,-2.260421067476272583e-01,7.017198950052261353e-02,1.915996968746185303e-01,-2.881991094909608364e-04,-5.091859102249145508e-01,1.733030527830123901e-01,-3.362761139869689941e-01,1.857110708951950073e-01,7.867912203073501587e-02,-6.321282684803009033e-02,2.184815406799316406e-01,4.122654497623443604e-01,7.326543331146240234e-02,-3.004170954227447510e-01,4.413980543613433838e-01,-1.234504859894514084e-02,-2.922303080558776855e-01,-3.232782706618309021e-02,-2.757554054260253906e-01,7.007684707641601562e-01,9.770608693361282349e-02,-1.673902422189712524e-01,-3.109578490257263184e-01,-2.491597682237625122e-01,-4.863986074924468994e-01,-3.192816302180290222e-02,-5.584571957588195801e-01,1.141505613923072815e-01,-1.555149704217910767e-01,3.576351702213287354e-01,2.045917510986328125e-02,4.576289653778076172e-01,7.071324437856674194e-02,-1.764279901981353760e-01,-8.680043369531631470e-02,5.992949474602937698e-03,-2.645496428012847900e-01,1.144114136695861816e-01,2.774581611156463623e-01,1.244618967175483704e-01,2.452883124351501465e-01,3.685443103313446045e-01,-1.301464140415191650e-01,2.649587579071521759e-02,-2.554849684238433838e-01,3.806882798671722412e-01,-2.316547185182571411e-01,3.838814198970794678e-01,5.523356050252914429e-02,-4.221409093588590622e-03,-1.421746611595153809e-01,2.430756986141204834e-01,-1.888238042593002319e-01,4.554941505193710327e-02,3.372635543346405029e-01,-9.522024542093276978e-02,-2.555799186229705811e-01,1.789907068014144897e-01,-1.937287747859954834e-01,5.246999859809875488e-02,2.845934927463531494e-01,2.774966657161712646e-01,9.393282979726791382e-02,5.433649569749832153e-02,2.714478075504302979e-01,-8.375464379787445068e-02,-3.604505062103271484e-01,-9.437131695449352264e-03,-1.214619874954223633e-01,-3.903105854988098145e-01,4.073749184608459473e-01,-2.105860263109207153e-01,7.617455124855041504e-01,2.433615922927856445e-01,2.322936616837978363e-02,-3.440020140260457993e-03,-2.863119170069694519e-02,-3.378953337669372559e-01,-1.797769218683242798e-02,5.312744379043579102e-01,-2.005000114440917969e-01,-1.421577036380767822e-01,-3.011084198951721191e-01,-4.544403553009033203e-01,3.051389753818511963e-01,2.595866024494171143e-01,3.599691390991210938e-02,1.874087452888488770e-01,2.365830093622207642e-01,1.255992799997329712e-02,-9.941587597131729126e-02,-5.391096472740173340e-01,3.934422135353088379e-02,9.703823924064636230e-02,-3.682025969028472900e-01,1.187398880720138550e-01,5.558454990386962891e-01,2.150519043207168579e-01,-3.100959956645965576e-01,6.149608492851257324e-01,4.875840619206428528e-02,8.362172544002532959e-02,2.133517414331436157e-01,-3.981536254286766052e-02,-4.393293857574462891e-01,-4.007444381713867188e-01,7.351602613925933838e-02,1.716640545055270195e-03,6.522931158542633057e-02,1.647498756647109985e-01,-4.471669718623161316e-02,-3.374410271644592285e-01,-6.693959236145019531e-01,1.316050589084625244e-01,6.803220510482788086e-02,-1.501157432794570923e-01,-2.486658841371536255e-01,4.821142926812171936e-02,1.067142351530492306e-03,3.836228251457214355e-01,-1.197808608412742615e-01,-1.951153129339218140e-01,-2.760073542594909668e-01,1.473745405673980713e-01,2.108339816331863403e-01,7.209013216197490692e-03,-2.005618661642074585e-01,1.876214891672134399e-01,-3.184422254562377930e-01,-1.945608528330922127e-03,3.617640957236289978e-02,-7.213600724935531616e-02,1.756660789251327515e-01,3.159128427505493164e-01,-1.080266684293746948e-01,-3.226944804191589355e-02,3.850522935390472412e-01,8.700905740261077881e-02,-2.665588855743408203e-01,1.061423644423484802e-01,-1.668498069047927856e-01,-3.926339372992515564e-02,7.145712971687316895e-01,-1.513523012399673462e-01,2.036807239055633545e-01,1.070990189909934998e-01,-6.583383679389953613e-02,-2.739486098289489746e-01,2.502415776252746582e-01,2.051254510879516602e-01,-3.450268879532814026e-02,1.872283779084682465e-02,2.338965386152267456e-01,2.236034907400608063e-02,-2.155198007822036743e-01,6.807366758584976196e-02,-1.039282530546188354e-01,2.434132248163223267e-01,-4.335813969373703003e-02,-1.621364653110504150e-01,3.352017700672149658e-02,6.361250877380371094e-01,-1.343148387968540192e-02,-7.258257269859313965e-02,-8.771276101469993591e-03,4.567526578903198242e-01,2.689465507864952087e-02,2.476179599761962891e-01,1.056434586644172668e-01,-2.468429058790206909e-01,3.433014452457427979e-02,-3.607864975929260254e-01,1.717745363712310791e-01,-3.016324639320373535e-01,1.350753158330917358e-01,-1.748676747083663940e-01,-1.590249538421630859e-01,-1.501010358333587646e-02,4.250307008624076843e-02,-5.038380995392799377e-02,2.474597394466400146e-01,4.780828356742858887e-01,7.280804216861724854e-02,-3.617793917655944824e-01,2.614850699901580811e-01,1.808132529258728027e-01,2.360159903764724731e-01,6.140262484550476074e-01,4.586268216371536255e-02,3.527196943759918213e-01,-2.434076666831970215e-01,-2.865981124341487885e-02,3.313061594963073730e-01,2.154759615659713745e-01,2.227447032928466797e-01,-2.594796717166900635e-01,3.204050660133361816e-01,3.414456248283386230e-01,-2.539554238319396973e-01,-4.835249781608581543e-01,-8.341886103153228760e-02,-3.283245265483856201e-01,-1.020205542445182800e-01,1.101364288479089737e-02,3.444364666938781738e-01,5.292655229568481445e-01,-2.049426883459091187e-01,1.616178080439567566e-02,1.001523211598396301e-01,6.070668250322341919e-02,-3.859497904777526855e-01,-2.452551014721393585e-02,-4.884735494852066040e-02,1.088493168354034424e-01,-5.282526463270187378e-02,2.577605843544006348e-01,2.584096416831016541e-02,6.403814256191253662e-02,-9.927649050951004028e-02,-1.792856492102146149e-02,-1.069968044757843018e-01,-3.527069697156548500e-03,-3.449302613735198975e-01,-8.968123793601989746e-02,-1.952445358037948608e-01,-1.204260662198066711e-01,-2.544635236263275146e-01,-2.398234978318214417e-02,-3.033638894557952881e-01,-2.261687219142913818e-01,-8.097571879625320435e-02,-2.082289904356002808e-01,-2.497154623270034790e-01,-5.958764813840389252e-03,9.491567313671112061e-02,3.782423213124275208e-02,-8.462716639041900635e-02,-1.543288528919219971e-01,1.120771002024412155e-02,-3.453210294246673584e-01,2.160260081291198730e-01,5.412221699953079224e-02,-1.642540246248245239e-01,1.453182995319366455e-01,3.596596121788024902e-01,-3.878997564315795898e-01,4.468945264816284180e-01,1.345114260911941528e-01,-2.014349400997161865e-02,7.780995219945907593e-02,-5.815650820732116699e-01,-3.037928044795989990e-01,2.847849428653717041e-01,-2.588491737842559814e-01,2.673017084598541260e-01,-1.750102788209915161e-01,-1.867890506982803345e-01,7.586420513689517975e-03,1.474822778254747391e-02,-4.022426903247833252e-03,5.839349031448364258e-01,2.969530224800109863e-01,3.537800610065460205e-01,6.884043216705322266e-01,-4.472900331020355225e-01,5.430417880415916443e-02,1.636606603860855103e-01,-2.454668134450912476e-01,-8.386073634028434753e-03,-8.590158075094223022e-02,-5.431301891803741455e-02,-1.046989336609840393e-01,-2.195587381720542908e-02,2.776773273944854736e-01,-1.822533905506134033e-01,1.427514851093292236e-01,5.370767787098884583e-02,-3.524756431579589844e-02,2.545348405838012695e-01,1.839327812194824219e-01,-6.757724285125732422e-02,-3.728306889533996582e-01,4.854974150657653809e-02,1.686937361955642700e-01,-4.508699774742126465e-01,4.468830674886703491e-02,8.124286681413650513e-02,-2.132138460874557495e-01,-4.567872881889343262e-01,4.617648124694824219e-01,9.001511335372924805e-02,-7.668616622686386108e-02,1.913340687751770020e-01,3.844091594219207764e-01,-8.893426507711410522e-02,-3.769184350967407227e-01,-1.090872660279273987e-01,1.770285218954086304e-01,1.694740802049636841e-01,-8.264950662851333618e-02,3.564469516277313232e-02,2.304175049066543579e-01,-3.451370298862457275e-01,-2.823131624609231949e-03,3.672101721167564392e-02,-2.436238154768943787e-02,-1.647990047931671143e-01,1.497173011302947998e-01,-1.420022733509540558e-02,3.233646154403686523e-01,-1.314007490873336792e-01,8.529907464981079102e-02,1.018399447202682495e-01,-2.534676492214202881e-01,-5.757974833250045776e-02,8.270050748251378536e-04,1.875781803391873837e-03,-1.512524485588073730e-02,3.102426184341311455e-03,-7.472427189350128174e-02,-3.478991985321044922e-01,-3.901411592960357666e-01,-8.667347021400928497e-03,2.010153383016586304e-01,9.108376502990722656e-02,8.490989357233047485e-02,5.098605155944824219e-01,-1.067721918225288391e-01,-2.184678465127944946e-01,-2.123752981424331665e-01,-2.128206193447113037e-01,-4.821308255195617676e-01,1.703812032938003540e-01,5.875027179718017578e-02,-3.715541064739227295e-01,-1.451145857572555542e-01,-7.196433097124099731e-02,-4.711727499961853027e-01,3.379244804382324219e-01,8.180086314678192139e-02,-2.229544967412948608e-01,3.052934408187866211e-01,-4.801520332694053650e-02,-2.907004356384277344e-01,1.497667729854583740e-01,-4.240727722644805908e-01,3.174166083335876465e-01,9.400259703397750854e-03,-4.359608888626098633e-01,-2.453875392675399780e-01,-2.397467494010925293e-01,-5.981634603813290596e-04,-2.293336987495422363e-01,1.635342985391616821e-01,1.971834152936935425e-01,-2.236388027667999268e-01,1.575458794832229614e-01,-4.833098649978637695e-01,-2.468362301588058472e-01,1.727678030729293823e-01,-4.045494645833969116e-02,-1.524975746870040894e-01,2.155147939920425415e-01,-2.439542859792709351e-01,3.721749484539031982e-01,4.323016107082366943e-01,-1.882589459419250488e-01,-1.082900795154273510e-03,6.143868342041969299e-02,-3.684690296649932861e-01,6.795282661914825439e-02,-6.189551576972007751e-02,-3.523712605237960815e-02,-3.366842269897460938e-01,2.539787292480468750e-01,3.617282211780548096e-01,2.135285139083862305e-01,7.389558553695678711e-01,1.330724060535430908e-01,2.603431046009063721e-01,-1.687121987342834473e-01,3.865384683012962341e-02,1.776990443468093872e-01,1.812133044004440308e-01,2.610852122306823730e-01,-1.746803373098373413e-01,1.475350745022296906e-02,-6.791567802429199219e-02,-4.256736021488904953e-03,-6.083107590675354004e-01,2.792791724205017090e-01,-1.401573885232210159e-02,5.817280337214469910e-02,2.423717379570007324e-01,-2.534750383347272873e-03,4.562650993466377258e-02,1.469673365354537964e-01,-7.262191176414489746e-02,1.526928991079330444e-01,-2.229651063680648804e-01,-3.026686608791351318e-01,-2.515473365783691406e-01,1.146914437413215637e-01,4.676986038684844971e-01,1.930984556674957275e-01,-2.866419963538646698e-02,-1.681346818804740906e-02,9.178139269351959229e-02,4.554406553506851196e-02,1.606822460889816284e-01,-5.285885334014892578e-01,2.438382804393768311e-02,1.315898001194000244e-01,1.772317588329315186e-01,1.726265102624893188e-01,-2.933562695980072021e-01,-2.301279455423355103e-01,-2.137279063463211060e-01,2.193627655506134033e-01,-4.209339320659637451e-01,-2.428913712501525879e-01,-6.820515543222427368e-02,1.549312146380543709e-03,-2.919932305812835693e-01,-2.558127641677856445e-01,4.355038329958915710e-02,1.278109699487686157e-01,2.165017127990722656e-01,1.805468350648880005e-01,-1.613239198923110962e-01,5.194360762834548950e-02,-8.513687062077224255e-04,-2.712312042713165283e-01,3.105954229831695557e-01
2.151620686054229736e-01,-3.291499316692352295e-01,-1.046300902962684631e-01,-3.419928550720214844e-01,1.100087724626064301e-02,-1.706616580486297607e-01,-1.036165840923786163e-02,-9.852534532546997070e-02,6.504590809345245361e-02,-4.645210504531860352e-02,-2.425667494535446167e-01,4.648609757423400879e-01,1.847770363092422485e-01,3.544937446713447571e-02,1.082513183355331421e-01,-1.156226769089698792e-01,-2.073619365692138672e-01,2.841068990528583527e-02,2.869412004947662354e-01,2.983987033367156982e-01,-8.319393545389175415e-02,4.616711288690567017e-02,-6.319786608219146729e-02,-1.152215451002120972e-01,6.913007795810699463e-02,-1.352928578853607178e-01,-4.453081265091896057e-02,-7.262519747018814087e-02,6.056882813572883606e-02,1.577042341232299805e-01,-2.255328595638275146e-01,-3.200597465038299561e-01,-3.120208978652954102e-01,-2.706969082355499268e-01,-1.820966899394989014e-01,1.366301476955413818e-01,9.451742470264434814e-02,1.469291299581527710e-01,2.257969528436660767e-01,5.258353352546691895e-01,-4.182777404785156250e-01,3.686693906784057617e-01,5.147968530654907227e-01,2.386242151260375977e-01,-2.465459257364273071e-01,7.816046476364135742e-02,7.867249101400375366e-02,-3.095528855919837952e-02,2.484607696533203125e-01,-3.499310314655303955e-01,1.357410550117492676e-01,1.715762913227081299e-02,-1.466453969478607178e-01,-3.421925306320190430e-01,2.163113206624984741e-01,-1.159347146749496460e-01,-8.390184491872787476e-02,-2.414975911378860474e-01,7.494453340768814087e-02,2.065301835536956787e-01,-3.573760390281677246e-01,1.779086589813232422e-01,4.343658089637756348e-01,7.635053247213363647e-02,8.310236781835556030e-02,-3.295214176177978516e-01,-7.485857605934143066e-02,-2.271713614463806152e-01,-1.076278984546661377e-01,7.217804342508316040e-02,1.210613846778869629e-01,-9.632453322410583496e-03,-8.573330938816070557e-02,-2.511284686625003815e-02,-9.878130257129669189e-02,7.066906243562698364e-02,2.366064190864562988e-01,2.538372576236724854e-01,8.865322917699813843e-02,8.925817161798477173e-02,5.805409327149391174e-02,-3.089719684794545174e-03,-2.039029747247695923e-01,1.624029688537120819e-02,2.504733502864837646e-01,-2.003051340579986572e-01,3.198868334293365479e-01,-3.430516272783279419e-02,2.666862308979034424e-01,1.551163047552108765e-01,6.419155281037092209e-03,2.324571013450622559e-01,-2.383099310100078583e-02,-1.223918497562408447e-01,-1.166982054710388184e-01,-8.367970585823059082e-02,-2.801225781440734863e-01,1.099846791476011276e-02,-3.855474889278411865e-01,-5.036411061882972717e-02,-4.394090548157691956e-02,-2.632417976856231689e-01,-1.492836624383926392e-01,3.224347531795501709e-01,1.495551019906997681e-01,1.165677830576896667e-01,4.320102930068969727e-02,2.650766372680664062e-01,-4.929995536804199219e-02,-2.589994668960571289e-01,9.098562598228454590e-02,1.269925478845834732e-02,1.649135053157806396e-01,-3.393130004405975342e-01,-1.818701392039656639e-03,-2.850993163883686066e-02,1.154534667730331421e-01,2.584590762853622437e-02,1.978276371955871582e-01,-3.475094959139823914e-02,-7.066119462251663208e-02,-1.668694317340850830e-01,-1.443290151655673981e-02,-2.869084291160106659e-02,1.404348611831665039e-01,9.584373980760574341e-02,4.240079224109649658e-02,2.833214104175567627e-01,9.966816753149032593e-02,8.873225748538970947e-02,-6.034640967845916748e-02,-8.851896971464157104e-02,-2.410905063152313232e-02,5.380919203162193298e-02,-1.653014719486236572e-01,-4.544290900230407715e-02,-1.549399793148040771e-01,-2.043448202311992645e-02,-2.971021533012390137e-01,1.457584947347640991e-01,1.522658020257949829e-01,-1.182259768247604370e-01,-9.801517426967620850e-02,-1.148770153522491455e-01,-2.002095617353916168e-02,-7.173806428909301758e-02,-1.372882127761840820e-01,1.866773515939712524e-01,-4.398243129253387451e-01,1.442913562059402466e-01,-2.137308418750762939e-01,2.285066694021224976e-01,-3.905138000845909119e-02,3.731957403942942619e-03,3.084546327590942383e-01,1.631900295615196228e-02,-5.098220705986022949e-02,-4.139208048582077026e-02,-1.918268501758575439e-01,-1.068832352757453918e-01,1.691704988479614258e-02,-2.222492098808288574e-01,2.334939092397689819e-01,-1.081247776746749878e-01,-1.660961508750915527e-01,-2.993124127388000488e-01,-1.823687702417373657e-01,1.319374293088912964e-01,4.074888303875923157e-02,-9.965711832046508789e-02,-3.437029570341110229e-02,-3.677451610565185547e-02,8.920452743768692017e-02,-2.209331840276718140e-02,-1.582721434533596039e-02,1.090959459543228149e-01,2.209655344486236572e-01,2.259956300258636475e-02,-3.161028027534484863e-01,-3.449498116970062256e-01,-2.690140344202518463e-02,2.848930358886718750e-01,2.052511274814605713e-02,-2.038681358098983765e-01,-1.677139699459075928e-01,4.548645019531250000e-01,4.678180515766143799e-01,-6.403893698006868362e-03,-2.875789403915405273e-01,2.747372165322303772e-02,-1.555770784616470337e-01,-7.167146075516939163e-03,-6.672839075326919556e-02,1.447163671255111694e-01,1.837729364633560181e-01,1.858936846256256104e-01,-1.717233508825302124e-01,3.528686240315437317e-02,1.863497346639633179e-01,5.398712307214736938e-02,2.702024951577186584e-02,-1.531017422676086426e-01,-1.313198804855346680e-01,3.176362067461013794e-02,-2.538873851299285889e-01,-2.577288746833801270e-01,-9.606450051069259644e-02,2.227628976106643677e-02,-1.176078841090202332e-01,-1.802381873130798340e-01,2.577559789642691612e-04,-2.394446581602096558e-01,1.571091264486312866e-01,-1.870469748973846436e-01,2.904436588287353516e-01,1.548147015273571014e-02,-9.278698265552520752e-02,-6.590302102267742157e-03,-2.569036744534969330e-02,1.938563212752342224e-02,1.757138967514038086e-01,3.725149929523468018e-01,8.667410165071487427e-02,1.233536750078201294e-01,-3.814861923456192017e-02,-1.376832127571105957e-01,-2.406310886144638062e-01,1.407336560077965260e-03,-2.021721005439758301e-01,2.428831458091735840e-01,-8.938049525022506714e-02,2.750870212912559509e-02,-2.394285053014755249e-02,9.163984656333923340e-02,-9.373386949300765991e-02,2.502596080303192139e-01,3.145879805088043213e-01,8.595923334360122681e-02,-4.819598793983459473e-02,3.337015807628631592e-01,9.068513661623001099e-02,1.144490540027618408e-01,4.876147806644439697e-01,-1.139184907078742981e-01,9.925363212823867798e-02,-2.310421764850616455e-01,-1.475032418966293335e-02,-2.078415267169475555e-02,1.426521092653274536e-01,2.451004534959793091e-01,1.200038120150566101e-01,5.537976324558258057e-02,-3.273740708827972412e-01,7.071539014577865601e-02,-2.645222842693328857e-01,-1.956989765167236328e-01,2.495199292898178101e-01,-5.519912764430046082e-02,2.573788762092590332e-01,2.870062887668609619e-01,1.812134496867656708e-02,2.361557334661483765e-01,1.400267779827117920e-01,1.346083134412765503e-01,-2.927663028240203857e-01,-2.849014699459075928e-01,4.713420290499925613e-03,1.350363194942474365e-01,-7.389494031667709351e-02,-1.827129125595092773e-01,1.329881846904754639e-01,3.091243505477905273e-01,9.685965627431869507e-02,-4.244890809059143066e-02,3.183477520942687988e-01,7.961320132017135620e-02,-8.980756253004074097e-02,1.643815636634826660e-02,4.515416920185089111e-02,-1.440589278936386108e-01,-5.143041014671325684e-01,-5.317357555031776428e-02,2.710169553756713867e-01,1.062280833721160889e-01,-1.433657556772232056e-01,1.860877424478530884e-01,-1.002664566040039062e-01,-3.787121176719665527e-01,4.355039075016975403e-02,-4.920246452093124390e-02,-1.975470967590808868e-02,-3.453755751252174377e-02,-2.139043658971786499e-01,2.419559061527252197e-01,1.567875593900680542e-01,3.212171792984008789e-01,-9.271264821290969849e-02,2.090739011764526367e-01,1.124146953225135803e-01,-1.326396763324737549e-01,3.297690153121948242e-01,-1.291659921407699585e-01,3.137325346469879150e-01,6.650527566671371460e-02,-8.175889402627944946e-02,4.776853695511817932e-02,-4.046724736690521240e-01,1.567057222127914429e-01,3.404091298580169678e-01,1.656096279621124268e-01,-2.933134324848651886e-02,-3.018851205706596375e-02,5.908517166972160339e-02,-8.333487808704376221e-02,-3.098412156105041504e-01,2.341080754995346069e-01,-1.088610962033271790e-01,-2.143693417310714722e-01,-1.596040427684783936e-01,-2.364761382341384888e-01,7.637874037027359009e-02,1.617509722709655762e-01,-2.026703506708145142e-01,-4.665582627058029175e-02,3.736970126628875732e-01,5.965459346771240234e-02,-7.961099967360496521e-03,1.010774672031402588e-01,7.132934778928756714e-02,1.360029280185699463e-01,2.385703474283218384e-01,-6.796916574239730835e-02,-1.943986862897872925e-01,1.575205475091934204e-02,3.680563867092132568e-01,-7.157175242900848389e-02,-8.984820544719696045e-02,-7.377345114946365356e-02,-2.857343256473541260e-01,3.227415680885314941e-01,-5.958095937967300415e-02,-2.179202884435653687e-01,-3.935606032609939575e-02,-2.695893943309783936e-01,-3.396980762481689453e-01,3.722431510686874390e-02,-5.206457152962684631e-02,6.130933761596679688e-02,-2.878393828868865967e-01,-1.338447928428649902e-01,4.009895920753479004e-01,-1.923599839210510254e-02,-2.511252462863922119e-01,7.667943090200424194e-02,5.390972271561622620e-02,1.736031025648117065e-01,-1.572288423776626587e-01,1.961182802915573120e-01,3.719885945320129395e-01,9.028081595897674561e-02,-2.526454329490661621e-01,-6.515035778284072876e-02,-2.627577185630798340e-01,8.951581269502639771e-02,-3.483353257179260254e-01,-3.227108716964721680e-01,-6.701052933931350708e-02,9.974724799394607544e-02,-1.819570660591125488e-01,-4.799588769674301147e-02,1.686854362487792969e-01,8.481548726558685303e-02,1.186487600207328796e-01,-2.336703836917877197e-01,6.049738079309463501e-02,2.123526036739349365e-01,5.055444687604904175e-02,-6.921710446476936340e-03,2.525208890438079834e-01,-1.734728813171386719e-01,-1.688804328441619873e-01,2.393484860658645630e-01,1.078922748565673828e-01,1.069523096084594727e-01,1.779876798391342163e-01,-3.763316869735717773e-01,1.639651060104370117e-01,3.757737949490547180e-02,-7.836235314607620239e-02,-2.148563265800476074e-01,-1.432575136423110962e-01,1.363425552845001221e-01,-1.023198589682579041e-01,-1.341562271118164062e-01,-1.719418796710669994e-03,3.368817567825317383e-01,-5.263736248016357422e-01,2.315087020397186279e-01,-6.920082867145538330e-02,-3.909618407487869263e-02,3.877952098846435547e-01,-6.156117469072341919e-02,-2.318476736545562744e-01,-1.074978429824113846e-02,2.475981414318084717e-02,-1.246618703007698059e-01,1.709388047456741333e-01,-2.299518436193466187e-01,-2.965247631072998047e-01,2.366636991500854492e-01,-2.856290638446807861e-01,1.069612205028533936e-01,-1.663888692855834961e-01,-6.040660291910171509e-02,-3.065881133079528809e-01,-1.866697669029235840e-01,-2.632532119750976562e-01,2.295890599489212036e-01,-2.115262150764465332e-01,2.193818986415863037e-01,-1.162643134593963623e-01,2.066826820373535156e-01,-1.341669112443923950e-01,-3.211860060691833496e-01,-7.773323357105255127e-02,2.911087274551391602e-01,1.624103933572769165e-01,4.143593013286590576e-01,-2.284975200891494751e-01,1.024629250168800354e-01,-9.128154069185256958e-02,-1.574515551328659058e-02,1.429862231016159058e-01,-2.584176138043403625e-02,3.567081689834594727e-02,3.048186004161834717e-01,2.545442879199981689e-01,2.921065986156463623e-01,5.630331486463546753e-02,1.044621989130973816e-01,-1.778674572706222534e-01,-3.155420422554016113e-01,2.925086393952369690e-02,-9.415047615766525269e-02,-2.885820716619491577e-02,-2.276789583265781403e-02,7.204029709100723267e-02,2.666310667991638184e-01,1.904291212558746338e-01,-2.009819895029067993e-01,1.227622851729393005e-01,-7.760009169578552246e-02,-1.173411756753921509e-01,-1.978136152029037476e-01,-5.745882540941238403e-02,4.441572725772857666e-02,-2.520120516419410706e-02,6.105476990342140198e-02,-2.747740447521209717e-01,-2.952689304947853088e-02,2.185537666082382202e-01,-1.982321031391620636e-02,2.141179442405700684e-01,-1.601456315256655216e-03,-5.550673976540565491e-02,-2.849782705307006836e-01,-2.603002488613128662e-01,-6.066283956170082092e-02,-6.159301847219467163e-03,-2.852121181786060333e-02,-2.578390836715698242e-01,-1.644161529839038849e-02,-8.650161325931549072e-02,1.195651888847351074e-01,2.915854156017303467e-01,-5.501465871930122375e-02,1.545820981264114380e-01,9.502883069217205048e-03,-2.306156456470489502e-01,-7.524446398019790649e-02,1.747757941484451294e-02,-3.506306111812591553e-01,-4.042140543460845947e-01,-1.775569468736648560e-01,2.451828122138977051e-02,-3.228628933429718018e-01,9.134677797555923462e-02,-4.633551836013793945e-02,-3.889420032501220703e-01,-3.703359663486480713e-01,-2.606306970119476318e-01,-7.597015798091888428e-02,-2.576378285884857178e-01,1.850479096174240112e-02,-1.903883665800094604e-01,2.149919122457504272e-01,-2.856647223234176636e-02,-5.163177475333213806e-02,2.907819300889968872e-02,-4.039023816585540771e-02,1.770739555358886719e-01,-3.137636557221412659e-02,-7.676041126251220703e-02,-4.362182319164276123e-01,5.772719904780387878e-02,1.615867018699645996e-01,2.421839833259582520e-01,-1.044524386525154114e-01,5.316130444407463074e-02,2.435527741909027100e-01,-2.402906715869903564e-01,-2.702020704746246338e-01,-2.571336925029754639e-01,3.445143103599548340e-01,3.733702898025512695e-01,9.990005940198898315e-02,4.952940046787261963e-01,6.861641258001327515e-02,-1.879279166460037231e-01,3.894210094586014748e-03,-3.189307749271392822e-01,-2.953121364116668701e-01,2.557288408279418945e-01,-3.289673244580626488e-03,2.375146001577377319e-01,-1.277759224176406860e-01,1.576320976018905640e-01,-2.424334883689880371e-01,1.303950548171997070e-01,3.660328984260559082e-01,-2.220798470079898834e-02,-1.405740529298782349e-01,-4.183097481727600098e-01,6.284603476524353027e-02,1.662849038839340210e-01,1.381937265396118164e-01,-8.418693393468856812e-02,2.477905601263046265e-01,5.927558615803718567e-02,-8.263783901929855347e-02,1.009502820670604706e-02,-1.100236736238002777e-02,1.174271404743194580e-01,1.473699063062667847e-01,3.700506985187530518e-01,1.256061252206563950e-02,-1.713174208998680115e-02,-8.071254938840866089e-02,1.678815633058547974e-01,3.206748068332672119e-01,-1.480332911014556885e-01,-9.635725058615207672e-03,2.368058711290359497e-01,5.441296473145484924e-02,1.075572893023490906e-01,1.303183585405349731e-01,1.359212249517440796e-01,3.106871806085109711e-02,-7.829123735427856445e-02,6.938605103641748428e-03,-5.308089032769203186e-02,-1.532843988388776779e-02,-2.644746005535125732e-01,-2.173408567905426025e-01,-7.633421570062637329e-02,-6.725252419710159302e-02,-8.834931999444961548e-02,-4.300095736980438232e-01,-2.425403296947479248e-01,2.440985739231109619e-01,2.053544819355010986e-01,-1.005757898092269897e-01,2.438158690929412842e-01,4.136377573013305664e-01,-3.391503989696502686e-01,4.224297776818275452e-02,1.401539053767919540e-02,4.223780706524848938e-02,2.047521248459815979e-02,-3.697785735130310059e-01,-1.927275657653808594e-01,-1.719388961791992188e-01,-4.085881263017654419e-02,1.533827930688858032e-01,-1.590984314680099487e-02,5.501207336783409119e-02,2.223049998283386230e-01,1.336722970008850098e-01,2.041252553462982178e-01,-1.454162746667861938e-01,2.374437302350997925e-01,1.527821719646453857e-01,3.504976630210876465e-02,6.818342953920364380e-02,-2.700775563716888428e-01,9.488701075315475464e-02,1.233055964112281799e-01,3.049609065055847168e-01,2.828053198754787445e-02,-6.163557991385459900e-02,-5.284278653562068939e-03,-3.908634781837463379e-01,7.411480415612459183e-03,6.671097129583358765e-02,-1.057627275586128235e-01,2.683454453945159912e-01,-6.692986935377120972e-03,1.018276289105415344e-01,-1.971695274114608765e-01,1.493218354880809784e-02,-1.068183314055204391e-02,-3.451722115278244019e-02,-5.703994631767272949e-01,1.400143001228570938e-02,2.705698609352111816e-01,1.949084997177124023e-01,1.434226632118225098e-01,2.899037003517150879e-01,-1.872816383838653564e-01,-2.840117812156677246e-01,-1.896967738866806030e-01,-4.105705767869949341e-02,3.019996881484985352e-01,4.652578532695770264e-01,-2.423648722469806671e-02,-1.499475687742233276e-01,1.726763993501663208e-01,8.450451493263244629e-02,-1.932210326194763184e-01,-1.013870835304260254e-01,7.928568869829177856e-02,2.237791419029235840e-01,-1.356223691254854202e-02,1.983348429203033447e-01,5.613479390740394592e-02,-2.771415114402770996e-01,-8.329673856496810913e-02,-7.042378932237625122e-02,1.839799880981445312e-01,-2.788859605789184570e-01,-1.439141035079956055e-01,7.720167934894561768e-02,1.322217471897602081e-02,-2.846579253673553467e-01,-1.092627122998237610e-01,3.070006370544433594e-01,1.015864163637161255e-01,2.140116244554519653e-01,-1.297812759876251221e-01,-6.878095120191574097e-02,-1.949271187186241150e-02,-1.693384200334548950e-01,8.427903056144714355e-02,-1.674653738737106323e-01,-1.452004164457321167e-01,-2.662656083703041077e-02,1.885133385658264160e-01,-2.876640483736991882e-02,-1.515811234712600708e-01,3.243113458156585693e-01,-2.381542474031448364e-01,9.305102750658988953e-03,2.628235518932342529e-01,-1.664957590401172638e-02,3.122212290763854980e-01,1.960721760988235474e-01,-2.588129416108131409e-02,6.375867128372192383e-02,-1.537167727947235107e-01,1.783858835697174072e-01,9.323469549417495728e-02,2.392989546060562134e-01,-2.776497006416320801e-01,8.854258060455322266e-02,1.922485977411270142e-01,3.557698130607604980e-01,-2.773983478546142578e-01,9.149133414030075073e-02,6.012364625930786133e-01,-1.285590231418609619e-01,-4.136848151683807373e-01,-1.640765368938446045e-01,-1.840754151344299316e-01,-2.920192778110504150e-01,4.839961230754852295e-02,3.115343749523162842e-01,6.523849815130233765e-02,-3.987298905849456787e-02,1.603529304265975952e-01,-1.356251537799835205e-01,2.264698743820190430e-01,-6.487647071480751038e-03,2.352567315101623535e-01,-1.113416850566864014e-01,2.553501129150390625e-01,-1.889384388923645020e-01,8.939487487077713013e-02,2.970656454563140869e-01,-1.903401315212249756e-02,-6.068445369601249695e-02,1.327168941497802734e-01,-1.812477707862854004e-01,3.103042207658290863e-02,-2.676260471343994141e-01,3.019891083240509033e-01,1.918074190616607666e-01,-6.134001538157463074e-02,-1.504667662084102631e-02,2.359585911035537720e-01,1.945771872997283936e-01,5.897043272852897644e-02,-3.150274753570556641e-01,-1.866783499717712402e-01,-1.322760283946990967e-01,-4.212759435176849365e-01,1.646833270788192749e-01,-2.171342372894287109e-01,-1.331744492053985596e-01,-3.070612810552120209e-02,3.527123108506202698e-02,-2.873409092426300049e-01,-1.415614783763885498e-01,-1.755279898643493652e-01,-4.701628386974334717e-01,-5.497629642486572266e-01,-6.367371976375579834e-02,3.776728734374046326e-02,1.781455129384994507e-01,1.010567024350166321e-01,1.943421363830566406e-01,-1.375168561935424805e-02,1.057927981019020081e-01,-1.360439211130142212e-01,-9.525046497583389282e-02,2.030961960554122925e-01,1.449983119964599609e-01,-2.466424182057380676e-02,1.614399403333663940e-01,1.680089384317398071e-01,1.943893432617187500e-01,1.392054259777069092e-01,-9.010949730873107910e-02,1.745176017284393311e-01,-4.517995715141296387e-01,1.319824457168579102e-01,1.452816128730773926e-01,-2.119941711425781250e-01,5.924575403332710266e-02,-1.845626085996627808e-01,-1.172691062092781067e-01,-5.955246090888977051e-02,-8.431241661310195923e-02,-4.435836896300315857e-02,2.503542415797710419e-02,3.170042932033538818e-01,2.448101192712783813e-01,1.361733227968215942e-01,-7.186085730791091919e-02,1.747960038483142853e-02,6.957878940738737583e-04,2.789132893085479736e-01,-2.695703506469726562e-02,7.909391820430755615e-02,3.634665533900260925e-02,1.482995450496673584e-01,1.494360864162445068e-01,-2.233356684446334839e-01,2.111092358827590942e-01
2.513887584209442139e-01,6.848651170730590820e-02,2.524795532226562500e-01,-1.195379942655563354e-01,-2.892806529998779297e-01,-1.583218947052955627e-02,1.556084305047988892e-01,-5.595543980598449707e-02,-1.560362428426742554e-01,8.881820738315582275e-02,2.095910459756851196e-01,-4.468099027872085571e-02,-1.103253737092018127e-01,1.435661315917968750e-01,5.197880417108535767e-02,2.681159079074859619e-01,-7.372753322124481201e-02,3.507796823978424072e-01,4.235911369323730469e-01,3.544020354747772217e-01,2.380920797586441040e-01,1.654317229986190796e-01,-1.310156285762786865e-01,1.598013192415237427e-02,3.893092274665832520e-02,-1.092380285263061523e-01,6.479505449533462524e-02,-8.008302003145217896e-02,2.528132796287536621e-01,3.494964540004730225e-01,1.307328343391418457e-01,-1.738412827253341675e-01,-4.422155022621154785e-01,5.166582390666007996e-02,-1.070046126842498779e-01,2.820968627929687500e-02,-1.701855510473251343e-01,-7.319636642932891846e-03,3.990099132061004639e-01,-1.808890998363494873e-01,-2.651228904724121094e-01,3.861135989427566528e-02,-2.923652902245521545e-02,-5.323017016053199768e-02,3.663033246994018555e-01,3.087271451950073242e-01,-4.782949686050415039e-01,-3.058206737041473389e-01,5.493480339646339417e-02,2.989767678081989288e-02,-4.310013353824615479e-01,4.853794872760772705e-01,-1.747459620237350464e-01,2.539617121219635010e-01,-1.327390819787979126e-01,1.321865767240524292e-01,2.034566551446914673e-01,-3.391242027282714844e-01,1.067059934139251709e-01,-1.578825712203979492e-02,1.356934309005737305e-01,-6.447090953588485718e-02,-5.532582104206085205e-02,-2.893550097942352295e-01,1.999088004231452942e-02,-1.222406029701232910e-01,9.203021228313446045e-02,2.526737153530120850e-01,4.718905314803123474e-02,2.014210224151611328e-01,-4.737994633615016937e-03,2.211979776620864868e-02,2.320755273103713989e-01,-2.589763700962066650e-01,6.298231333494186401e-02,1.203949078917503357e-01,2.472307085990905762e-01,6.524916738271713257e-02,-3.881162777543067932e-02,-2.595138847827911377e-01,-1.977155730128288269e-02,1.328523159027099609e-01,-3.303434550762176514e-01,-1.578057557344436646e-01,-1.479355394840240479e-01,-2.993757128715515137e-01,-3.648943901062011719e-01,-9.762129746377468109e-03,1.405424475669860840e-01,-1.384668350219726562e-01,4.683438539505004883e-01,-6.187603250145912170e-02,9.111765027046203613e-02,1.645455956459045410e-01,-6.316737737506628036e-03,-1.005784273147583008e-01,2.352819889783859253e-01,2.450269013643264771e-01,1.233283877372741699e-01,2.682079374790191650e-02,4.407642036676406860e-02,-1.023947969079017639e-01,3.102613687515258789e-01,6.314241886138916016e-02,-9.504862874746322632e-02,6.363831460475921631e-02,3.105243146419525146e-01,-1.772197633981704712e-01,-2.249897271394729614e-01,3.155921027064323425e-02,2.374673485755920410e-01,-6.715454906225204468e-02,1.784904450178146362e-01,6.751487404108047485e-02,-4.255095124244689941e-01,1.332918554544448853e-01,-2.940356731414794922e-01,-2.167320847511291504e-01,-2.526487223803997040e-03,-1.376681774854660034e-02,-1.497860103845596313e-01,2.112832367420196533e-01,-8.386513590812683105e-02,3.196665272116661072e-02,-1.445002406835556030e-01,3.343865573406219482e-01,1.076018810272216797e-01,1.152160987257957458e-01,2.122054249048233032e-02,1.454733610153198242e-01,1.239889301359653473e-02,-5.782211422920227051e-01,-1.962077468633651733e-01,1.857585161924362183e-01,3.277008235454559326e-01,-1.852824240922927856e-01,3.339549303054809570e-01,2.733283042907714844e-01,3.269316628575325012e-02,-3.632754087448120117e-02,-2.619035243988037109e-01,1.774129122495651245e-01,1.129005029797554016e-01,-2.452187389135360718e-01,1.329692900180816650e-01,2.218361049890518188e-01,2.333091497421264648e-01,-1.280682682991027832e-01,1.118093281984329224e-01,3.785670399665832520e-01,-2.115508764982223511e-01,4.094718396663665771e-02,-7.996957749128341675e-02,-3.214035332202911377e-01,4.355405569076538086e-01,3.333747386932373047e-01,-3.984790667891502380e-02,-5.324022844433784485e-03,-3.999726101756095886e-02,-2.628701031208038330e-01,4.608100652694702148e-02,-4.173475876450538635e-02,-1.804080456495285034e-01,-1.505726017057895660e-02,3.075401782989501953e-01,-8.327677100896835327e-02,-6.951223313808441162e-02,4.029688239097595215e-01,-2.510058321058750153e-02,1.860999912023544312e-01,-9.448350220918655396e-02,-4.480932950973510742e-01,1.046281084418296814e-01,-2.310790307819843292e-02,-6.148914992809295654e-02,4.601682722568511963e-01,3.358400166034698486e-01,-3.544300496578216553e-01,-1.124509945511817932e-01,-2.148190289735794067e-01,-2.291745543479919434e-01,-2.690896391868591309e-01,-1.431345380842685699e-02,6.170267239212989807e-03,-9.310677647590637207e-02,-3.666558563709259033e-01,6.187965869903564453e-01,-1.048441752791404724e-01,1.779604852199554443e-01,-1.383231282234191895e-01,2.297131121158599854e-01,-2.348482310771942139e-01,4.649131093174219131e-03,2.972691319882869720e-02,-4.042547643184661865e-01,-1.100192591547966003e-01,3.290100768208503723e-02,-2.227089405059814453e-01,-4.951051250100135803e-02,4.510204493999481201e-02,-3.820317238569259644e-02,-7.040614634752273560e-02,-1.460764110088348389e-01,4.510877653956413269e-02,-1.238784641027450562e-01,5.260121822357177734e-02,2.431357502937316895e-01,-2.582146227359771729e-01,5.738297477364540100e-02,8.734297752380371094e-02,3.158198297023773193e-01,4.263541996479034424e-01,-1.990485489368438721e-01,-2.643173635005950928e-01,-5.557882599532604218e-03,1.206080988049507141e-01,2.275762110948562622e-01,-1.317967921495437622e-01,1.453886181116104126e-02,3.465020358562469482e-01,1.384610235691070557e-01,-6.259858608245849609e-02,3.528669849038124084e-02,-2.159693986177444458e-01,-1.286863535642623901e-01,-4.927772879600524902e-01,1.761307567358016968e-02,2.952055633068084717e-01,4.369812309741973877e-01,6.306955963373184204e-02,1.064225062727928162e-01,7.822874188423156738e-02,1.682195067405700684e-01,3.969313576817512512e-02,2.231272906064987183e-01,1.341016143560409546e-01,-5.255857110023498535e-02,-1.477108523249626160e-02,-4.154449701309204102e-01,-3.234059810638427734e-01,-8.243182301521301270e-02,1.998817175626754761e-01,4.266742244362831116e-02,-2.762775719165802002e-01,-2.146391719579696655e-01,-2.576145529747009277e-01,1.324282437562942505e-01,-5.557320713996887207e-01,-3.388440012931823730e-01,2.118699699640274048e-01,-4.404416307806968689e-02,-3.180975914001464844e-01,1.548898071050643921e-01,3.012851476669311523e-01,-1.700071245431900024e-01,3.484182059764862061e-01,1.561754196882247925e-01,-2.490864396095275879e-01,-2.045980393886566162e-01,2.187916077673435211e-02,-2.797907888889312744e-01,7.530839741230010986e-02,-6.542713195085525513e-02,1.040158420801162720e-01,-3.255228102207183838e-01,-1.697820276021957397e-01,8.666808716952800751e-03,-1.593635231256484985e-01,-1.442268490791320801e-01,4.985605180263519287e-02,1.513288915157318115e-01,2.889972552657127380e-02,2.645521797239780426e-02,-1.910247653722763062e-01,-9.498280286788940430e-02,-2.423014640808105469e-01,-1.573905050754547119e-01,1.212934777140617371e-02,2.609611749649047852e-01,-5.956051498651504517e-02,-4.786334186792373657e-02,2.504749596118927002e-01,1.966840922832489014e-01,-2.269821614027023315e-01,-2.698373794555664062e-01,1.008754149079322815e-01,2.946797385811805725e-02,-2.239938974380493164e-01,1.189423575997352600e-01,-2.898315489292144775e-01,-1.792381256818771362e-01,5.008800029754638672e-01,-6.388303358107805252e-03,4.640891775488853455e-02,-5.325109362602233887e-01,-2.221529185771942139e-01,-9.255539625883102417e-02,3.660592138767242432e-01,-2.060953825712203979e-01,3.570328280329704285e-02,-1.144651770591735840e-01,-3.420742973685264587e-02,1.523183584213256836e-01,-1.120808497071266174e-01,-1.936879605054855347e-01,-3.078390359878540039e-01,6.539869308471679688e-02,-2.154125124216079712e-01,-3.710139393806457520e-01,1.557382643222808838e-01,-3.945710957050323486e-01,6.615386158227920532e-02,-1.363056451082229614e-01,-1.896796226501464844e-01,-1.571155637502670288e-01,1.280620694160461426e-01,-2.515493929386138916e-01,2.237333953380584717e-01,1.414821743965148926e-01,-1.435864269733428955e-01,-1.049931440502405167e-02,-2.439271509647369385e-01,1.415912359952926636e-01,3.787282854318618774e-02,-4.418112039566040039e-01,-1.656284928321838379e-01,-2.752114459872245789e-02,-3.033747375011444092e-01,-5.819496139883995056e-02,-7.059828937053680420e-02,3.262871131300926208e-02,1.743970960378646851e-01,4.525145888328552246e-01,6.081027537584304810e-02,-2.356139123439788818e-01,-7.627401500940322876e-02,3.146651983261108398e-01,-2.310152202844619751e-01,-4.428505003452301025e-01,7.474946975708007812e-02,2.654362618923187256e-01,-5.448901057243347168e-01,-2.691775858402252197e-01,-4.625710844993591309e-02,2.045754343271255493e-02,2.651753127574920654e-01,-8.001807332038879395e-02,-6.289798021316528320e-02,1.773204952478408813e-01,1.949776113033294678e-01,2.363704890012741089e-01,-1.550598256289958954e-02,-2.697308659553527832e-01,-2.285514213144779205e-02,1.953233182430267334e-01,-8.990921825170516968e-02,-4.074996337294578552e-02,-2.505323290824890137e-01,1.058545038104057312e-01,-2.504052817821502686e-01,-2.557246983051300049e-01,1.727379113435745239e-02,3.328914046287536621e-01,-7.605727016925811768e-02,-3.990420699119567871e-01,-2.466025203466415405e-02,4.037287831306457520e-02,1.694156974554061890e-01,1.140429973602294922e-01,-1.880604773759841919e-01,1.011613756418228149e-01,1.783279478549957275e-01,-4.529256522655487061e-01,7.773572951555252075e-02,-7.085306942462921143e-02,5.264405906200408936e-02,1.671775877475738525e-01,1.945167034864425659e-01,-1.756058819591999054e-02,1.532433927059173584e-01,-2.997774183750152588e-01,-3.475390747189521790e-02,3.463383316993713379e-01,-3.503086864948272705e-01,1.244976595044136047e-01,-2.144968062639236450e-01,-1.776333712041378021e-02,-6.425703316926956177e-02,-2.511466443538665771e-01,-2.138042002916336060e-01,1.836963742971420288e-01,-3.512114286422729492e-01,9.926491975784301758e-02,-1.105448007583618164e-01,1.865909844636917114e-01,-1.186114847660064697e-01,-1.666551977396011353e-01,-8.460576832294464111e-02,1.324135530740022659e-02,9.124789386987686157e-03,-2.280624657869338989e-01,4.032696783542633057e-01,-1.013068035244941711e-01,5.552337318658828735e-02,-1.650657951831817627e-01,-1.451019942760467529e-01,1.881649531424045563e-02,3.782056272029876709e-01,-1.780031770467758179e-01,4.689694344997406006e-01,-1.906204223632812500e-02,-1.960320211946964264e-02,-7.116779685020446777e-02,1.024186834692955017e-01,4.652967453002929688e-01,-1.853199005126953125e-01,2.163811624050140381e-01,-7.660208642482757568e-02,1.885264180600643158e-02,1.423886567354202271e-01,-2.595085836946964264e-02,-7.996740937232971191e-02,2.965602874755859375e-01,-3.063808679580688477e-01,2.832722067832946777e-01,3.330114483833312988e-01,-2.926579713821411133e-01,-2.783827483654022217e-01,1.434162706136703491e-01,5.880156997591257095e-03,5.365978479385375977e-01,1.560587882995605469e-01,2.655261158943176270e-01,-1.985631585121154785e-01,-1.395273804664611816e-01,-4.343940317630767822e-02,1.270873993635177612e-01,-4.325922727584838867e-01,2.212966419756412506e-02,-1.584112793207168579e-01,2.419878244400024414e-01,4.614540636539459229e-01,1.342807263135910034e-01,3.383486717939376831e-02,-2.357404679059982300e-01,-8.001931756734848022e-02,-3.378032147884368896e-01,-4.353900253772735596e-02,-4.565701484680175781e-01,1.562630683183670044e-01,1.157448366284370422e-01,1.719100773334503174e-01,-3.585851788520812988e-01,1.138180866837501526e-01,5.837124586105346680e-01,-2.991776168346405029e-01,3.763638809323310852e-02,2.766316235065460205e-01,-3.723359405994415283e-01,-2.132927626371383667e-02,4.737126231193542480e-01,9.911535680294036865e-02,-5.190506577491760254e-01,1.000999659299850464e-01,-3.710926976054906845e-03,7.414340227842330933e-02,8.722692728042602539e-02,-2.970794141292572021e-01,-1.402659565210342407e-01,-1.455440372228622437e-01,1.389099378138780594e-02,2.804423309862613678e-02,-1.129066571593284607e-01,5.288077518343925476e-02,-1.434736400842666626e-01,-1.856742054224014282e-01,1.254680454730987549e-01,-3.213481009006500244e-01,3.330552205443382263e-02,-7.297280430793762207e-02,3.017527982592582703e-02,-2.197527289390563965e-01,2.030411511659622192e-01,-3.385173156857490540e-02,-2.833284437656402588e-01,9.629662334918975830e-02,-1.576542109251022339e-01,1.803209930658340454e-01,-3.181090950965881348e-01,-1.514481157064437866e-01,5.913525447249412537e-02,-8.063799887895584106e-02,7.723818067461252213e-03,-3.898507952690124512e-01,1.352571099996566772e-01,-1.613391637802124023e-01,3.948188200592994690e-02,-8.308844640851020813e-03,-2.461175654389080591e-06,2.469324022531509399e-01,-8.986521512269973755e-02,2.106896787881851196e-01,-7.867334783077239990e-02,-3.732760846614837646e-01,1.332270503044128418e-01,1.413605958223342896e-01,-6.325937807559967041e-02,2.171594351530075073e-01,-1.835946291685104370e-01,-2.537161409854888916e-01,7.119843363761901855e-02,-1.900069974362850189e-02,-4.770371615886688232e-01,1.487016230821609497e-01,3.179171681404113770e-01,6.971863657236099243e-02,-1.851814091205596924e-01,-2.054878696799278259e-02,2.735523581504821777e-01,-7.684805989265441895e-02,1.962370276451110840e-01,6.099365651607513428e-02,-4.217848554253578186e-02,2.018237709999084473e-01,-2.422779053449630737e-01,-1.238274648785591125e-01,2.234605848789215088e-01,-2.112966179847717285e-01,1.540035009384155273e-01,-3.990013897418975830e-01,9.403656423091888428e-02,3.257388174533843994e-01,-8.809594064950942993e-02,-2.819318771362304688e-01,-1.689253449440002441e-01,1.496673971414566040e-01,4.655923321843147278e-02,-9.027651697397232056e-02,-4.726001992821693420e-02,-1.115793660283088684e-01,-1.012912467122077942e-01,-3.111399114131927490e-01,2.662369795143604279e-02,1.927204728126525879e-01,7.899487391114234924e-03,-5.615397542715072632e-02,9.999084472656250000e-02,-4.516343474388122559e-01,4.532086849212646484e-02,6.035872101783752441e-01,2.901202142238616943e-01,-2.005407661199569702e-01,-1.749308407306671143e-01,-2.317963838577270508e-01,1.447635889053344727e-01,-3.126706480979919434e-01,-8.613031357526779175e-02,-4.092304408550262451e-02,-3.380478918552398682e-02,3.073348402976989746e-01,9.043372422456741333e-02,1.332474648952484131e-01,-2.860672213137149811e-02,1.135551650077104568e-02,-2.162697315216064453e-01,1.609669476747512817e-01,7.155968248844146729e-02,-1.926812678575515747e-01,5.462582781910896301e-02,-4.391867816448211670e-01,-2.321402281522750854e-01,-3.856732547283172607e-01,4.601344168186187744e-01,-5.979752540588378906e-01,4.317191988229751587e-02,3.319839537143707275e-01,3.471327945590019226e-02,-1.139066293835639954e-01,2.644515931606292725e-01,-1.797236055135726929e-01,-2.038530111312866211e-01,-1.282437890768051147e-01,-7.200035452842712402e-02,2.700038850307464600e-01,-1.448304206132888794e-01,1.080989018082618713e-01,1.224202662706375122e-01,-1.280843000859022141e-02,-2.897679209709167480e-01,1.114143729209899902e-01,2.755106799304485321e-02,5.219197869300842285e-01,2.123395055532455444e-01,-1.039971113204956055e-01,2.606233209371566772e-02,-4.507027566432952881e-01,6.728315260261297226e-03,1.251475363969802856e-01,-2.736635506153106689e-01,7.405003067106008530e-03,1.038141921162605286e-02,5.195676907896995544e-02,-3.016314208507537842e-01,1.327300071716308594e-01,9.882736206054687500e-02,-9.317527711391448975e-02,1.374295651912689209e-01,-5.997883528470993042e-02,4.018244445323944092e-01,1.233559250831604004e-01,-1.000040844082832336e-01,1.084417924284934998e-01,3.328352570533752441e-01,-1.093528494238853455e-01,1.724463105201721191e-01,3.164189755916595459e-01,2.809512317180633545e-01,-2.593884170055389404e-01,-5.212473496794700623e-02,4.464057683944702148e-01,4.482696577906608582e-02,-8.842272311449050903e-02,1.758772879838943481e-01,-7.462123036384582520e-02,-2.469706237316131592e-01,-6.867470592260360718e-02,4.953010007739067078e-02,-5.879359692335128784e-02,-4.276026040315628052e-02,-8.060579746961593628e-02,-8.648378401994705200e-02,-1.338052302598953247e-01,3.910719454288482666e-01,-1.793196052312850952e-02,-6.632504612207412720e-02,-1.175362840294837952e-01,2.754149436950683594e-01,4.268132150173187256e-02,1.187985241413116455e-01,6.656389683485031128e-02,6.610734760761260986e-02,5.355073809623718262e-01,-7.629088126122951508e-03,-1.022278219461441040e-01,4.771075844764709473e-01,-1.431635022163391113e-01,4.210429266095161438e-02,-4.559288918972015381e-02,-9.105269797146320343e-03,2.321140319108963013e-01,2.142704576253890991e-01,7.923140376806259155e-02,2.145152986049652100e-01,-1.017833948135375977e-01,7.447272539138793945e-02,3.929727151989936829e-02,1.549234092235565186e-01,1.400526706129312515e-02,1.552702337503433228e-01,4.870231822133064270e-02,-1.034426391124725342e-01,1.251623779535293579e-01,1.650938093662261963e-01,8.767773956060409546e-02,-7.623177953064441681e-03,3.909711241722106934e-01,1.083780154585838318e-01,-3.107950985431671143e-01,2.040810436010360718e-01,5.350682418793439865e-03,-1.786455810070037842e-01,1.827227473258972168e-01,1.036742404103279114e-01,1.027682945132255554e-01,-1.446165144443511963e-02,3.332925736904144287e-01,-5.000033378601074219e-01,-2.043306976556777954e-01,5.617231726646423340e-01,-7.834159582853317261e-02,-1.477425545454025269e-01,-1.072435602545738220e-01,-1.845410279929637909e-02,-1.526899039745330811e-01,1.410768926143646240e-02,1.680595725774765015e-01,-7.814425230026245117e-02,2.177312672138214111e-01,2.025172561407089233e-01,-2.486582696437835693e-01,1.571987420320510864e-01,-1.049988567829132080e-01,-3.649495244026184082e-01,2.073880732059478760e-01,7.666578143835067749e-02,2.376529276371002197e-01,-2.258746474981307983e-01,2.570715034380555153e-03,2.695234417915344238e-01,5.990362167358398438e-02,6.829789280891418457e-02,2.119746208190917969e-01,-1.591623425483703613e-01,-5.071218684315681458e-02,5.255453288555145264e-02,-5.122609809041023254e-02,-2.568639218807220459e-01,2.618285417556762695e-01,-3.203409910202026367e-02,1.778041571378707886e-01,-1.381930559873580933e-01,2.104940451681613922e-02,-3.446298241615295410e-01,2.802969217300415039e-01,2.895770370960235596e-01,-9.943976067006587982e-03,4.025960266590118408e-01,-6.164314225316047668e-02,-3.225352466106414795e-01,8.030938357114791870e-02,-1.249366700649261475e-01,8.095164597034454346e-02,1.461382657289505005e-01,-2.120156735181808472e-01,1.573144644498825073e-01,2.233419567346572876e-01,-2.622391283512115479e-01,-1.909719705581665039e-01,-1.781996488571166992e-01,-4.492096602916717529e-01,9.229283779859542847e-02,-1.077637746930122375e-01,1.399609148502349854e-01,-7.715757936239242554e-02,-1.330741345882415771e-01,4.764379560947418213e-01,-2.987545169889926910e-02,3.314490914344787598e-01,3.653391823172569275e-02,-1.361008882522583008e-01,2.266725450754165649e-01,1.694212853908538818e-01,6.452995538711547852e-02,1.969636231660842896e-01,-4.045183658599853516e-01,-3.053088299930095673e-02,6.118732318282127380e-02,-1.378792822360992432e-01,-3.162485063076019287e-01,-1.503270566463470459e-01,2.537252902984619141e-01,-2.228958904743194580e-01,1.968790739774703979e-01,1.598098129034042358e-01,2.404752820730209351e-01,2.595857977867126465e-01,4.890554025769233704e-02,-1.569927185773849487e-01,-1.302046179771423340e-01,-8.066618442535400391e-02,1.922068558633327484e-02,2.835560217499732971e-02,-8.010078221559524536e-02,-1.684407442808151245e-01,-1.428588032722473145e-01,-7.579115778207778931e-02,5.228257738053798676e-03,-3.457582294940948486e-01
-3.008597157895565033e-02,-1.695553362369537354e-01,-6.221100315451622009e-02,-5.649169906973838806e-03,-2.468660287559032440e-02,1.024775207042694092e-01,-3.094205632805824280e-02,-1.219061668962240219e-02,-1.505309641361236572e-01,7.307782769203186035e-02,1.185465678572654724e-01,2.767755687236785889e-01,-3.849979117512702942e-02,2.238646000623703003e-01,-1.472853720188140869e-01,9.827495366334915161e-02,1.448183804750442505e-01,-1.835195422172546387e-01,-2.760491073131561279e-01,-8.952779322862625122e-02,4.186704382300376892e-02,3.137367218732833862e-02,-2.344865947961807251e-01,-4.831486567854881287e-02,-1.478961557149887085e-01,-1.422267258167266846e-01,-1.884211301803588867e-01,9.213754534721374512e-02,-2.409603297710418701e-01,1.343914717435836792e-01,-1.653205305337905884e-01,-2.727469503879547119e-01,1.398615390062332153e-01,3.040033876895904541e-01,1.802537590265274048e-01,1.212859377264976501e-01,2.215896248817443848e-01,-1.903721392154693604e-01,2.222763299942016602e-01,4.199377596378326416e-01,-8.443177491426467896e-02,-8.740934729576110840e-02,-1.150781810283660889e-01,1.116156112402677536e-02,1.406158208847045898e-01,1.029163673520088196e-01,1.893193274736404419e-01,8.091905713081359863e-02,1.116413809359073639e-02,4.851918518543243408e-01,-5.726474896073341370e-02,-2.091898918151855469e-01,8.720812387764453888e-03,5.482434481382369995e-02,1.141602173447608948e-01,-2.198369055986404419e-01,-3.139188289642333984e-01,-6.775884330272674561e-02,5.951913446187973022e-02,4.017435610294342041e-01,8.526594191789627075e-02,-2.403259277343750000e-01,1.466004848480224609e-01,9.201368689537048340e-02,1.795741543173789978e-02,-3.780345320701599121e-01,2.251132726669311523e-01,-1.749407202005386353e-01,1.980227380990982056e-01,-3.816347196698188782e-02,7.256572693586349487e-02,-5.359955504536628723e-02,8.846835047006607056e-02,-1.062251329421997070e-01,-1.259410101920366287e-02,2.237477749586105347e-01,-1.695009917020797729e-01,-3.076359070837497711e-02,9.081055223941802979e-02,8.743096143007278442e-02,1.755740493535995483e-01,2.803998067975044250e-02,2.784013450145721436e-01,-6.778120249509811401e-02,-1.292188186198472977e-03,6.277348846197128296e-02,3.960949480533599854e-01,1.061023250222206116e-01,1.421220302581787109e-01,1.645641028881072998e-01,3.629522323608398438e-01,-9.255249053239822388e-02,-6.705586612224578857e-02,-1.140893399715423584e-01,-2.370048686861991882e-02,-1.058767139911651611e-01,1.845106333494186401e-01,-3.333444595336914062e-01,1.403512433171272278e-02,-4.270058572292327881e-01,-1.724044084548950195e-01,-2.292894423007965088e-01,-2.771737277507781982e-01,-2.084054201841354370e-01,9.714867919683456421e-02,1.916111409664154053e-01,4.220826551318168640e-02,2.815001271665096283e-02,3.999802470207214355e-02,6.595455110073089600e-02,3.876842791214585304e-03,-1.785622090101242065e-01,3.392731249332427979e-01,-2.261438369750976562e-01,7.692179642617702484e-03,9.918289631605148315e-02,5.645883828401565552e-02,-2.921939790248870850e-01,3.396076709032058716e-02,-2.672852016985416412e-02,-2.152174524962902069e-02,-3.998507559299468994e-01,1.056257784366607666e-01,-2.746357582509517670e-03,-1.194824054837226868e-01,-1.200855225324630737e-01,-6.079552173614501953e-01,1.518485844135284424e-01,3.256003558635711670e-02,1.107430979609489441e-01,-8.584135770797729492e-02,1.157307103276252747e-01,6.113428622484207153e-02,-3.206786885857582092e-02,1.509403530508279800e-02,4.072469845414161682e-02,-2.987535893917083740e-01,-1.008556690067052841e-02,-6.800871342420578003e-02,-6.551478803157806396e-02,-1.918679475784301758e-01,1.064449548721313477e-02,-8.204098790884017944e-02,7.763594388961791992e-02,-3.490369021892547607e-02,3.032791614532470703e-01,1.291956286877393723e-02,5.908184498548507690e-02,-2.246022075414657593e-01,-5.833728238940238953e-02,-1.631142497062683105e-01,9.475967288017272949e-02,-6.341607123613357544e-02,-5.138491746038198471e-03,-5.858448520302772522e-02,2.226451486349105835e-01,-1.227546706795692444e-01,1.781556159257888794e-01,-1.293849796056747437e-01,1.735955625772476196e-01,4.328519850969314575e-02,1.771607995033264160e-02,-2.664416469633579254e-02,-3.371562659740447998e-01,-6.618145108222961426e-02,9.553394466638565063e-02,-3.690644502639770508e-01,1.038793772459030151e-01,-7.647849619388580322e-02,2.493080198764801025e-01,-1.024738922715187073e-01,2.901947200298309326e-01,2.955299988389015198e-02,7.314781844615936279e-02,1.570303440093994141e-01,2.740729749202728271e-01,-3.654277622699737549e-01,1.369710415601730347e-01,-1.489108502864837646e-01,-6.820221990346908569e-02,-5.516341328620910645e-02,2.493690550327301025e-01,6.216465309262275696e-02,5.421698838472366333e-02,1.756453812122344971e-01,2.588075995445251465e-01,-1.554243862628936768e-01,3.544075489044189453e-01,1.634301394224166870e-01,3.617617115378379822e-02,-3.502215072512626648e-02,-6.431052833795547485e-02,6.022289395332336426e-02,-2.025143057107925415e-01,1.763515323400497437e-01,1.020079776644706726e-01,-4.195312857627868652e-01,-1.603990495204925537e-01,-1.102103292942047119e-01,1.861787885427474976e-01,-2.532642483711242676e-01,1.953912377357482910e-01,-9.257657080888748169e-02,8.323785848915576935e-03,-1.814047098159790039e-01,-1.713551729917526245e-01,5.457878857851028442e-02,9.923689067363739014e-02,-2.116809636354446411e-01,-1.066778004169464111e-01,-9.955113381147384644e-02,4.817271605134010315e-02,-2.286334037780761719e-01,-1.297175139188766479e-01,2.042750865221023560e-01,1.104013547301292419e-01,2.291957736015319824e-01,3.678562343120574951e-01,-6.738717108964920044e-02,-2.601922154426574707e-01,-9.901614487171173096e-02,3.774413093924522400e-02,-3.507295623421669006e-02,-1.964486949145793915e-02,1.141267046332359314e-01,1.476690620183944702e-01,6.569350510835647583e-02,-2.872387468814849854e-01,1.976635158061981201e-01,4.116418585181236267e-02,1.949120312929153442e-01,-1.280670762062072754e-01,1.145831346511840820e-01,-2.257715165615081787e-02,8.586525917053222656e-03,2.555478215217590332e-01,1.918517500162124634e-01,-3.297267258167266846e-01,-2.974375523626804352e-02,6.772293150424957275e-02,7.643430680036544800e-02,-9.927824139595031738e-02,-7.211874425411224365e-02,-1.093084439635276794e-01,8.314236253499984741e-02,-3.573559522628784180e-01,-1.695950180292129517e-01,6.865935772657394409e-02,-1.711796224117279053e-01,2.331848740577697754e-01,-6.756367161870002747e-03,1.171146705746650696e-01,6.527387350797653198e-02,6.211154907941818237e-02,1.291170567274093628e-01,-1.245432198047637939e-01,7.317226380109786987e-02,-1.995322480797767639e-02,-1.354559510946273804e-01,-8.379024267196655273e-02,2.448778897523880005e-01,7.978317886590957642e-02,-1.216637119650840759e-01,-1.187641099095344543e-01,2.319245636463165283e-01,-2.239881008863449097e-01,-9.657812863588333130e-02,2.161666303873062134e-01,1.488651037216186523e-01,1.181428506970405579e-01,-6.844618916511535645e-02,3.491186201572418213e-01,-9.593021869659423828e-02,2.006293833255767822e-01,-1.906961053609848022e-01,9.294948726892471313e-02,-3.480456070974469185e-03,3.881615996360778809e-01,-8.356361091136932373e-02,5.823107436299324036e-02,6.441991031169891357e-02,1.941409409046173096e-01,2.017725855112075806e-01,1.903316080570220947e-01,7.955253124237060547e-02,9.707228839397430420e-02,-3.529071211814880371e-01,-3.752602264285087585e-02,-1.504617035388946533e-01,2.458965638652443886e-03,1.963340938091278076e-01,8.318394422531127930e-02,7.806371152400970459e-02,4.050463140010833740e-01,-1.212028563022613525e-01,1.253136545419692993e-01,1.466838121414184570e-01,2.027173154056072235e-02,-1.076514348387718201e-01,-1.105391904711723328e-01,-3.939833492040634155e-02,1.219278946518898010e-01,-7.088102400302886963e-02,-2.228004485368728638e-01,-2.689980715513229370e-02,1.896759122610092163e-01,1.171294227242469788e-01,1.678724735975265503e-01,1.627155989408493042e-01,3.187685906887054443e-01,1.687531173229217529e-01,2.025808095932006836e-01,1.075976062566041946e-02,1.423784643411636353e-01,-8.067762106657028198e-02,-2.916593849658966064e-01,-1.456904262304306030e-01,-9.742043167352676392e-02,-1.308461576700210571e-01,-1.227623000741004944e-01,-7.200052589178085327e-02,1.611499190330505371e-01,5.347223952412605286e-02,-2.462638467550277710e-01,-2.832433208823204041e-02,-1.313818842172622681e-01,-7.667387276887893677e-02,1.029699519276618958e-01,-3.686499968171119690e-02,-2.173564434051513672e-01,-2.059084624052047729e-01,-3.799654543399810791e-01,4.893048703670501709e-01,-1.995809376239776611e-01,-2.308856099843978882e-01,2.191300243139266968e-01,-1.349369138479232788e-01,-1.614835411310195923e-01,-1.864666640758514404e-01,2.300144135951995850e-01,-1.316435784101486206e-01,-3.148150146007537842e-01,5.548213794827461243e-02,-2.060276120901107788e-01,1.835422664880752563e-01,-2.262463569641113281e-01,-2.503267526626586914e-01,-2.445450723171234131e-01,-1.448391228914260864e-01,-2.955764532089233398e-01,2.763263136148452759e-02,3.029268421232700348e-02,-2.387937344610691071e-02,-2.457655966281890869e-02,-5.868096277117729187e-02,1.073196828365325928e-01,-2.347427606582641602e-02,2.133032083511352539e-01,4.163273051381111145e-02,-4.376580938696861267e-02,2.517584562301635742e-01,-7.499849796295166016e-02,-3.435343205928802490e-01,-4.538885783404111862e-03,-4.714744910597801208e-02,-1.894986182451248169e-01,1.764096915721893311e-01,-1.330468244850635529e-02,2.330846041440963745e-01,-6.276880204677581787e-02,3.960163146257400513e-02,-2.399092912673950195e-02,9.624388813972473145e-02,3.137782216072082520e-03,-3.638652712106704712e-02,-1.207891944795846939e-02,7.331088930368423462e-02,-3.074797689914703369e-01,-2.126691862940788269e-02,1.011932045221328735e-01,6.357587128877639771e-02,2.703948616981506348e-01,2.194173187017440796e-01,-9.960961341857910156e-02,-1.926631629467010498e-01,-4.076247289776802063e-02,-5.966352298855781555e-02,-3.675310686230659485e-02,-3.841190934181213379e-01,-7.590068876743316650e-02,4.108560085296630859e-02,1.043969839811325073e-01,-1.692510098218917847e-01,1.166707649827003479e-01,-4.504316449165344238e-01,-3.502897024154663086e-01,1.686676293611526489e-01,-2.592023015022277832e-01,-1.740553043782711029e-02,-1.408663988113403320e-01,7.973845303058624268e-02,-2.261005043983459473e-01,4.791093617677688599e-02,-1.390423327684402466e-01,5.280135571956634521e-02,3.675684630870819092e-01,-2.612938880920410156e-01,1.157464366406202316e-02,-5.830853432416915894e-02,-2.957529425621032715e-01,-4.233012348413467407e-02,1.972091943025588989e-02,-1.119740754365921021e-01,-1.144801676273345947e-01,-2.169526368379592896e-01,-1.417723894119262695e-01,-2.982343137264251709e-01,2.136044353246688843e-01,2.081060409545898438e-01,3.865095376968383789e-01,-4.080830514430999756e-02,-4.704529047012329102e-02,2.694458886981010437e-02,-2.229496687650680542e-01,3.950287401676177979e-02,4.343497008085250854e-02,-1.021646857261657715e-01,3.672773838043212891e-01,1.805621571838855743e-02,-1.628757826983928680e-02,4.422220587730407715e-02,-5.851963907480239868e-02,-3.538318723440170288e-02,-1.294820010662078857e-01,1.558968722820281982e-01,5.877923220396041870e-02,6.796620786190032959e-02,-5.250965431332588196e-02,1.816455461084842682e-02,1.774853765964508057e-01,-2.559348344802856445e-01,-3.558192402124404907e-02,-2.728113159537315369e-02,-4.620604515075683594e-01,-4.107296764850616455e-01,6.206293031573295593e-02,-7.617979496717453003e-02,2.416434586048126221e-01,2.152008116245269775e-01,3.059222102165222168e-01,1.434862017631530762e-01,1.111342161893844604e-01,6.808150559663772583e-02,7.096963375806808472e-02,4.292427599430084229e-01,1.743950992822647095e-01,1.052185297012329102e-01,1.101692542433738708e-01,-1.278199069201946259e-02,-4.855292662978172302e-02,1.110784262418746948e-01,-4.952678829431533813e-02,2.865279748220928013e-05,3.352191671729087830e-02,-7.923582196235656738e-02,-1.216148436069488525e-01,4.618902876973152161e-02,2.380442433059215546e-02,-2.531420886516571045e-01,-1.861547976732254028e-01,-6.973613053560256958e-02,9.737011790275573730e-02,2.742798030376434326e-01,-3.666713461279869080e-02,-8.699106425046920776e-02,-2.809175550937652588e-01,-4.750731885433197021e-01,-3.193862438201904297e-01,7.722028344869613647e-02,-6.501843780279159546e-02,3.591183945536613464e-02,1.328184902667999268e-01,-1.211466267704963684e-01,1.185003593564033508e-01,-9.327347576618194580e-02,4.620518684387207031e-01,-3.976627886295318604e-01,-8.098027110099792480e-02,2.678670585155487061e-01,9.778765588998794556e-02,-9.799017012119293213e-02,3.367482498288154602e-02,-2.865267544984817505e-02,5.443692579865455627e-02,5.190252885222434998e-02,-1.819108575582504272e-01,-9.311893582344055176e-02,-4.450751096010208130e-02,1.919126957654953003e-01,-1.184283122420310974e-01,-2.986377775669097900e-01,7.474140077829360962e-02,1.275150775909423828e-01,-1.912844032049179077e-01,-1.002237275242805481e-01,-1.493258774280548096e-01,-3.110527098178863525e-01,-2.729728519916534424e-01,3.034525811672210693e-01,1.804983764886856079e-01,1.254519727081060410e-02,4.828993976116180420e-02,-1.920128315687179565e-01,3.293735980987548828e-01,2.170452922582626343e-01,2.229036204516887665e-02,2.512426078319549561e-01,2.220874428749084473e-01,-4.691097140312194824e-02,2.782214879989624023e-01,-2.380597144365310669e-01,1.842958182096481323e-01,-3.642863593995571136e-03,-1.081507802009582520e-01,2.022771397605538368e-03,-3.144163489341735840e-01,-1.646051257848739624e-01,-5.881817638874053955e-02,5.577953532338142395e-02,-2.100344598293304443e-01,-4.103283956646919250e-02,-4.187121242284774780e-02,-7.369033247232437134e-02,1.169863790273666382e-01,9.495670348405838013e-02,-1.637430340051651001e-01,-1.250007003545761108e-01,4.666883945465087891e-01,-2.642101943492889404e-01,-7.201191037893295288e-02,3.127443790435791016e-01,-1.401041597127914429e-01,2.361438721418380737e-01,-2.803418040275573730e-02,9.280490875244140625e-02,-2.426900714635848999e-01,-1.733174324035644531e-01,-8.919328101910650730e-04,-3.556912243366241455e-01,1.917053386569023132e-02,-1.850641667842864990e-01,-3.684539794921875000e-01,-1.128570362925529480e-01,9.633772820234298706e-02,1.039212718605995178e-01,1.373638398945331573e-02,-8.884677290916442871e-02,-6.577487569302320480e-03,6.128928437829017639e-02,1.117419227957725525e-01,-3.459387719631195068e-01,5.707346647977828979e-02,-1.084443256258964539e-01,-4.373353719711303711e-02,-1.701789796352386475e-01,-1.062346696853637695e-01,-1.568551957607269287e-01,2.634764015674591064e-01,1.371171474456787109e-01,2.649652771651744843e-02,7.088376581668853760e-02,-8.712766319513320923e-02,-6.518392357975244522e-03,-1.212320551276206970e-01,-2.475486397743225098e-01,5.824948474764823914e-02,4.764086008071899414e-01,-3.329915702342987061e-01,2.370419949293136597e-01,1.300204694271087646e-01,-9.057465940713882446e-02,1.761190146207809448e-01,-9.367977827787399292e-02,6.386532634496688843e-02,-1.360175609588623047e-01,1.957255452871322632e-01,-3.639280050992965698e-02,1.598791480064392090e-01,1.609568744897842407e-01,2.138923406600952148e-01,-1.782574690878391266e-02,-2.871968448162078857e-01,-1.285140775144100189e-02,2.122252044500783086e-04,-1.043541058897972107e-01,9.941011667251586914e-02,1.625424176454544067e-01,1.892396658658981323e-01,-1.401174664497375488e-01,2.718840837478637695e-01,8.203438669443130493e-02,1.820053160190582275e-01,1.661015748977661133e-01,-2.750920653343200684e-01,-1.159111387096345425e-03,-5.452344939112663269e-02,-2.335250610485672951e-03,-7.912392914295196533e-02,-2.067784070968627930e-01,-1.099435612559318542e-01,2.961521446704864502e-01,-4.537102207541465759e-02,1.275763213634490967e-01,3.714351058006286621e-01,-5.953323468565940857e-02,-5.228508636355400085e-02,2.801902778446674347e-02,1.495253443717956543e-01,-1.864514499902725220e-01,-3.746934831142425537e-01,1.942353397607803345e-01,-2.942613661289215088e-01,1.872267872095108032e-01,-8.032558113336563110e-02,2.085736244916915894e-01,-1.533292680978775024e-01,1.642715930938720703e-01,1.196163427084684372e-02,-1.176807880401611328e-01,2.204521000385284424e-01,-1.860869675874710083e-01,-1.182951964437961578e-02,1.967404335737228394e-01,2.075479924678802490e-01,-8.151817321777343750e-02,-2.255822569131851196e-01,-6.300636380910873413e-02,-7.973901927471160889e-02,8.060988038778305054e-02,6.283226609230041504e-02,-3.243237361311912537e-02,1.433672457933425903e-01,7.786119729280471802e-02,-8.292723447084426880e-02,1.019969806075096130e-01,-1.389377843588590622e-02,9.798505902290344238e-02,-3.898990154266357422e-02,-1.162909641861915588e-01,-7.425055652856826782e-02,2.781988307833671570e-02,2.316831946372985840e-01,-1.017365083098411560e-01,-1.690049618482589722e-01,-1.469581425189971924e-01,3.713925182819366455e-01,-1.325043141841888428e-01,-1.492674797773361206e-01,-4.582521319389343262e-01,-1.901619136333465576e-01,-2.013701945543289185e-01,1.779728978872299194e-01,-1.567308902740478516e-01,-8.320508524775505066e-03,-1.839145123958587646e-01,-4.881802573800086975e-02,3.671687245368957520e-01,-2.504045963287353516e-01,2.952740341424942017e-02,2.228336036205291748e-01,-2.262143194675445557e-01,-3.074944615364074707e-01,1.578633189201354980e-01,-1.561987847089767456e-01,2.231989651918411255e-01,4.647021740674972534e-02,1.628663018345832825e-02,1.594515331089496613e-02,-8.144271373748779297e-02,8.089643716812133789e-02,3.583194911479949951e-01,-3.112646937370300293e-01,6.302054226398468018e-02,-2.756823226809501648e-02,1.413688659667968750e-01,1.494771689176559448e-01,-1.865085363388061523e-01,7.722949981689453125e-02,2.166430801153182983e-01,-1.556946486234664917e-01,1.764104329049587250e-02,-1.841583847999572754e-02,-7.831552624702453613e-02,-6.747356057167053223e-02,4.252265021204948425e-02,1.968512237071990967e-01,3.360511036589741707e-04,-9.825631976127624512e-02,4.346709251403808594e-01,-8.783593028783798218e-02,-2.667738683521747589e-02,-6.642185151576995850e-02,1.506099104881286621e-01,-9.061893820762634277e-02,1.908674091100692749e-01,3.310397267341613770e-02,2.554970681667327881e-01,-2.700519934296607971e-02,1.083076223731040955e-01,-7.952035218477249146e-02,-1.944072395563125610e-01,-3.739719390869140625e-01,-9.644173830747604370e-02,-1.283252239227294922e-01,-1.973716467618942261e-01,-2.304331958293914795e-01,-6.456471234560012817e-02,8.912090957164764404e-02,1.187646314501762390e-01,2.520722746849060059e-01,1.364338248968124390e-01,-3.339633345603942871e-01,1.755063086748123169e-01,1.663520187139511108e-01,-3.532449305057525635e-01,1.910239607095718384e-01,1.476780790835618973e-02,-2.430595271289348602e-02,-4.124210029840469360e-02,1.758990883827209473e-01,1.387914270162582397e-01,-4.618296027183532715e-02,1.347614228725433350e-01,-1.244263052940368652e-01,1.122284755110740662e-01,1.401787251234054565e-01,-7.405347377061843872e-02,4.774862527847290039e-02,2.367820776998996735e-02,1.022089198231697083e-01,-1.194902658462524414e-01,-3.496800363063812256e-01,-9.090754389762878418e-02,8.035544306039810181e-02,1.708375960588455200e-01,7.875793427228927612e-02,-3.152578175067901611e-01,2.944856882095336914e-01,-9.136861190199851990e-03,-7.288394123315811157e-02,-1.648375093936920166e-01,1.035846397280693054e-01,-2.667897045612335205e-01,1.789945662021636963e-01,1.276658475399017334e-01,3.268226683139801025e-01,1.709731668233871460e-01,9.203276783227920532e-02,1.442441996186971664e-02,3.563379943370819092e-01,-1.047398373484611511e-01,6.026342883706092834e-02,8.612196892499923706e-02,-1.307888925075531006e-01,1.696382015943527222e-01,-1.533319521695375443e-02,1.865362375974655151e-01,2.854578010737895966e-02
9.047307074069976807e-02,7.167113572359085083e-02,1.654909253120422363e-01,2.412253916263580322e-01,-2.239211499691009521e-01,-2.164589911699295044e-01,8.009106665849685669e-02,1.157069355249404907e-01,1.683237031102180481e-02,5.026102438569068909e-02,-3.223898261785507202e-02,-3.727121651172637939e-01,6.332876533269882202e-02,7.239722460508346558e-02,8.235337585210800171e-02,6.465332508087158203e-01,1.278431117534637451e-01,1.911203861236572266e-01,1.342900693416595459e-01,-8.269254863262176514e-02,-1.874262094497680664e-01,-1.379792690277099609e-01,-1.955901086330413818e-02,3.355836570262908936e-01,1.407382488250732422e-01,5.316478759050369263e-02,2.944736480712890625e-01,-2.254737317562103271e-01,-1.094051972031593323e-01,4.261212795972824097e-02,-6.425669044256210327e-02,5.338765680789947510e-02,-1.095851734280586243e-01,-1.037236824631690979e-01,-3.299601003527641296e-02,-3.423679172992706299e-01,4.515677690505981445e-01,2.208236157894134521e-01,1.584170907735824585e-01,3.196806609630584717e-01,6.531955301761627197e-02,9.311247617006301880e-02,-5.167014151811599731e-02,-1.118050292134284973e-01,-1.560240797698497772e-02,-2.744572758674621582e-01,3.132406473159790039e-01,-1.245334893465042114e-01,-6.089270114898681641e-02,-9.732612967491149902e-02,-1.311394199728965759e-02,3.248194456100463867e-01,-4.862479269504547119e-01,9.436815162189304829e-04,-9.601256996393203735e-02,-1.331899017095565796e-01,1.208029538393020630e-01,4.146418571472167969e-01,-5.476517602801322937e-02,-6.801990419626235962e-02,1.138180121779441833e-01,2.900340855121612549e-01,5.921077132225036621e-01,2.235179692506790161e-01,1.551315747201442719e-02,-1.435528043657541275e-02,-5.228815972805023193e-02,-3.076259978115558624e-02,-2.301373183727264404e-01,-1.529156863689422607e-01,-1.383973509073257446e-01,6.250964850187301636e-02,-2.124824970960617065e-01,-2.575182616710662842e-01,-2.530178241431713104e-02,1.021136492490768433e-01,3.558516735211014748e-03,-1.236977726221084595e-01,2.221798151731491089e-01,1.990710794925689697e-01,-2.905966043472290039e-01,1.880497038364410400e-01,-7.619772106409072876e-02,-1.299968548119068146e-02,-2.494294196367263794e-01,-2.960133925080299377e-02,2.541430890560150146e-01,7.163123786449432373e-02,-1.137880384922027588e-01,4.016977548599243164e-01,4.411486908793449402e-02,1.482211500406265259e-01,-3.116328418254852295e-01,-2.297681719064712524e-01,-3.179540932178497314e-01,1.164554655551910400e-01,2.725002169609069824e-01,-7.717475295066833496e-02,2.874256856739521027e-02,-9.999893605709075928e-03,1.017010733485221863e-01,-4.224475473165512085e-02,1.502991933375597000e-02,-9.480506926774978638e-02,5.179129168391227722e-02,-2.184396982192993164e-01,3.996985405683517456e-02,-8.894466608762741089e-02,-6.276571005582809448e-02,-4.876416176557540894e-03,1.729615926742553711e-01,-2.625118941068649292e-02,-1.243071407079696655e-01,4.477302134037017822e-01,5.896241068840026855e-01,3.522861599922180176e-01,8.856792002916336060e-02,1.490565240383148193e-01,5.404861643910408020e-02,1.288210786879062653e-02,6.885785609483718872e-02,1.256629377603530884e-01,-3.251927793025970459e-01,-7.883194833993911743e-02,-1.639074236154556274e-01,1.957193911075592041e-01,2.471902221441268921e-02,8.581263571977615356e-02,1.107669472694396973e-01,2.133665531873703003e-01,-1.117114052176475525e-01,-9.853981435298919678e-02,1.862103939056396484e-01,1.427962332963943481e-01,2.811518311500549316e-01,1.677034497261047363e-01,-2.426156252622604370e-01,1.726011484861373901e-01,-2.451507151126861572e-01,-1.265549212694168091e-01,2.497369945049285889e-01,-2.073063850402832031e-01,1.726377755403518677e-01,-2.716314792633056641e-02,4.085716307163238525e-01,-9.167569689452648163e-03,1.704483628273010254e-01,2.259740680456161499e-01,5.373013764619827271e-02,-3.126492798328399658e-01,5.276514887809753418e-01,7.435331586748361588e-03,3.482472002506256104e-01,-1.160615682601928711e-01,-3.429120779037475586e-02,-2.271359860897064209e-01,4.406426846981048584e-01,-3.305047377943992615e-02,7.133308053016662598e-02,-2.200136482715606689e-01,1.482462137937545776e-01,3.536706790328025818e-02,6.519764661788940430e-02,-1.529530733823776245e-01,-2.037471532821655273e-01,-4.444710016250610352e-01,-1.707317680120468140e-01,-2.364818565547466278e-02,-1.270699799060821533e-01,1.207265928387641907e-01,1.902704685926437378e-02,6.630901694297790527e-01,1.174145266413688660e-01,-2.000527828931808472e-01,2.167887389659881592e-01,-2.081540040671825409e-02,-2.037581056356430054e-01,3.519899845123291016e-01,2.777783758938312531e-02,-2.971673849970102310e-03,-2.045805901288986206e-01,8.674079924821853638e-02,-5.559004098176956177e-02,-5.517206788063049316e-01,-2.908961176872253418e-01,2.544178962707519531e-01,-2.343937158584594727e-01,-3.496780619025230408e-02,-4.803946018218994141e-01,1.194678321480751038e-01,-4.847635030746459961e-01,1.626136898994445801e-01,-6.170135736465454102e-02,2.016468793153762817e-01,-7.250918447971343994e-02,3.397316038608551025e-01,4.555007815361022949e-02,-1.078175902366638184e-01,1.251720543950796127e-02,3.297818601131439209e-01,1.394940614700317383e-01,-1.744257807731628418e-01,1.786148101091384888e-01,-4.867835715413093567e-02,5.317972600460052490e-02,1.217990741133689880e-01,1.008605584502220154e-01,2.276394516229629517e-01,4.994556680321693420e-02,-3.556334599852561951e-02,2.157990783452987671e-01,6.532175466418266296e-03,-4.144978821277618408e-01,1.681327521800994873e-01,-6.099130958318710327e-02,1.375545859336853027e-01,7.543943077325820923e-02,-1.393533349037170410e-01,-7.178036123514175415e-02,-2.241890877485275269e-01,-1.565638482570648193e-01,-3.909160941839218140e-02,-2.568518221378326416e-01,-3.490066230297088623e-01,-1.005840376019477844e-01,-7.256332039833068848e-02,1.863398253917694092e-01,-5.130831524729728699e-02,-7.224126160144805908e-02,6.830476969480514526e-02,1.173672527074813843e-01,-1.499262750148773193e-01,4.364108443260192871e-01,2.668993733823299408e-02,1.707567870616912842e-01,4.607624188065528870e-02,-1.604120433330535889e-01,-1.320240050554275513e-01,9.875513613224029541e-02,6.509009748697280884e-02,-6.682261824607849121e-02,-5.265642702579498291e-02,7.362551987171173096e-02,4.352652728557586670e-01,-2.048974633216857910e-01,-1.261975020170211792e-01,1.491197943687438965e-01,-3.041432797908782959e-01,4.664268344640731812e-03,-5.616109818220138550e-03,-2.731732465326786041e-02,-1.404810976237058640e-02,-2.107922434806823730e-01,-1.982467174530029297e-01,-1.449688225984573364e-01,-2.787604629993438721e-01,2.642715573310852051e-01,4.347539842128753662e-01,1.627873033285140991e-01,-2.981125563383102417e-02,-1.920274645090103149e-01,-3.749945014715194702e-02,1.619198243133723736e-03,-6.178971752524375916e-02,-2.407317981123924255e-03,-2.455394417047500610e-01,-8.146708458662033081e-02,-1.641414314508438110e-02,9.927040897309780121e-03,1.756519675254821777e-01,1.903300546109676361e-02,1.971503049135208130e-01,-1.415026634931564331e-01,-7.495457679033279419e-02,-1.349454671144485474e-01,-2.289627194404602051e-01,-8.412500843405723572e-03,1.088035106658935547e-01,-3.107064962387084961e-01,1.287197321653366089e-01,7.245795428752899170e-02,-1.245250180363655090e-01,5.229753628373146057e-02,-1.314475983381271362e-01,-4.634793382138013840e-03,-2.390022575855255127e-01,1.350874900817871094e-01,-5.134454369544982910e-01,1.027903556823730469e-01,-2.117758244276046753e-01,7.837158441543579102e-02,1.449743062257766724e-01,-7.638420164585113525e-02,3.931635618209838867e-02,2.988210693001747131e-02,-4.177901893854141235e-02,3.906364440917968750e-01,2.786828279495239258e-01,4.885078966617584229e-02,3.312234282493591309e-01,1.303897202014923096e-01,-3.138710558414459229e-01,1.376962214708328247e-01,-8.507740683853626251e-03,1.634579710662364960e-02,7.232573628425598145e-02,-4.943022131919860840e-01,6.660304963588714600e-02,1.368923634290695190e-01,-2.420072406530380249e-01,-1.035487651824951172e-01,-5.406041443347930908e-02,1.754780113697052002e-02,1.858521550893783569e-01,2.681443095207214355e-02,-2.343699783086776733e-01,1.924091130495071411e-01,-3.552546352148056030e-02,-3.053937256336212158e-01,1.901339590549468994e-01,3.293345570564270020e-01,-1.751957088708877563e-02,-4.277270659804344177e-02,3.314037322998046875e-01,-7.886467874050140381e-02,1.326274126768112183e-01,-1.101226434111595154e-01,2.132212370634078979e-01,-1.230972334742546082e-01,1.724975258111953735e-01,4.353576526045799255e-02,-1.164888776838779449e-02,2.068797349929809570e-01,-9.433838725090026855e-02,-2.154467999935150146e-01,-9.237930178642272949e-03,-1.282677203416824341e-01,2.181369215250015259e-01,-3.049449324607849121e-01,1.398015916347503662e-01,-1.816751994192600250e-02,1.817876696586608887e-01,9.772717952728271484e-02,-1.026530116796493530e-01,1.026580929756164551e-01,-6.992000341415405273e-02,9.527056664228439331e-02,6.255285441875457764e-02,-5.353937149047851562e-01,5.636667832732200623e-02,4.576484858989715576e-01,5.767268314957618713e-02,-1.731538921594619751e-01,-3.440136611461639404e-01,3.942438364028930664e-01,-3.235684633255004883e-01,-4.135818481445312500e-01,-2.691718637943267822e-01,3.023123145103454590e-01,2.790062502026557922e-02,-5.988311022520065308e-02,-8.032949268817901611e-02,2.940852940082550049e-01,9.687494486570358276e-02,-1.339885890483856201e-01,-7.022067904472351074e-02,8.036907762289047241e-02,2.199693471193313599e-01,4.758411049842834473e-01,-1.764743924140930176e-01,1.066307909786701202e-02,-1.592869162559509277e-01,-2.236542850732803345e-01,-2.320021241903305054e-01,-2.225456982851028442e-01,-5.148476958274841309e-01,9.665089100599288940e-02,-1.341860741376876831e-02,1.938999593257904053e-01,-1.837980598211288452e-01,-1.894610226154327393e-01,-9.446164220571517944e-02,3.398061096668243408e-01,3.058319166302680969e-02,9.797692298889160156e-02,-2.098815292119979858e-01,1.246173754334449768e-01,3.359968066215515137e-01,-2.816988825798034668e-01,3.146527409553527832e-01,2.092265039682388306e-01,-4.885214567184448242e-01,1.405799295753240585e-02,-1.795709580183029175e-01,-3.077983260154724121e-01,-1.156581938266754150e-01,3.429704606533050537e-01,-3.374522924423217773e-01,-8.179808408021926880e-02,2.767689228057861328e-01,-2.666697800159454346e-01,-2.871656604111194611e-02,-2.560201101005077362e-02,6.777719408273696899e-02,-4.556692019104957581e-02,-1.482271254062652588e-01,-4.887439608573913574e-01,-2.318979352712631226e-01,4.976219534873962402e-01,-2.260975986719131470e-01,-2.941428124904632568e-01,-1.681011319160461426e-01,-1.573941558599472046e-01,-4.670171812176704407e-02,2.696030437946319580e-01,-1.646502465009689331e-01,4.024063795804977417e-02,7.219308614730834961e-02,3.040688335895538330e-01,-2.353937029838562012e-01,1.138443499803543091e-01,1.804727166891098022e-01,-1.532345861196517944e-01,1.824335008859634399e-02,1.148989424109458923e-01,-6.820150464773178101e-02,-3.525844514369964600e-01,3.339780271053314209e-01,-3.209839165210723877e-01,2.501704990863800049e-01,6.874307990074157715e-02,-6.416789721697568893e-03,1.002362221479415894e-01,8.400814235210418701e-02,3.494480159133672714e-03,-3.375516831874847412e-01,4.005485773086547852e-01,1.044925227761268616e-01,-2.794811129570007324e-02,9.865285456180572510e-02,-1.144154965877532959e-01,2.491464465856552124e-02,4.699521958827972412e-01,-1.006090734153985977e-02,-2.317121475934982300e-01,6.726165860891342163e-02,-4.210497438907623291e-02,2.228153795003890991e-01,1.349323689937591553e-01,-1.529136449098587036e-01,9.308401495218276978e-03,-4.071718752384185791e-01,7.134104520082473755e-02,-2.758221924304962158e-01,-4.426075220108032227e-01,1.340070664882659912e-01,-5.943475756794214249e-03,-6.094688177108764648e-02,1.156026590615510941e-02,-1.109210997819900513e-01,4.740609601140022278e-02,-7.729829102754592896e-02,3.263633549213409424e-01,2.024445682764053345e-02,-4.118736833333969116e-03,1.127152293920516968e-01,9.899050742387771606e-02,-7.673250138759613037e-02,-6.582120805978775024e-02,-1.533872634172439575e-01,-4.698968827724456787e-01,-3.754771649837493896e-01,-3.310492634773254395e-01,3.541008830070495605e-01,1.482005417346954346e-01,-2.388063073158264160e-01,5.089548230171203613e-02,-3.553681969642639160e-01,-2.173792421817779541e-01,1.847171634435653687e-01,-1.516733318567276001e-01,2.134921848773956299e-01,-3.010115623474121094e-01,-3.575192987918853760e-01,-5.415355414152145386e-02,-3.909205496311187744e-01,1.897402107715606689e-01,2.768821716308593750e-01,-1.838436871767044067e-01,-4.665314685553312302e-03,-8.424026519060134888e-02,2.800406515598297119e-01,2.810645289719104767e-02,-1.055857390165328979e-01,4.164982214570045471e-02,1.166664287447929382e-01,3.748743236064910889e-02,-4.793498292565345764e-02,-1.688851118087768555e-01,-1.789338700473308563e-02,-2.351749241352081299e-01,5.194035917520523071e-02,2.411877969279885292e-03,-1.833325773477554321e-01,6.494276225566864014e-02,-1.554160565137863159e-01,5.539843812584877014e-02,4.027757048606872559e-02,-2.868127524852752686e-01,1.497237235307693481e-01,5.557956174015998840e-02,3.221600055694580078e-01,-7.576748728752136230e-02,-4.412492271512746811e-03,-1.793584972620010376e-02,-3.939948379993438721e-01,2.066548168659210205e-01,1.438028663396835327e-01,-8.087205141782760620e-02,1.005279421806335449e-01,2.067825049161911011e-01,-3.041733428835868835e-02,7.216395437717437744e-02,-1.430278830230236053e-02,-3.320300877094268799e-01,-3.865900337696075439e-01,-2.174554020166397095e-01,-3.017121553421020508e-01,2.363522946834564209e-01,3.097573816776275635e-01,-1.836012154817581177e-01,-1.556335091590881348e-01,-3.642010688781738281e-01,1.194094568490982056e-01,6.199490744620561600e-03,-3.483297824859619141e-01,-1.472960114479064941e-01,3.668294101953506470e-02,-1.836072504520416260e-01,1.838801354169845581e-01,-3.745718393474817276e-03,1.663922369480133057e-01,2.573572993278503418e-01,2.546095848083496094e-01,1.011395975947380066e-01,2.559035122394561768e-01,2.262685149908065796e-01,-1.928996294736862183e-01,1.933779418468475342e-01,-1.000397000461816788e-02,-1.577103734016418457e-01,-2.305756062269210815e-01,4.467152990400791168e-03,4.839819371700286865e-01,9.025874733924865723e-02,-1.893810182809829712e-01,6.255996972322463989e-02,7.567937672138214111e-02,-2.852384150028228760e-01,1.074594780802726746e-01,-8.847388625144958496e-02,1.430944204330444336e-01,3.870930895209312439e-02,1.008630841970443726e-01,4.500477015972137451e-02,2.214874178171157837e-01,-6.166246905922889709e-02,-2.298913002014160156e-01,-7.575318962335586548e-02,-7.765384390950202942e-03,1.505083031952381134e-02,-2.921249270439147949e-01,1.895669251680374146e-01,-1.923419237136840820e-01,-8.419299498200416565e-03,-1.138252764940261841e-02,3.473800048232078552e-02,5.310159325599670410e-01,-1.435546278953552246e-01,4.124341160058975220e-02,-3.189227581024169922e-01,1.434067077934741974e-02,1.091473400592803955e-01,8.311025798320770264e-02,2.831596881151199341e-02,2.541788220405578613e-01,3.351402580738067627e-01,1.361954361200332642e-01,2.587211690843105316e-02,-4.528793692588806152e-02,-1.510609090328216553e-01,-1.340109109878540039e-01,-6.751110311597585678e-03,-1.352616101503372192e-01,1.327884197235107422e-02,-2.262493073940277100e-01,1.326815634965896606e-01,1.314104199409484863e-01,-1.940179914236068726e-01,-1.060841903090476990e-01,-5.227436423301696777e-01,-2.396651953458786011e-01,9.277905523777008057e-02,8.830247074365615845e-02,1.063313521444797516e-02,-3.351795673370361328e-02,1.894174963235855103e-01,-3.101340532302856445e-01,8.338627219200134277e-02,1.712781377136707306e-02,-2.522507123649120331e-02,2.162154465913772583e-01,3.214489296078681946e-02,-4.761031270027160645e-02,1.020265072584152222e-01,1.843527518212795258e-02,1.782906651496887207e-01,-3.330910985823720694e-04,5.727643892168998718e-02,2.958938851952552795e-02,-2.692538201808929443e-01,8.785596489906311035e-02,1.364149600267410278e-01,6.142513081431388855e-02,-2.342555299401283264e-02,1.094027534127235413e-01,1.038264930248260498e-01,1.930511146783828735e-01,1.033659353852272034e-01,2.292642556130886078e-02,-1.345053315162658691e-01,-4.120304286479949951e-01,1.673979684710502625e-02,2.708232402801513672e-01,1.559854000806808472e-01,4.188423976302146912e-02,-9.796365350484848022e-02,-3.748903274536132812e-01,-3.545812517404556274e-02,2.577939033508300781e-01,3.339534625411033630e-02,2.616173326969146729e-01,3.543115407228469849e-02,-1.365280598402023315e-01,-4.758713021874427795e-02,3.446927070617675781e-01,-1.359222736209630966e-02,2.818720936775207520e-01,-2.409991621971130371e-02,-8.919417858123779297e-02,1.307341642677783966e-02,-8.318752050399780273e-03,-1.680564880371093750e-01,2.194816470146179199e-01,2.009136229753494263e-01,3.892673924565315247e-02,1.613054238259792328e-02,-2.748842239379882812e-01,-5.333517193794250488e-01,-2.473586797714233398e-01,1.446578800678253174e-01,-1.480375528335571289e-01,4.085791707038879395e-01,1.414486616849899292e-01,8.492399007081985474e-02,-1.894584670662879944e-02,-9.757559746503829956e-03,-1.988098770380020142e-01,5.212025642395019531e-01,-2.255607694387435913e-01,9.134677797555923462e-02,3.515551239252090454e-02,-4.916352033615112305e-02,-3.057731688022613525e-01,1.822988092899322510e-01,1.747439056634902954e-01,1.508414298295974731e-01,-3.403781950473785400e-01,3.753576278686523438e-01,-1.138146501034498215e-02,1.235247254371643066e-01,1.734289377927780151e-01,-2.093861699104309082e-01,4.272604882717132568e-01,-5.234562605619430542e-02,-9.320254437625408173e-03,3.142583370208740234e-01,9.401322156190872192e-02,3.656385838985443115e-01,6.454083137214183807e-03,3.596473336219787598e-01,4.365527257323265076e-02,1.819429546594619751e-01,7.889605313539505005e-02,-4.226874187588691711e-02,-2.085062861442565918e-01,-1.178620904684066772e-01,-1.586182713508605957e-01,3.085050284862518311e-01,1.420194059610366821e-01,-1.697306931018829346e-01,5.648790299892425537e-02,-2.612664103507995605e-01,-2.234964817762374878e-01,-3.725922405719757080e-01,-1.270991563796997070e-01,1.895015314221382141e-02,1.614653505384922028e-02,-1.504183560609817505e-01,-3.179806098341941833e-02,2.267237193882465363e-02,-1.830822229385375977e-01,3.963348641991615295e-02,-3.928690776228904724e-02,2.342294156551361084e-01,-1.199281308799982071e-02,1.820608973503112793e-02,-1.915194243192672729e-01,1.410776674747467041e-01,-1.604560464620590210e-01,2.473178505897521973e-01,3.374370932579040527e-02,7.098265923559665680e-03,1.084203869104385376e-01,4.072560966014862061e-01,-1.511539518833160400e-01,-7.246894389390945435e-02,-6.351986527442932129e-02,-2.898284792900085449e-01,5.196495652198791504e-01,1.847075531259179115e-03,-1.412898004055023193e-01,1.660093069076538086e-01,4.010543525218963623e-01,-2.382568418979644775e-01,2.777638472616672516e-02,1.137779057025909424e-01,1.230404339730739594e-02,2.564223706722259521e-01,2.633081674575805664e-01,3.178344666957855225e-01,-2.320970222353935242e-02,1.199318841099739075e-01,1.316541898995637894e-02,2.607055604457855225e-01,1.437561064958572388e-01,-1.381816715002059937e-01,7.485373318195343018e-02,3.513543009757995605e-01,-2.350121550261974335e-02,-7.952093333005905151e-02,-1.778494715690612793e-01,-2.995848357677459717e-01,1.164792329072952271e-01,4.656878858804702759e-02,4.153889790177345276e-02,6.447207927703857422e-02,3.896699100732803345e-02,-1.543424464762210846e-02,1.131777241826057434e-01,1.019677445292472839e-01,-4.379152134060859680e-02,-3.523038625717163086e-01,-1.315939519554376602e-02,1.415107548236846924e-01,1.142156273126602173e-01,-1.518824994564056396e-01,-9.164683520793914795e-02
5.007268115878105164e-02,7.829321175813674927e-02,-3.733055889606475830e-01,-1.144789233803749084e-01,-1.816674023866653442e-01,-1.731817610561847687e-02,-1.463834494352340698e-01,7.710781693458557129e-02,-2.522265315055847168e-01,-1.047568842768669128e-01,-7.993739098310470581e-03,8.752797544002532959e-02,-2.417193949222564697e-01,1.641236096620559692e-01,8.737132698297500610e-02,-2.866778373718261719e-01,1.259420812129974365e-01,2.368668019771575928e-01,8.106923103332519531e-02,-5.792994424700737000e-02,8.666361123323440552e-02,-3.975603976869024336e-05,9.461323618888854980e-01,-3.075665235519409180e-02,-2.093017101287841797e-01,3.216821551322937012e-01,1.326821297407150269e-01,-3.163781762123107910e-01,-2.516129910945892334e-01,1.412575840950012207e-01,-2.294168025255203247e-01,1.912994086742401123e-01,-1.654170304536819458e-01,-7.753200829029083252e-02,-6.083885952830314636e-02,-1.556058824062347412e-01,6.623643636703491211e-02,2.483469806611537933e-02,1.678894273936748505e-02,3.714502751827239990e-01,-1.791346073150634766e-01,-2.129120528697967529e-01,-9.065122902393341064e-02,-2.926908619701862335e-02,-2.527796626091003418e-01,1.579237282276153564e-01,4.028447270393371582e-01,1.559557169675827026e-01,-9.578226506710052490e-02,-3.109721653163433075e-02,5.539499223232269287e-02,-8.058256655931472778e-02,7.204841822385787964e-02,-3.378028869628906250e-01,2.700471580028533936e-01,-2.205807343125343323e-02,6.099528819322586060e-02,-3.183790147304534912e-01,-8.964809589087963104e-03,1.832363158464431763e-01,-4.697947204113006592e-01,-2.038455754518508911e-01,8.604761958122253418e-02,-2.142582982778549194e-01,-7.791552692651748657e-02,6.954622864723205566e-01,2.037135660648345947e-01,3.577011078596115112e-02,-4.778277575969696045e-01,7.657409459352493286e-02,-5.160538479685783386e-02,-6.512250006198883057e-02,-5.581398010253906250e-01,-7.342948764562606812e-02,-4.346356540918350220e-02,2.220408320426940918e-01,1.686266511678695679e-01,2.003544569015502930e-01,1.049305424094200134e-01,-6.766578555107116699e-02,-1.076381430029869080e-01,4.484903216361999512e-01,-8.632609248161315918e-02,-2.975310683250427246e-01,-2.203675657510757446e-01,8.543866872787475586e-02,-2.011313587427139282e-01,-1.847850158810615540e-02,6.925238668918609619e-02,-2.273043990135192871e-01,-6.774251163005828857e-02,3.747475147247314453e-01,1.563991010189056396e-01,-5.008568763732910156e-01,2.601517438888549805e-01,-1.810437440872192383e-01,-2.325007021427154541e-01,-1.283941864967346191e-01,9.091179072856903076e-02,1.396435946226119995e-01,-5.784102529287338257e-02,1.149859353899955750e-01,-6.377562880516052246e-02,1.651866883039474487e-01,-4.119133651256561279e-01,2.578972093760967255e-02,2.159093618392944336e-01,1.709953509271144867e-02,-8.708084002137184143e-03,6.859276443719863892e-02,4.252389967441558838e-01,-6.104460358619689941e-02,5.388427991420030594e-03,-2.728207409381866455e-01,-2.166676819324493408e-01,-1.960620135068893433e-01,-5.686998367309570312e-01,1.703656613826751709e-01,-5.938293412327766418e-02,2.284851372241973877e-01,2.185477912425994873e-01,3.214998245239257812e-01,5.073421820998191833e-02,-1.956263333559036255e-01,2.248958945274353027e-01,-1.564087420701980591e-01,-5.077005550265312195e-02,-3.390497863292694092e-01,1.378704458475112915e-01,-8.659975975751876831e-02,1.763751544058322906e-02,-1.004162207245826721e-01,-2.919699251651763916e-01,8.644338697195053101e-03,-5.941460281610488892e-02,5.946817398071289062e-01,3.546474874019622803e-02,2.142657041549682617e-01,2.655833661556243896e-01,1.070842593908309937e-01,-1.474959552288055420e-01,-1.777066290378570557e-01,-4.055594205856323242e-01,1.929878443479537964e-01,-1.056327223777770996e-01,1.789549887180328369e-01,4.603895917534828186e-02,-7.575666159391403198e-02,2.721711695194244385e-01,1.501222252845764160e-01,4.596953690052032471e-01,-3.554010093212127686e-01,-6.287897378206253052e-02,-3.722191154956817627e-01,1.300302594900131226e-01,1.455011591315269470e-02,-9.793604724109172821e-03,2.515617311000823975e-01,-1.470599025487899780e-01,2.529083192348480225e-01,-1.988363265991210938e-01,3.024634160101413727e-02,2.084939926862716675e-01,3.799940347671508789e-01,2.717635333538055420e-01,-6.548460721969604492e-01,8.556691557168960571e-02,4.204404652118682861e-01,1.976263821125030518e-01,2.557434737682342529e-01,-2.975337207317352295e-02,1.317481845617294312e-01,7.676103711128234863e-02,-1.948927789926528931e-01,-1.059932112693786621e-01,-1.525938138365745544e-02,-2.979542911052703857e-01,-6.284056901931762695e-01,2.708111703395843506e-01,4.911561608314514160e-01,-1.183825135231018066e-01,-3.826647698879241943e-01,-3.346076905727386475e-01,1.236179694533348083e-01,-3.668508827686309814e-01,9.057515300810337067e-03,-4.526324868202209473e-01,1.429655104875564575e-01,1.972159184515476227e-02,4.044734239578247070e-01,7.258494943380355835e-02,-1.132222414016723633e-01,1.758445352315902710e-01,1.146997585892677307e-01,-1.851129829883575439e-01,-4.157639294862747192e-02,3.822574391961097717e-02,3.782477378845214844e-01,-4.099854826927185059e-01,8.126416802406311035e-02,-2.247065305709838867e-02,-1.063027828931808472e-01,-8.818990737199783325e-02,-5.591924767941236496e-03,7.647751271724700928e-02,-5.040363874286413193e-03,1.490865051746368408e-01,2.305063456296920776e-01,-1.361106485128402710e-01,-2.444929033517837524e-01,9.106944501399993896e-02,-1.818676106631755829e-02,-1.117565035820007324e-01,-1.336634159088134766e-02,2.922353148460388184e-02,2.074613934382796288e-03,1.678745076060295105e-02,-2.646189332008361816e-01,2.097928524017333984e-02,1.669982671737670898e-01,-2.482792139053344727e-01,-4.658053517341613770e-01,1.369935721158981323e-01,-1.698327660560607910e-01,-1.020575910806655884e-01,-3.434121906757354736e-01,4.931784868240356445e-01,-1.933669745922088623e-01,-3.225061297416687012e-01,-2.479002177715301514e-01,-3.632308915257453918e-02,1.030548661947250366e-01,-2.271673083305358887e-01,3.169382512569427490e-01,3.328519761562347412e-01,7.550930231809616089e-02,1.032576709985733032e-01,2.241862863302230835e-01,-1.814750432968139648e-01,3.783340752124786377e-02,2.611221373081207275e-01,4.727793335914611816e-01,2.408498525619506836e-01,-5.110710859298706055e-02,4.481806755065917969e-01,1.625193655490875244e-01,6.552760303020477295e-02,-1.049348637461662292e-01,2.662075161933898926e-01,2.581929564476013184e-01,1.234788224101066589e-01,-1.160930246114730835e-01,-2.429864928126335144e-02,7.114385813474655151e-02,-1.757487058639526367e-01,-1.614927053451538086e-01,-7.437273114919662476e-02,-1.727504730224609375e-01,-1.925928704440593719e-02,-3.575174212455749512e-01,-1.694677770137786865e-02,6.081420555710792542e-02,-1.105281803756952286e-02,2.131441831588745117e-01,3.198373019695281982e-01,5.288024619221687317e-02,1.359223127365112305e-01,1.175461709499359131e-01,-2.656431198120117188e-01,-3.500292822718620300e-02,2.077744156122207642e-01,1.011654064059257507e-01,-1.274552345275878906e-01,-1.743630468845367432e-01,-1.469028145074844360e-01,-3.713242411613464355e-01,1.015419214963912964e-01,-6.726555526256561279e-02,-1.871341615915298462e-01,-9.825559705495834351e-02,-1.514054238796234131e-01,-2.003688216209411621e-01,6.856957077980041504e-02,-1.889274269342422485e-01,4.265182614326477051e-01,1.177749335765838623e-01,2.267698943614959717e-01,-2.718371450901031494e-01,-5.580070987343788147e-02,-2.669045031070709229e-01,-1.702153496444225311e-02,-3.767572641372680664e-01,-2.017145007848739624e-01,-6.849542260169982910e-02,-3.173342719674110413e-02,7.259713113307952881e-02,-9.847849607467651367e-03,5.810181498527526855e-01,1.205079928040504456e-01,4.382043182849884033e-01,2.193073034286499023e-01,-1.451533138751983643e-01,9.653898887336254120e-04,1.847617775201797485e-01,-4.406232852488756180e-03,7.323527336120605469e-01,-7.641702890396118164e-02,-1.332088112831115723e-01,-4.522423073649406433e-02,-6.218990311026573181e-02,9.168414771556854248e-02,2.202397435903549194e-01,5.304980650544166565e-02,2.313649952411651611e-01,-9.609277546405792236e-02,-4.466347992420196533e-01,-1.575486809015274048e-01,-5.365422740578651428e-02,-2.354067414999008179e-01,-1.577160656452178955e-01,-1.558817476034164429e-01,-3.428783714771270752e-01,9.454769641160964966e-02,-2.467944324016571045e-01,1.844098418951034546e-01,-3.591895997524261475e-01,-7.880996167659759521e-02,6.134355813264846802e-02,-6.274453401565551758e-01,-2.235095053911209106e-01,-5.182322859764099121e-01,-1.000171974301338196e-01,3.923685848712921143e-01,-2.013119161128997803e-01,1.991656720638275146e-01,1.086492314934730530e-01,-2.833965420722961426e-01,1.398710459470748901e-01,7.144545018672943115e-02,-3.713863790035247803e-01,1.169444173574447632e-01,4.351529106497764587e-02,4.478134959936141968e-02,-3.521820008754730225e-01,3.012234568595886230e-01,-3.731990158557891846e-01,-1.511698365211486816e-01,2.383174598217010498e-01,4.380664527416229248e-01,-3.007637569680809975e-03,1.123046800494194031e-01,-4.143978282809257507e-02,-3.294832408428192139e-01,2.461352199316024780e-01,-2.757510244846343994e-01,1.111563369631767273e-01,-3.352381289005279541e-01,2.979579269886016846e-01,-8.536511659622192383e-02,-1.512610912322998047e-01,3.382706344127655029e-01,-2.825782597064971924e-01,-3.138287365436553955e-01,2.858137190341949463e-01,5.374559164047241211e-01,-1.818099468946456909e-01,6.786545272916555405e-03,-2.656083106994628906e-01,2.418451309204101562e-01,-4.810296893119812012e-01,1.087825074791908264e-01,-1.724891513586044312e-01,1.453280169516801834e-02,1.944960355758666992e-01,-4.538750052452087402e-01,-3.284357786178588867e-01,4.637043178081512451e-01,-3.205979764461517334e-01,-2.970502078533172607e-01,9.030529111623764038e-02,-2.056569159030914307e-01,3.882621526718139648e-01,1.755935698747634888e-01,-2.209285348653793335e-01,2.497590892016887665e-02,-2.346761673688888550e-01,-1.008919626474380493e-01,1.407200247049331665e-01,-6.975004076957702637e-02,2.273434400558471680e-02,5.790180340409278870e-02,1.028839647769927979e-01,3.500921130180358887e-01,-4.342252761125564575e-02,-3.881852328777313232e-01,-1.071475073695182800e-01,1.514169871807098389e-01,4.128581583499908447e-01,-9.160027652978897095e-02,-9.042300283908843994e-03,1.155278533697128296e-01,-1.304624974727630615e-02,-5.789197608828544617e-02,-9.270629286766052246e-02,4.369736909866333008e-01,-3.759361207485198975e-01,1.996461898088455200e-01,-1.872716844081878662e-01,6.156885623931884766e-02,1.579236537218093872e-01,-4.058528244495391846e-01,-2.527294754981994629e-01,-1.116755753755569458e-01,2.539741396903991699e-01,5.918357968330383301e-01,2.124145813286304474e-02,-9.563403576612472534e-02,-2.303487956523895264e-01,-9.088284522294998169e-02,8.432544022798538208e-02,-2.560784853994846344e-02,1.538412421941757202e-01,-1.845535784959793091e-01,4.583424031734466553e-01,3.420288860797882080e-01,-3.444131910800933838e-01,-2.022697627544403076e-01,3.121197782456874847e-02,5.358180031180381775e-02,8.255081623792648315e-02,8.428101986646652222e-02,8.279781788587570190e-02,-9.161308407783508301e-02,-2.488807737827301025e-01,1.758078336715698242e-01,-2.011685818433761597e-01,-1.213228702545166016e-02,3.106675446033477783e-01,-6.168984770774841309e-01,-1.834191679954528809e-01,2.195029854774475098e-01,-3.244515955448150635e-01,1.523587554693222046e-01,2.956052720546722412e-01,-5.996211245656013489e-02,1.389898508787155151e-01,2.901799082756042480e-01,1.762421429157257080e-02,1.373609434813261032e-02,-8.808207511901855469e-02,2.042515575885772705e-01,-2.174255102872848511e-01,3.405956923961639404e-01,-4.520022571086883545e-01,1.493678539991378784e-01,-3.691987395286560059e-01,1.644745469093322754e-01,2.673490345478057861e-01,3.721483647823333740e-01,4.769611731171607971e-02,-2.174618393182754517e-01,2.096624821424484253e-01,1.762763410806655884e-01,-2.836695015430450439e-01,1.517004240304231644e-02,1.966314166784286499e-01,-3.656857460737228394e-02,-1.965744048357009888e-01,2.925088703632354736e-01,-1.504362840205430984e-02,-2.077688276767730713e-01,-1.070620715618133545e-01,-4.311045706272125244e-01,4.959467947483062744e-01,-6.270557641983032227e-02,-1.169855818152427673e-01,2.626289725303649902e-01,3.600667417049407959e-01,-3.773451447486877441e-01,-2.063458710908889771e-01,5.603829398751258850e-02,-4.094603061676025391e-01,2.868720330297946930e-02,-1.503597050905227661e-01,-1.720661073923110962e-01,-1.400760710239410400e-01,4.892667531967163086e-01,1.785762757062911987e-01,-1.493203043937683105e-01,-5.358422920107841492e-02,6.166173145174980164e-02,2.056864798069000244e-01,-9.938697516918182373e-02,6.255617737770080566e-02,1.831967383623123169e-02,-3.358827531337738037e-02,-1.446430534124374390e-01,7.713858038187026978e-02,2.848123610019683838e-01,7.880581915378570557e-02,-2.312419861555099487e-01,4.441465139389038086e-01,5.143025517463684082e-02,-2.299152128398418427e-02,2.156417816877365112e-02,-3.543093204498291016e-01,-3.465855494141578674e-02,1.498685125261545181e-02,2.278515510261058807e-02,9.211237728595733643e-02,3.659144937992095947e-01,1.535771787166595459e-01,5.420345067977905273e-02,-1.624342054128646851e-01,1.254016906023025513e-01,1.063881143927574158e-01,-6.614962965250015259e-02,8.396845310926437378e-02,-8.310840278863906860e-02,3.448342084884643555e-01,2.178417742252349854e-01,5.899690389633178711e-01,-2.043778896331787109e-01,-1.440674960613250732e-01,-3.520881235599517822e-01,1.598468124866485596e-01,1.717518866062164307e-01,1.249205321073532104e-01,1.109217330813407898e-01,-1.456717252731323242e-01,-8.078893274068832397e-02,-3.599635362625122070e-01,-9.950347989797592163e-02,-3.079674392938613892e-02,6.165843456983566284e-02,-8.947796374559402466e-02,4.803227484226226807e-01,1.216293405741453171e-02,-2.629588246345520020e-01,1.390892118215560913e-01,2.042194306850433350e-01,3.385291993618011475e-01,-1.149918437004089355e-01,2.365765571594238281e-01,3.391314446926116943e-01,9.566133469343185425e-02,2.499299347400665283e-01,-2.824906706809997559e-01,-2.115116417407989502e-01,-1.316845268011093140e-01,-1.325931847095489502e-01,-2.019815146923065186e-01,-2.196945101022720337e-01,1.264173537492752075e-01,-7.562723010778427124e-02,-2.191743701696395874e-01,-3.092668354511260986e-01,2.009097337722778320e-01,-5.738882720470428467e-02,-2.412538230419158936e-01,-1.168126519769430161e-02,-4.712613299489021301e-02,4.901057109236717224e-02,3.906504213809967041e-01,1.227368339896202087e-01,1.007648855447769165e-01,-2.651910185813903809e-01,1.414442956447601318e-01,-1.183994561433792114e-01,-1.976231485605239868e-01,-1.989822238683700562e-01,-3.341632783412933350e-01,1.074478328227996826e-01,-4.437895119190216064e-01,2.075864225625991821e-01,1.642362773418426514e-01,-2.645485401153564453e-01,-1.751119196414947510e-01,2.230276167392730713e-01,-1.360413730144500732e-01,-1.089883744716644287e-01,2.897305227816104889e-02,-3.085503578186035156e-01,-7.128742337226867676e-02,4.532706439495086670e-01,-8.274269104003906250e-02,6.615784019231796265e-02,4.319425299763679504e-02,-5.362344533205032349e-02,-1.325748711824417114e-01,2.397095412015914917e-01,3.105295002460479736e-01,-3.740864098072052002e-01,-2.891645431518554688e-01,-2.577454149723052979e-01,1.910308003425598145e-01,2.312702313065528870e-02,-2.857987284660339355e-01,-8.399758487939834595e-02,3.341099619865417480e-01,-1.918459087610244751e-01,-1.104813441634178162e-01,-2.117206007242202759e-01,-2.622502669692039490e-02,-2.414102666079998016e-03,1.807071715593338013e-01,3.277454972267150879e-01,5.759566649794578552e-02,3.270444646477699280e-02,2.574798762798309326e-01,-4.376560151576995850e-01,1.188819184899330139e-01,2.704617381095886230e-01,2.361037433147430420e-01,1.139244809746742249e-01,-1.257990449666976929e-01,1.322712898254394531e-01,7.947689294815063477e-02,4.957720637321472168e-01,-2.272005975246429443e-01,9.892402589321136475e-02,-3.204378858208656311e-02,3.990961611270904541e-01,-2.573880255222320557e-01,3.417325019836425781e-01,8.696191757917404175e-02,1.568445265293121338e-01,-1.952935308218002319e-01,3.225548863410949707e-01,8.211364038288593292e-03,1.140485778450965881e-01,-5.232524871826171875e-01,1.163493767380714417e-01,5.876103043556213379e-01,3.396461606025695801e-01,-1.814056038856506348e-01,-1.922207325696945190e-01,-2.832453250885009766e-01,-1.115121841430664062e-01,2.017930895090103149e-01,-1.172551959753036499e-01,-2.384344339370727539e-01,-5.096706748008728027e-02,3.798405528068542480e-01,-6.112191453576087952e-02,1.161751076579093933e-01,3.507239818572998047e-01,-4.731962084770202637e-01,-2.909239232540130615e-01,1.461008489131927490e-01,-3.045003712177276611e-01,1.042272672057151794e-01,1.034683957695960999e-01,-4.489100873470306396e-01,3.209012746810913086e-01,-5.811334252357482910e-01,1.212322041392326355e-01,-2.658884227275848389e-01,-4.968318343162536621e-02,3.344341218471527100e-01,-4.444565773010253906e-01,3.070060908794403076e-01,7.910235971212387085e-02,-4.133582115173339844e-01,9.143394976854324341e-02,-1.341862976551055908e-01,3.149157762527465820e-01,-3.679273724555969238e-01,3.410798311233520508e-02,9.923812747001647949e-02,1.384634375572204590e-01,1.888954490423202515e-01,1.484946012496948242e-01,3.891969472169876099e-02,-1.413473580032587051e-02,1.290102303028106689e-01,-9.047496318817138672e-02,-3.707281872630119324e-02,1.553875207901000977e-01,1.530464589595794678e-01,-3.337249532341957092e-02,-4.737316668033599854e-01,-3.703131079673767090e-01,4.037489742040634155e-02,1.335559209110215306e-04,2.413202375173568726e-01,5.735219269990921021e-02,-2.875502221286296844e-02,-1.853746324777603149e-01,5.561309808399528265e-05,-1.324372738599777222e-01,1.160844117403030396e-01,8.252929151058197021e-02,-3.613244593143463135e-01,-6.067830696702003479e-02,5.646488070487976074e-02,3.515088856220245361e-01,2.992948889732360840e-01,-3.030405938625335693e-02,1.648563444614410400e-01,8.268098533153533936e-02,5.929756760597229004e-01,-1.040296927094459534e-01,2.302525639533996582e-01,4.511683285236358643e-01,2.576913833618164062e-01,2.289177328348159790e-01,2.792980670928955078e-01,-2.728071510791778564e-01,-1.403736323118209839e-01,-7.699477672576904297e-02,-1.749536991119384766e-01,1.977672800421714783e-03,5.539584090001881123e-04,5.224929656833410263e-03,-2.062131315469741821e-01,-7.114215195178985596e-02,-3.916961252689361572e-01,-2.824717462062835693e-01,-4.734785556793212891e-01,-6.479292362928390503e-02,-7.432445138692855835e-02,1.748283058404922485e-01,1.725971102714538574e-01,3.890364617109298706e-02,-2.034918367862701416e-01,-1.427660137414932251e-01,1.919787526130676270e-01,1.785668581724166870e-01,1.787648200988769531e-01,1.055810898542404175e-01,2.621479332447052002e-01,1.960688084363937378e-01,-1.532907187938690186e-01,-2.023033052682876587e-01,-5.581829231232404709e-03,-7.427278161048889160e-02,1.494733840227127075e-01,3.949822485446929932e-01,-1.161639243364334106e-01,1.414925903081893921e-01,-3.609680011868476868e-02,-1.970936208963394165e-01,2.714797109365463257e-02,-2.383573353290557861e-01,-1.245673224329948425e-01,1.396844685077667236e-01,9.556513279676437378e-03,-8.808120340108871460e-02,-1.172503754496574402e-01,8.892622590065002441e-02,-4.793794825673103333e-02,4.606725871562957764e-01,1.545484066009521484e-01,-5.893245935440063477e-01,-1.254659295082092285e-01,-1.551961004734039307e-01,4.070037603378295898e-01,-1.627273112535476685e-01,-4.139699414372444153e-02,3.886756598949432373e-01,-6.524353288114070892e-03,1.157970353960990906e-01,2.191862016916275024e-01,3.306974768638610840e-01,-3.118462860584259033e-01,2.783650457859039307e-01,5.993689224123954773e-02
2.175050526857376099e-01,-3.144434988498687744e-01,-3.692476153373718262e-01,2.622012794017791748e-01,-2.976233959197998047e-01,1.180826202034950256e-01,1.354023963212966919e-01,-7.118009496480226517e-03,2.003372460603713989e-01,7.986181229352951050e-02,-9.422557055950164795e-02,-1.721393503248691559e-02,2.588915526866912842e-01,-2.592991590499877930e-01,-1.680401861667633057e-01,6.470067799091339111e-02,-2.169308662414550781e-01,-4.308463931083679199e-01,-9.440677240490913391e-03,-4.295093715190887451e-01,2.291170507669448853e-01,-2.125682830810546875e-01,-1.676370948553085327e-02,-3.487914800643920898e-01,5.929771065711975098e-02,-2.411479502916336060e-01,2.720925025641918182e-02,-1.387424468994140625e-01,-3.198580816388130188e-02,7.949561811983585358e-03,2.204057527706027031e-03,-3.673156201839447021e-01,1.387051641941070557e-01,2.334740459918975830e-01,2.250431776046752930e-01,-1.988007128238677979e-02,-4.981585592031478882e-02,-2.226151376962661743e-01,-9.963113814592361450e-03,-2.246580570936203003e-01,-2.721667587757110596e-01,2.093770205974578857e-01,-4.215917084366083145e-03,5.060796141624450684e-01,2.490998953580856323e-01,-2.807691991329193115e-01,-2.106426469981670380e-02,-1.399269551038742065e-01,-1.346752196550369263e-01,2.149338126182556152e-01,2.682260936126112938e-03,-4.297327250242233276e-03,-4.416453242301940918e-01,4.367803037166595459e-01,-3.139282166957855225e-01,-1.995736360549926758e-01,-3.420192897319793701e-01,-2.866958677768707275e-01,7.158242911100387573e-02,1.960945427417755127e-01,7.283636927604675293e-02,3.531325161457061768e-01,5.572663545608520508e-01,4.967868700623512268e-02,1.595650613307952881e-01,8.524121716618537903e-03,8.102638274431228638e-02,-2.912392318248748779e-01,2.359886281192302704e-02,-3.224112391471862793e-01,6.401673704385757446e-02,6.766739487648010254e-02,2.063087821006774902e-01,1.552927345037460327e-01,5.719522386789321899e-02,-1.020708829164505005e-01,2.716272771358489990e-01,-9.755545854568481445e-02,-1.055645272135734558e-01,-1.583387553691864014e-01,-2.634995579719543457e-01,-1.562810093164443970e-01,-1.300610303878784180e-01,6.476984918117523193e-02,3.244763016700744629e-01,-1.347939074039459229e-01,3.436110913753509521e-01,4.010756686329841614e-02,-3.113566525280475616e-02,9.949252009391784668e-02,6.235179305076599121e-02,-3.406997025012969971e-02,3.221217393875122070e-01,1.789875328540802002e-01,1.132673025131225586e-01,2.795749306678771973e-01,1.305587738752365112e-01,-7.094119675457477570e-03,1.174442563205957413e-02,-2.727703154087066650e-01,3.023036569356918335e-02,-6.774760037660598755e-02,-2.274337261915206909e-01,-3.161058723926544189e-01,1.303114444017410278e-01,1.853816062211990356e-01,-3.893330693244934082e-01,2.901436528190970421e-03,-1.932882517576217651e-01,1.567530632019042969e-01,1.898963451385498047e-01,2.689154148101806641e-01,-4.731179177761077881e-01,6.444010138511657715e-02,-6.983073800802230835e-02,3.228224515914916992e-01,-2.672555297613143921e-02,-1.806580424308776855e-01,1.135426759719848633e-02,6.185021400451660156e-01,5.758887529373168945e-02,-3.955472707748413086e-01,-2.180414833128452301e-02,8.389652520418167114e-02,-1.244769766926765442e-01,-3.788427636027336121e-02,1.405995190143585205e-01,-3.964741528034210205e-02,-2.854138910770416260e-01,1.896068602800369263e-01,4.800460636615753174e-01,-1.513718217611312866e-01,9.372187405824661255e-02,-1.081782206892967224e-01,7.483417540788650513e-02,-5.206312537193298340e-01,5.852416157722473145e-02,-1.351071596145629883e-01,-3.949392437934875488e-01,-6.584928929805755615e-02,-9.957046806812286377e-02,1.548791378736495972e-01,-5.349836498498916626e-02,6.943136453628540039e-02,3.597949817776679993e-02,2.526573240756988525e-01,-3.897711336612701416e-01,-1.343580037355422974e-01,8.526249974966049194e-02,-1.173754483461380005e-01,-2.072109729051589966e-01,1.323808580636978149e-01,-4.786437004804611206e-02,2.277518212795257568e-01,1.324487477540969849e-01,1.222158446907997131e-01,1.566184908151626587e-01,1.801241561770439148e-02,2.406863868236541748e-01,-2.154063582420349121e-01,3.800427317619323730e-01,-1.827008724212646484e-01,2.644360661506652832e-01,1.712747663259506226e-01,1.899891048669815063e-01,3.043255209922790527e-01,-1.481499373912811279e-01,-1.909242421388626099e-01,-7.248599082231521606e-02,3.956197574734687805e-02,-3.266938626766204834e-01,-1.746349632740020752e-01,3.453228473663330078e-01,2.688868343830108643e-01,-2.133721560239791870e-01,-1.978885531425476074e-01,-2.504843771457672119e-01,-3.265551924705505371e-01,-1.306716948747634888e-01,3.969718813896179199e-01,1.275920867919921875e-01,1.875321008265018463e-02,3.455337584018707275e-01,-1.642444543540477753e-02,3.659956157207489014e-02,-3.320969641208648682e-01,3.315907716751098633e-01,1.339640915393829346e-01,2.481537163257598877e-01,1.093798577785491943e-01,-1.250070482492446899e-01,-8.191204071044921875e-02,-2.783577144145965576e-01,3.571023344993591309e-01,-1.793050467967987061e-01,4.649083688855171204e-02,-3.105129897594451904e-01,4.489955008029937744e-01,9.853858500719070435e-02,-6.434181332588195801e-01,-1.760386526584625244e-01,-1.273449063301086426e-01,-1.161148548126220703e-01,-6.311980541795492172e-05,-1.397291421890258789e-01,1.045830026268959045e-01,-6.486683338880538940e-02,-1.734517365694046021e-01,-1.115034800022840500e-02,1.226185113191604614e-01,5.452728271484375000e-01,2.482570111751556396e-01,-2.111110985279083252e-01,-8.604280650615692139e-02,6.139516234397888184e-01,1.501376330852508545e-01,3.126867860555648804e-02,2.419968694448471069e-01,-2.486359886825084686e-02,2.882648408412933350e-01,-2.630588412284851074e-01,-2.133418917655944824e-01,6.311433762311935425e-02,7.439830899238586426e-02,-1.484393924474716187e-01,-2.095574736595153809e-01,6.087286397814750671e-02,-1.461044400930404663e-01,1.609548628330230713e-01,-2.930735945701599121e-01,8.561780303716659546e-02,-6.829328089952468872e-02,-1.905584037303924561e-01,1.379608828574419022e-02,-1.861013621091842651e-01,3.114157728850841522e-02,-2.128979265689849854e-01,8.315764367580413818e-02,-1.683028042316436768e-01,-5.086756944656372070e-01,-1.571794599294662476e-01,1.182420775294303894e-01,-8.400535583496093750e-02,2.365075349807739258e-01,1.166273355484008789e-01,-9.603095799684524536e-02,-2.237876355648040771e-01,2.487288415431976318e-01,1.497330218553543091e-01,3.771169856190681458e-02,-9.006599336862564087e-02,-6.549668963998556137e-03,1.508463621139526367e-01,3.085284829139709473e-01,2.775416672229766846e-01,7.162616401910781860e-02,1.932141557335853577e-02,-1.616070717573165894e-01,-1.142295077443122864e-01,3.453944921493530273e-01,-4.381383955478668213e-01,2.789378166198730469e-01,2.642071843147277832e-01,2.792364656925201416e-01,-3.057936429977416992e-01,2.484617382287979126e-01,-3.032513856887817383e-01,-9.380974620580673218e-02,6.691853702068328857e-02,-2.489853054285049438e-01,1.734146922826766968e-01,2.999174892902374268e-01,9.932565502822399139e-03,-9.515641629695892334e-02,2.657053992152214050e-02,-2.398948222398757935e-01,1.121241673827171326e-01,-1.704185619018971920e-03,-7.814337313175201416e-02,-1.667500883340835571e-01,2.187942564487457275e-01,1.702917814254760742e-01,-8.579280972480773926e-02,1.761976927518844604e-01,1.648121178150177002e-01,1.218871250748634338e-01,-1.440661698579788208e-01,-7.594725489616394043e-02,-2.146781384944915771e-01,1.789162755012512207e-01,-4.445325136184692383e-01,3.132528811693191528e-02,-4.471922665834426880e-02,3.982814401388168335e-02,1.235661506652832031e-01,1.786144077777862549e-01,-4.183778166770935059e-01,1.325614899396896362e-01,-6.685332953929901123e-02,4.200235903263092041e-01,-2.087754905223846436e-01,-2.200446836650371552e-02,3.258474767208099365e-01,7.787954807281494141e-02,2.494709044694900513e-01,3.405691683292388916e-01,2.983291149139404297e-01,2.552059590816497803e-01,1.820831894874572754e-01,-2.901903986930847168e-01,4.222751259803771973e-01,-1.333781778812408447e-01,-1.082166060805320740e-01,-3.305350542068481445e-01,-8.918425440788269043e-02,1.720940963423345238e-05,-1.460911631584167480e-01,-2.841429114341735840e-01,-2.051192969083786011e-01,4.079089462757110596e-01,-1.543392091989517212e-01,-1.518359184265136719e-01,6.621737498790025711e-03,-2.075744569301605225e-01,3.115528523921966553e-01,-4.131608903408050537e-01,1.659989655017852783e-01,-4.071877002716064453e-01,2.735834419727325439e-01,-1.837596148252487183e-01,3.058586120605468750e-01,7.760205119848251343e-02,-9.503269940614700317e-02,-8.774301409721374512e-02,2.918666601181030273e-01,-3.244167566299438477e-01,1.693589985370635986e-02,2.772057056427001953e-01,-5.384375527501106262e-02,-2.404179871082305908e-01,3.450274467468261719e-02,-3.134460747241973877e-02,-2.221729233860969543e-02,-5.934278666973114014e-02,6.770845651626586914e-01,7.648562639951705933e-02,-9.100101143121719360e-02,1.257651895284652710e-01,-1.225868761539459229e-01,-1.116169393062591553e-01,-2.662196988239884377e-03,9.795381873846054077e-02,2.579512298107147217e-01,-3.435457870364189148e-02,-2.217901200056076050e-01,4.089188277721405029e-01,6.207103282213211060e-02,3.284568339586257935e-02,-3.439081609249114990e-01,1.873729936778545380e-02,4.482916891574859619e-01,1.200340837240219116e-01,3.980013728141784668e-02,-1.920921951532363892e-01,-3.753625154495239258e-01,-1.516792625188827515e-01,-1.351957917213439941e-01,1.176068633794784546e-01,-3.835469111800193787e-02,-1.952965855598449707e-01,2.893331944942474365e-01,-2.187723517417907715e-01,-5.654515698552131653e-02,-9.615522623062133789e-02,4.379524588584899902e-01,2.348532825708389282e-01,4.237783700227737427e-02,-1.519532036036252975e-02,4.498565495014190674e-01,-1.446161419153213501e-01,5.090693831443786621e-01,-1.065825521945953369e-01,1.461175382137298584e-01,-2.305677980184555054e-01,-3.643969595432281494e-01,1.907532662153244019e-01,4.752044007182121277e-02,2.119665592908859253e-01,2.876148372888565063e-02,-1.009820029139518738e-01,4.439080953598022461e-01,1.880824267864227295e-01,1.193820834159851074e-01,3.437678813934326172e-01,-9.765768796205520630e-02,2.101118415594100952e-01,-1.662921309471130371e-01,-6.339391320943832397e-02,3.541658520698547363e-01,-1.186166927218437195e-01,-1.861175298690795898e-01,4.571346640586853027e-01,3.856650292873382568e-01,-1.707623829133808613e-03,-7.885617017745971680e-02,2.098481506109237671e-01,1.129332110285758972e-01,-8.035194873809814453e-02,-7.458384335041046143e-02,-3.548716306686401367e-01,1.300370246171951294e-01,4.733476042747497559e-02,-3.542665243148803711e-01,5.994879081845283508e-02,-5.228053927421569824e-01,1.750611662864685059e-01,-3.902869671583175659e-02,1.738058179616928101e-01,-8.094365149736404419e-02,-2.746258676052093506e-01,3.041807794943451881e-03,1.713666468858718872e-01,1.849593818187713623e-01,1.220196262001991272e-01,-4.728197455406188965e-01,-7.759854197502136230e-02,7.438350468873977661e-02,1.321150958538055420e-01,1.250507831573486328e-01,-2.274382114410400391e-02,-8.585800416767597198e-03,2.087220996618270874e-01,-3.739357739686965942e-02,1.489205509424209595e-01,-5.820824299007654190e-03,-4.903103411197662354e-01,1.985974758863449097e-01,1.615532785654067993e-01,7.411145418882369995e-02,2.839649021625518799e-01,8.157605677843093872e-02,7.787569612264633179e-02,-5.313541740179061890e-02,2.293217629194259644e-01,-1.786030232906341553e-01,4.525567218661308289e-02,-3.486130535602569580e-01,6.839396059513092041e-02,-1.554203685373067856e-02,-8.301483839750289917e-02,-1.740561425685882568e-02,-4.135945811867713928e-02,3.846371173858642578e-02,9.032808989286422729e-02,1.567293256521224976e-01,1.486305892467498779e-01,-8.870647847652435303e-02,2.487757429480552673e-02,2.194611877202987671e-01,-1.370482146739959717e-01,8.102389052510261536e-03,-3.000337183475494385e-01,-6.753785163164138794e-02,2.985156178474426270e-01,-2.200666069984436035e-02,1.255400329828262329e-01,1.274402886629104614e-01,7.240532897412776947e-03,-1.342319846153259277e-01,2.039643377065658569e-01,-6.163859963417053223e-01,-8.383279666304588318e-03,-2.442229986190795898e-01,-2.225235700607299805e-01,-2.065185457468032837e-01,2.135352790355682373e-02,1.189449578523635864e-01,-9.350997209548950195e-02,5.611553415656089783e-02,-3.617368265986442566e-02,-1.030708104372024536e-01,1.161510646343231201e-01,3.272140026092529297e-01,-1.522929966449737549e-01,-6.477423012256622314e-04,-3.276817798614501953e-01,1.324131488800048828e-01,3.973938897252082825e-02,1.563146114349365234e-01,-3.201777115464210510e-02,1.427766084671020508e-01,-3.395708203315734863e-01,7.360147777944803238e-03,3.012402951717376709e-01,-2.697118222713470459e-01,-5.672432780265808105e-01,-1.014348939061164856e-01,-9.099887311458587646e-02,8.008176088333129883e-02,-3.229964673519134521e-01,1.590717434883117676e-01,-3.681801855564117432e-01,-3.130995109677314758e-02,-8.112482610158622265e-04,-2.598508596420288086e-01,-2.185701578855514526e-01,2.051052749156951904e-01,1.229816824197769165e-01,-1.250037103891372681e-01,1.416172981262207031e-01,2.104409337043762207e-01,-1.690717935562133789e-01,-4.744372516870498657e-02,1.676023006439208984e-01,-6.482294946908950806e-02,-6.276980787515640259e-02,2.244699448347091675e-01,5.128314718604087830e-02,7.970736175775527954e-02,2.542333602905273438e-01,2.701688557863235474e-02,2.403883934020996094e-01,-1.362479943782091141e-02,1.024867892265319824e-01,8.533746749162673950e-02,8.639250695705413818e-02,-9.921862185001373291e-02,1.614942774176597595e-02,-1.015218645334243774e-01,3.819487988948822021e-01,1.244034841656684875e-01,-2.097185105085372925e-01,5.945665836334228516e-01,2.401209473609924316e-01,-1.636882424354553223e-01,1.408432722091674805e-01,1.341974884271621704e-01,-6.357114911079406738e-01,-1.847330033779144287e-01,-4.036603868007659912e-01,3.281837329268455505e-03,-9.398413449525833130e-02,4.112050533294677734e-01,-1.367844641208648682e-01,9.384369850158691406e-02,-1.112487390637397766e-01,-1.529464684426784515e-02,-1.087811589241027832e-01,-6.117984056472778320e-01,-3.171717524528503418e-01,-1.186002865433692932e-01,4.121779650449752808e-02,-1.008390709757804871e-01,3.060840070247650146e-01,2.566312849521636963e-01,8.598586916923522949e-02,3.925431966781616211e-01,1.006122604012489319e-01,-3.676367923617362976e-02,6.524411588907241821e-02,-2.045406401157379150e-01,2.582012712955474854e-01,1.500286608934402466e-01,-6.720305234193801880e-02,-1.554297953844070435e-01,-3.027846515178680420e-01,3.147315382957458496e-01,-1.514829844236373901e-01,3.113661110401153564e-01,6.270729005336761475e-02,1.617603003978729248e-01,-3.685020804405212402e-01,-3.498267531394958496e-01,1.098447144031524658e-01,2.910791039466857910e-01,-3.304839730262756348e-01,-3.505245149135589600e-01,-2.187152951955795288e-01,3.138405084609985352e-02,-5.804120898246765137e-01,-1.613707989454269409e-01,2.383066415786743164e-01,5.910910293459892273e-02,-6.853352487087249756e-02,-8.891323208808898926e-02,1.067494042217731476e-02,-3.238452672958374023e-01,2.151375263929367065e-01,-9.113886952400207520e-02,1.360780596733093262e-01,7.463029772043228149e-02,-1.635990738868713379e-01,2.555668652057647705e-01,1.484331190586090088e-01,-3.051233291625976562e-01,1.633468568325042725e-01,3.113396465778350830e-02,-4.173704683780670166e-01,9.077432006597518921e-02,4.158212617039680481e-02,-2.143855905160307884e-03,1.792862266302108765e-02,1.651050150394439697e-01,-1.112681180238723755e-01,-3.473164746537804604e-03,-6.060795858502388000e-02,9.218962490558624268e-02,2.078516930341720581e-01,2.186622172594070435e-01,3.743364810943603516e-01,3.659529387950897217e-01,-2.102375775575637817e-01,-3.733732700347900391e-01,-2.127404361963272095e-01,-2.000925391912460327e-01,2.490029484033584595e-02,-1.283985674381256104e-01,-2.082934826612472534e-01,-1.036856770515441895e-01,-3.614581227302551270e-01,1.750561743974685669e-01,-2.380035519599914551e-01,3.174315690994262695e-01,-1.750130057334899902e-01,3.827388882637023926e-01,-3.021125495433807373e-01,3.140088021755218506e-01,3.465840965509414673e-02,-2.430838197469711304e-01,1.878014951944351196e-01,6.742495298385620117e-02,2.418809197843074799e-02,-3.824762254953384399e-02,-1.669835299253463745e-01,-7.642540335655212402e-02,-1.448513120412826538e-01,-1.542827337980270386e-01,5.063276737928390503e-02,1.443826556205749512e-01,-2.184176892042160034e-01,3.082907497882843018e-01,6.302961707115173340e-01,1.221050471067428589e-01,8.377717435359954834e-02,2.778181135654449463e-01,-6.388347148895263672e-01,5.035943537950515747e-02,2.825525104999542236e-01,-4.383740127086639404e-01,-1.168824173510074615e-02,2.779965996742248535e-01,-3.149682283401489258e-02,6.570284813642501831e-02,-4.405901730060577393e-01,2.854304015636444092e-01,-1.760401427745819092e-01,1.113283651648089290e-04,-2.717607319355010986e-01,1.638685911893844604e-01,-4.896091818809509277e-01,1.492621004581451416e-01,1.388873159885406494e-01,-6.106352210044860840e-01,-9.460120648145675659e-02,-2.465213090181350708e-02,7.829499244689941406e-02,8.657983690500259399e-02,-3.058695495128631592e-01,-2.436047047376632690e-01,1.065566092729568481e-01,-2.088833898305892944e-01,2.012487500905990601e-01,4.000732004642486572e-01,-2.202819287776947021e-01,5.518544912338256836e-01,5.255906581878662109e-01,-3.667907118797302246e-01,6.525692343711853027e-02,7.674539834260940552e-02,1.360347121953964233e-01,-3.772033751010894775e-02,-3.767479360103607178e-01,-9.288100153207778931e-02,-2.279058545827865601e-01,-1.130645126104354858e-01,4.238129127770662308e-03,6.780680269002914429e-02,-1.665316075086593628e-01,1.891124993562698364e-01,-4.147127736359834671e-03,2.915013134479522705e-01,1.641367971897125244e-01,-1.194889545440673828e-01,2.751948833465576172e-01,4.055267572402954102e-01,4.540132358670234680e-03,2.081545889377593994e-01,3.846554160118103027e-01,-4.751898348331451416e-02,-2.148693054914474487e-02,-7.441709190607070923e-02,-1.796266436576843262e-01,6.942376494407653809e-02,-5.201705172657966614e-02,7.721705362200737000e-03,1.454820390790700912e-02,4.364902973175048828e-01,2.668741345405578613e-01,1.793478578329086304e-01,3.382477462291717529e-01,6.097244098782539368e-02,4.254377260804176331e-02,6.513348966836929321e-02,2.257039844989776611e-01,-5.288052838295698166e-03,3.167866468429565430e-01,-3.473441302776336670e-02,-2.950074970722198486e-01,-1.486085504293441772e-01,-1.402633637189865112e-01,-4.501831904053688049e-02,-1.202819198369979858e-01,-3.617554605007171631e-01,-7.113398611545562744e-02,-2.417420968413352966e-02,-1.877033561468124390e-01,-1.525091379880905151e-01,2.376867830753326416e-01,2.998108565807342529e-01,-1.344443410634994507e-01,-2.091598808765411377e-01,-2.838982967659831047e-03,-4.927122592926025391e-01,-4.777874052524566650e-01,-6.133971735835075378e-02,9.830942749977111816e-02,6.099854037165641785e-02,2.368778176605701447e-02,2.192691266536712646e-01,1.030327565968036652e-02,-1.872508525848388672e-01,-1.064242050051689148e-01,-4.172051846981048584e-01,-2.414670586585998535e-02,2.367471158504486084e-02,2.333112210035324097e-01,7.754170894622802734e-02,-6.102913618087768555e-02,5.914626270532608032e-02,1.405906528234481812e-01,-8.169208467006683350e-02,-1.150779277086257935e-01,-1.335180401802062988e-01,-3.066437244415283203e-01,1.363187432289123535e-01,1.036677956581115723e-01,3.157041966915130615e-01,-5.818014219403266907e-02,-3.478209078311920166e-01,-7.842961698770523071e-03,-6.827183067798614502e-02,1.376786381006240845e-01,-2.498372495174407959e-01,-2.391362637281417847e-01,-3.102979995310306549e-02,3.967183083295822144e-02,-2.923904657363891602e-01,1.855640858411788940e-01
-1.948150843381881714e-01,6.536915898323059082e-02,-6.192502751946449280e-02,-1.157808974385261536e-01,-1.572984904050827026e-01,1.251174956560134888e-01,-5.175339989364147186e-03,2.777161542326211929e-03,9.674168378114700317e-02,1.975936740636825562e-01,-3.486981242895126343e-02,-2.290626801550388336e-02,7.012436538934707642e-02,-1.778093539178371429e-02,-3.305540084838867188e-01,-3.193747699260711670e-01,4.328517615795135498e-02,8.160815387964248657e-02,-4.693729802966117859e-02,-5.361943319439888000e-02,-3.035820722579956055e-01,-5.781389027833938599e-02,-1.035209745168685913e-02,6.942278146743774414e-02,1.279366910457611084e-01,5.327100679278373718e-02,2.527382969856262207e-01,8.043602108955383301e-03,2.154379524290561676e-02,1.373743563890457153e-01,1.538099050521850586e-01,1.062657684087753296e-02,1.677015721797943115e-01,-7.823113352060317993e-02,9.324999898672103882e-02,4.580114409327507019e-02,-2.945587038993835449e-01,-7.412124425172805786e-02,-1.498221755027770996e-01,2.277962714433670044e-01,8.395300060510635376e-02,1.619107089936733246e-03,-1.681096851825714111e-01,8.276372402906417847e-02,1.606886684894561768e-01,1.326962113380432129e-01,-6.184905767440795898e-02,3.402262553572654724e-02,-5.009168758988380432e-02,-1.239091157913208008e-01,3.947290405631065369e-02,1.502645667642354965e-02,6.919627636671066284e-02,-2.588047645986080170e-02,-1.803437471389770508e-01,-1.517260521650314331e-01,-3.623389452695846558e-02,3.372434899210929871e-02,-3.005567193031311035e-01,-1.196652203798294067e-01,2.790207266807556152e-01,-7.792511582374572754e-02,-3.246199786663055420e-01,-5.180255509912967682e-03,-5.518661811947822571e-02,2.868845686316490173e-02,-4.905757308006286621e-02,6.227837130427360535e-02,5.724671483039855957e-02,-1.559851020574569702e-01,1.659493893384933472e-01,5.797863751649856567e-02,2.461784332990646362e-01,-8.027381449937820435e-02,2.762416899204254150e-01,-1.855958811938762665e-02,6.025050207972526550e-02,-1.456484496593475342e-01,-7.441920787096023560e-02,-1.439806222915649414e-01,-5.264692381024360657e-02,2.242178916931152344e-01,2.726363837718963623e-01,-9.011319279670715332e-02,-1.642887294292449951e-01,1.285964399576187134e-01,-2.683137655258178711e-01,-2.057856470346450806e-01,1.129087507724761963e-01,-7.213732600212097168e-02,-1.013725623488426208e-01,-5.803848803043365479e-02,3.110866248607635498e-01,-2.479910291731357574e-02,5.091999843716621399e-02,-1.854199171066284180e-01,-4.003096371889114380e-02,-4.772230610251426697e-02,4.786961153149604797e-02,1.586590856313705444e-01,-1.393638849258422852e-01,2.029012739658355713e-01,5.106165632605552673e-02,-6.204867386259138584e-04,-3.692128462716937065e-03,-2.011067271232604980e-01,-4.505813121795654297e-03,-3.193391114473342896e-02,-1.497758775949478149e-01,2.522592842578887939e-01,1.196493394672870636e-02,2.476391941308975220e-02,-1.195332035422325134e-01,-7.483567297458648682e-02,6.570955365896224976e-02,5.879180878400802612e-02,2.748095430433750153e-02,-1.245926097035408020e-01,-1.443610191345214844e-01,8.960320055484771729e-02,-7.887545228004455566e-02,-2.507682442665100098e-01,-4.043098166584968567e-02,1.686499640345573425e-02,2.882185019552707672e-02,1.324869841337203979e-01,-9.760801494121551514e-02,-1.752924323081970215e-01,7.702124863862991333e-02,-7.595320791006088257e-02,-4.565759375691413879e-02,-2.050254642963409424e-01,1.230943277478218079e-01,5.065642297267913818e-02,1.818801313638687134e-01,2.926075160503387451e-01,3.795857354998588562e-02,-1.864293217658996582e-01,-2.076998203992843628e-01,-5.293775722384452820e-02,1.548765748739242554e-01,2.700020745396614075e-02,-2.871570177376270294e-02,-5.183671601116657257e-03,-1.482530534267425537e-01,-1.770934909582138062e-01,-3.715295577421784401e-03,-1.823778897523880005e-01,1.764671057462692261e-01,1.057446897029876709e-01,-1.291552931070327759e-01,-1.210487931966781616e-01,-2.261018753051757812e-01,-7.363824546337127686e-02,4.672940075397491455e-02,5.396277084946632385e-02,3.207642957568168640e-02,2.698167860507965088e-01,5.329476296901702881e-02,6.644921749830245972e-02,-3.270069882273674011e-02,-7.196587324142456055e-02,-2.377445995807647705e-01,-1.415359973907470703e-01,4.935757070779800415e-02,1.401208937168121338e-01,-7.208010554313659668e-02,-1.307312548160552979e-01,1.113811731338500977e-01,8.009558543562889099e-03,2.897498309612274170e-01,1.501949727535247803e-01,1.818280667066574097e-01,-5.299719050526618958e-02,1.839015483856201172e-01,-2.125082463026046753e-01,-4.408889636397361755e-02,5.123050883412361145e-02,1.642605066299438477e-01,-1.227179542183876038e-01,1.084677204489707947e-01,2.336409129202365875e-02,-1.304141879081726074e-01,3.202038630843162537e-02,1.503564417362213135e-03,-2.372588962316513062e-01,1.254298537969589233e-01,-1.106098219752311707e-01,-1.488988399505615234e-01,6.715485453605651855e-02,-8.460718393325805664e-02,7.928284257650375366e-02,-8.446776866912841797e-02,2.854556776583194733e-02,1.542718708515167236e-01,-2.169478088617324829e-01,1.393114775419235229e-01,-1.595651358366012573e-02,-2.606325447559356689e-01,1.742134056985378265e-02,9.864006936550140381e-02,5.552519485354423523e-02,-1.531815342605113983e-02,1.157337352633476257e-01,-6.610429286956787109e-02,5.706837773323059082e-02,2.006713151931762695e-01,-2.955518197268247604e-03,2.981418743729591370e-03,2.043843641877174377e-02,-1.084836721420288086e-01,1.294765174388885498e-01,-3.994467854499816895e-02,1.770121753215789795e-01,-1.536633819341659546e-01,1.396878212690353394e-01,-9.741523861885070801e-02,2.455186564475297928e-03,1.340294182300567627e-01,-1.061191111803054810e-01,5.794769152998924255e-02,-5.824526771903038025e-03,-3.770253658294677734e-01,8.067033439874649048e-02,5.757565423846244812e-02,1.119037643074989319e-01,-2.983773648738861084e-01,6.449403613805770874e-02,-7.964627444744110107e-02,-2.215663790702819824e-01,1.542428880929946899e-01,1.727028042078018188e-01,-1.279769279062747955e-02,1.084092073142528534e-02,-2.402294725179672241e-01,-9.752324223518371582e-02,2.309446781873703003e-01,-1.608282625675201416e-01,1.273337900638580322e-01,-1.614771783351898193e-02,6.939002871513366699e-02,1.120293810963630676e-01,-1.887775659561157227e-01,-5.908007174730300903e-02,-2.887046039104461670e-01,2.866818308830261230e-01,1.224949061870574951e-01,7.028620690107345581e-02,1.033544447273015976e-02,-3.258837163448333740e-01,-2.181086689233779907e-01,-6.689973175525665283e-02,-2.399217337369918823e-02,-9.172657877206802368e-02,3.599649667739868164e-02,-9.738944470882415771e-03,-5.601682141423225403e-02,2.962439954280853271e-01,2.350421547889709473e-01,1.856516487896442413e-02,1.897947862744331360e-02,1.436919867992401123e-01,-6.745194643735885620e-02,1.540608890354633331e-02,1.194911524653434753e-01,1.949154734611511230e-01,4.159457609057426453e-02,-3.188591450452804565e-02,-6.748754531145095825e-02,2.496407367289066315e-02,2.230384759604930878e-02,-1.405327320098876953e-01,-2.537691593170166016e-01,-8.854155242443084717e-02,8.964177966117858887e-02,5.704443901777267456e-02,1.064215973019599915e-02,-5.402614176273345947e-02,-5.874573439359664917e-02,-1.876137591898441315e-02,1.267465204000473022e-01,-1.674428731203079224e-01,-1.179139316082000732e-01,1.379974335432052612e-01,-1.231932565569877625e-01,1.730012893676757812e-01,-4.077699407935142517e-02,8.716843277215957642e-02,-1.097341030836105347e-01,1.524131894111633301e-01,-3.230308741331100464e-02,7.368060946464538574e-02,1.216515228152275085e-01,-3.574808686971664429e-02,1.564239561557769775e-01,1.918279528617858887e-01,-1.719471663236618042e-01,1.927331835031509399e-02,1.149353533983230591e-01,-1.056607961654663086e-01,-1.328129619359970093e-01,1.200279667973518372e-01,-1.938316076993942261e-01,-1.361509505659341812e-02,-4.671282693743705750e-02,-1.128878220915794373e-01,1.566549688577651978e-01,-8.833806961774826050e-02,-6.429711729288101196e-02,-2.386508435010910034e-01,-3.012419678270816803e-02,2.875413000583648682e-02,-3.479803726077079773e-02,2.218082696199417114e-01,1.411774009466171265e-01,5.059698224067687988e-02,1.625163853168487549e-02,6.760267913341522217e-02,3.607539087533950806e-02,1.488412320613861084e-01,-1.258776783943176270e-01,-1.352663934230804443e-01,1.952720060944557190e-02,-3.621284663677215576e-02,-1.304028481245040894e-01,-1.275602728128433228e-01,2.543058944866061211e-03,3.706568107008934021e-02,-1.203777492046356201e-01,-2.132343873381614685e-02,5.617403984069824219e-02,1.762382835149765015e-01,-1.094288825988769531e-01,1.347904652357101440e-01,-9.093454480171203613e-02,-2.547170519828796387e-01,1.426146030426025391e-01,-2.458338141441345215e-01,1.743608154356479645e-02,-1.314543038606643677e-01,-1.403397917747497559e-01,2.293609082698822021e-01,-6.103668361902236938e-02,2.373166680335998535e-01,1.212293207645416260e-01,2.335562258958816528e-01,1.839105598628520966e-02,2.382847815752029419e-01,1.885380148887634277e-01,7.130590826272964478e-02,6.133646890521049500e-02,-2.732536941766738892e-02,5.314020812511444092e-02,8.427760004997253418e-02,8.965875953435897827e-02,-9.129980206489562988e-02,8.500100672245025635e-02,-1.845583617687225342e-01,-1.039135754108428955e-01,-3.639784082770347595e-02,1.235746443271636963e-01,-3.836475685238838196e-02,2.068530321121215820e-01,2.743880152702331543e-01,1.624571382999420166e-01,-9.531071782112121582e-02,7.084994763135910034e-02,-1.578022353351116180e-02,-1.043913979083299637e-02,-1.001160368323326111e-01,-7.501139491796493530e-02,-4.196665715426206589e-03,1.337268203496932983e-01,-5.366333574056625366e-02,1.709867417812347412e-01,1.160223782062530518e-01,-9.655545651912689209e-02,-4.257076606154441833e-02,8.089784532785415649e-02,6.860518455505371094e-02,-7.133502513170242310e-02,-2.994251623749732971e-02,-1.266655474901199341e-01,8.833241462707519531e-02,-1.440200805664062500e-01,6.780334562063217163e-02,-8.604607731103897095e-02,-2.154300361871719360e-01,-4.015638679265975952e-02,1.756915748119354248e-01,-7.257225364446640015e-02,-1.176249012351036072e-01,-9.654780477285385132e-02,2.951030731201171875e-01,6.308201700448989868e-02,1.143722236156463623e-01,-4.226096719503402710e-02,-2.121086791157722473e-02,-5.876454524695873260e-03,-1.744295954704284668e-01,-6.837224215269088745e-02,6.443972140550613403e-02,1.267223209142684937e-01,1.334806531667709351e-01,5.552864819765090942e-02,-7.597883790731430054e-02,-5.604139715433120728e-02,-2.704308927059173584e-02,-1.241302341222763062e-01,1.042350083589553833e-01,-1.368840783834457397e-01,1.342383399605751038e-02,8.125767856836318970e-02,8.701643347740173340e-02,1.081591397523880005e-01,2.226448357105255127e-01,-2.259963424876332283e-03,-1.231380403041839600e-01,-1.528744399547576904e-01,1.150525137782096863e-01,-7.400289922952651978e-02,-1.551726162433624268e-01,-1.117796674370765686e-01,1.854402571916580200e-01,-1.253719478845596313e-01,-1.925422251224517822e-01,-8.690868318080902100e-02,-4.325279965996742249e-02,1.255193203687667847e-01,2.268711850047111511e-02,-1.939493715763092041e-01,-8.545965538360178471e-04,-1.939830929040908813e-01,-5.313218757510185242e-02,1.484867483377456665e-01,2.632541954517364502e-01,-1.637142747640609741e-01,-4.880027845501899719e-02,3.762301802635192871e-02,2.270231582224369049e-02,1.383522339165210724e-02,-2.504547536373138428e-01,-7.339573651552200317e-02,1.508713979274034500e-02,1.753524839878082275e-01,-9.436105191707611084e-02,-1.307196617126464844e-01,-1.881120353937149048e-01,-2.550447881221771240e-01,1.450560893863439560e-02,-8.065377175807952881e-02,1.014639139175415039e-01,1.644865274429321289e-01,-8.907111734151840210e-02,-6.588774919509887695e-02,1.623805165290832520e-01,2.578404843807220459e-01,9.888301789760589600e-02,1.031052619218826294e-01,5.544538050889968872e-02,-2.508774772286415100e-02,-1.243407130241394043e-01,2.458147890865802765e-02,-3.368494287133216858e-02,9.515477716922760010e-02,3.157097846269607544e-02,1.642207801342010498e-01,9.682822972536087036e-02,-9.441348165273666382e-02,5.721550434827804565e-02,4.393365606665611267e-02,5.034504458308219910e-02,1.100368276238441467e-01,1.115076541900634766e-01,-2.088559418916702271e-02,1.130882930010557175e-02,-6.882002204656600952e-02,-2.385781556367874146e-01,2.054404653608798981e-02,2.234617918729782104e-01,7.839399622753262520e-04,1.102500036358833313e-02,1.119097992777824402e-01,5.936007574200630188e-02,4.418174177408218384e-02,-2.987865358591079712e-02,1.293225330300629139e-03,-1.030013859272003174e-01,7.717178761959075928e-02,-1.731021516025066376e-02,9.146415628492832184e-03,-2.565303444862365723e-02,-3.449994698166847229e-02,2.144880741834640503e-01,1.670368760824203491e-02,7.466717809438705444e-02,-1.568468511104583740e-01,6.330406665802001953e-02,1.198813691735267639e-02,-4.574026912450790405e-02,-7.855747826397418976e-03,5.873543024063110352e-02,-2.207261137664318085e-02,6.689217686653137207e-01,-4.710590094327926636e-02,-4.874154180288314819e-02,1.352471411228179932e-01,-1.032531484961509705e-01,-2.015758007764816284e-01,4.822367429733276367e-02,-7.309333980083465576e-02,2.637447044253349304e-02,2.499878704547882080e-01,1.126040145754814148e-01,8.243951015174388885e-03,-1.144801527261734009e-01,-2.712946832180023193e-01,-2.794255614280700684e-01,1.989273726940155029e-01,6.114356219768524170e-02,2.305474877357482910e-02,1.417575180530548096e-01,-1.209074556827545166e-01,-7.422372233122587204e-03,-5.367469042539596558e-03,1.765163689851760864e-01,-5.634610727429389954e-02,1.821009665727615356e-01,-6.330349296331405640e-02,-1.314563304185867310e-01,1.226414069533348083e-01,-4.108068346977233887e-02,-1.008113026618957520e-01,2.065256424248218536e-02,-4.408391937613487244e-02,-1.993033587932586670e-01,-2.611187398433685303e-01,2.917178869247436523e-01,1.354412734508514404e-01,1.645231842994689941e-01,-1.563301086425781250e-01,1.253022532910108566e-02,-1.043734326958656311e-01,1.246535405516624451e-02,-1.672317534685134888e-01,2.218720316886901855e-02,-8.223745040595531464e-03,3.127463757991790771e-01,1.272775232791900635e-01,-1.334114968776702881e-01,2.312411554157733917e-02,8.748595416545867920e-02,2.073964327573776245e-01,-1.808029413223266602e-02,-1.062836125493049622e-01,1.224050745368003845e-01,-7.986184209585189819e-02,5.159503966569900513e-02,1.831704378128051758e-02,-2.668655514717102051e-01,2.189848721027374268e-01,-3.453170657157897949e-01,-1.416555196046829224e-01,2.705818414688110352e-01,3.889014124870300293e-01,-1.652667522430419922e-01,4.490510001778602600e-02,-2.781736254692077637e-01,1.570391356945037842e-01,-5.583424866199493408e-02,2.866773605346679688e-01,-1.005128026008605957e-01,-2.028975263237953186e-02,3.103215396404266357e-01,1.442038416862487793e-01,1.916721165180206299e-01,3.029477000236511230e-01,-1.211336776614189148e-01,-8.279596269130706787e-02,-1.446224749088287354e-02,-5.570699274539947510e-02,7.968787103891372681e-02,7.729822397232055664e-02,-9.746302664279937744e-02,1.514140516519546509e-01,-5.387266352772712708e-02,1.432420611381530762e-01,-7.231830060482025146e-02,2.496504634618759155e-01,8.484255522489547729e-02,-1.459360718727111816e-01,-1.413950463756918907e-03,4.878151416778564453e-02,5.171713978052139282e-02,-1.491962559521198273e-02,-1.144173592329025269e-01,1.474808901548385620e-01,6.545753031969070435e-02,1.284000724554061890e-01,2.738478407263755798e-02,8.487693965435028076e-02,1.329295039176940918e-01,-1.190337762236595154e-01,3.288469091057777405e-02,1.630702912807464600e-01,-5.059299874119460583e-04,4.386040195822715759e-02,1.471434086561203003e-01,-2.093418315052986145e-02,-8.352915197610855103e-02,-4.570587072521448135e-03,9.172340482473373413e-02,-6.329257041215896606e-02,1.423867885023355484e-02,-1.371577233076095581e-01,4.897015169262886047e-02,-1.555714756250381470e-02,-1.666312664747238159e-02,-2.209106832742691040e-02,9.935767948627471924e-02,7.898333668708801270e-02,2.149806469678878784e-01,-1.053475216031074524e-01,-5.448031798005104065e-02,-8.648184686899185181e-02,-8.034704625606536865e-02,2.874501980841159821e-02,-6.403807550668716431e-02,-2.672908827662467957e-02,-4.615356028079986572e-02,6.741213612258434296e-03,-1.700014770030975342e-01,-2.590252272784709930e-02,1.581102907657623291e-01,-7.876481115818023682e-02,9.336260706186294556e-02,-4.605275765061378479e-02,-1.099677756428718567e-01,-5.042294040322303772e-02,7.991058751940727234e-03,3.516947478055953979e-02,-5.508489906787872314e-02,-3.107977658510208130e-02,1.597043871879577637e-01,-1.079063396900892258e-02,5.787740275263786316e-02,-1.250633746385574341e-01,-1.322280168533325195e-01,-2.609531953930854797e-02,5.103114247322082520e-02,-4.315893724560737610e-02,-2.491345405578613281e-01,-4.839104786515235901e-02,7.637234032154083252e-02,1.873640120029449463e-01,7.554733753204345703e-02,-5.748790875077247620e-02,7.145659625530242920e-02,2.966066449880599976e-02,1.230654492974281311e-01,9.547300636768341064e-02,1.890980005264282227e-01,3.951773396693170071e-04,4.974651616066694260e-03,-5.832557752728462219e-02,2.060523182153701782e-01,-4.838496819138526917e-02,-1.134950295090675354e-01,2.360287308692932129e-01,-1.883672475814819336e-01,-1.293433085083961487e-02,-7.813482731580734253e-02,-5.346089135855436325e-03,-3.804175928235054016e-02,-1.312736421823501587e-01,-1.447562575340270996e-01,-1.301642507314682007e-02,7.437847554683685303e-02,-1.313283480703830719e-02,1.134899184107780457e-01,1.908070594072341919e-01,-1.654461771249771118e-01,-1.300381124019622803e-02,1.551900058984756470e-01,1.951635032892227173e-01,-1.746256649494171143e-01,2.567443549633026123e-01,-2.039074003696441650e-01,-1.295268833637237549e-01,-3.425574675202369690e-02,1.724322438240051270e-01,1.961102336645126343e-02,-1.615315824747085571e-01,-1.659429818391799927e-01,-3.494538739323616028e-02,-8.366881869733333588e-03,-4.980487376451492310e-02,2.402535527944564819e-01,-1.299078911542892456e-01,-5.199535191059112549e-02,-2.256669104099273682e-01,-9.689205139875411987e-02,8.635517209768295288e-02,6.560819596052169800e-02,-8.105997741222381592e-02,-2.892832159996032715e-01,-3.149629756808280945e-02,4.948663711547851562e-02,-3.905747458338737488e-02,-1.570956408977508545e-01,-1.067170500755310059e-01,4.942775964736938477e-01,1.418415307998657227e-01,-1.131567433476448059e-01,9.731510281562805176e-02,2.409607917070388794e-01,-6.785330921411514282e-02,8.047106117010116577e-02,2.174718230962753296e-01,3.961218148469924927e-02,-1.042850539088249207e-01,1.226356159895658493e-02,3.612615540623664856e-02,1.537379324436187744e-01,1.511045917868614197e-02,-2.241151779890060425e-01,3.093802928924560547e-01,2.283794581890106201e-01,1.684450209140777588e-01,-5.886267405003309250e-03,1.658348441123962402e-01,-8.188038319349288940e-02,1.309475768357515335e-02,1.605999618768692017e-01,-4.387724027037620544e-02,-3.939325511455535889e-01,-1.401922106742858887e-02,1.752696633338928223e-01,1.774878203868865967e-01,-9.127015620470046997e-02,5.667085060849785805e-04,4.001547023653984070e-02,1.092421859502792358e-01,-4.648930206894874573e-02,-5.898178741335868835e-02,6.370913982391357422e-02,1.497445404529571533e-01,-1.811297237873077393e-01,-6.692271679639816284e-03,-1.910606212913990021e-02,1.659801900386810303e-01,2.867042459547519684e-02,-4.529718682169914246e-02,-2.837072014808654785e-01,-2.781327068805694580e-01,-5.962507333606481552e-03,3.598804178182035685e-04,-1.780640482902526855e-01,-1.168841272592544556e-01,-5.837128031998872757e-03,1.457592397928237915e-01,2.004748880863189697e-01,9.067565947771072388e-02,-1.603883504867553711e-01,5.876653268933296204e-02,-2.407628893852233887e-01,-3.036631830036640167e-02,4.406140744686126709e-02
2.562109529972076416e-01,-1.895468384027481079e-01,-6.707426160573959351e-02,-1.219341158866882324e-01,1.808114200830459595e-01,-3.922665491700172424e-03,-9.087961912155151367e-02,-9.142939001321792603e-02,-3.881625458598136902e-02,-4.089997708797454834e-01,2.496758401393890381e-01,2.506419718265533447e-01,-1.026986911892890930e-01,-3.353645205497741699e-01,-1.053056642413139343e-01,3.366647958755493164e-01,-2.744814753532409668e-01,-1.612633615732192993e-01,-2.435405105352401733e-01,-1.549503654241561890e-01,2.024300098419189453e-01,-1.187844350934028625e-01,7.776308059692382812e-02,-7.738699764013290405e-02,1.188688538968563080e-02,-1.175331100821495056e-01,-2.919409871101379395e-01,-3.366763591766357422e-01,-8.267524093389511108e-02,2.262530624866485596e-01,1.368697881698608398e-01,-1.141561791300773621e-01,5.326424911618232727e-02,-2.619631290435791016e-01,2.798948585987091064e-01,-5.940883606672286987e-02,-2.251222133636474609e-01,-2.414606809616088867e-01,2.005600631237030029e-01,2.898635156452655792e-02,2.823543548583984375e-02,3.345420956611633301e-01,-1.335793733596801758e-01,6.500572711229324341e-02,2.138277590274810791e-01,-5.489224195480346680e-01,1.907762438058853149e-01,-3.922128118574619293e-03,-5.775007233023643494e-02,-8.944545686244964600e-02,-2.244402617216110229e-01,4.755911976099014282e-02,-2.955386638641357422e-01,-6.889752112329006195e-03,-1.269142329692840576e-01,-8.058367669582366943e-02,1.535749286413192749e-01,2.121256738901138306e-01,3.351647257804870605e-01,5.158809423446655273e-01,2.090637385845184326e-01,3.284514248371124268e-01,2.214961312711238861e-02,1.291373223066329956e-01,-5.552884191274642944e-02,2.274277806282043457e-01,3.883789181709289551e-01,-3.640018999576568604e-01,1.563887298107147217e-01,-4.572098553180694580e-01,-3.796647489070892334e-01,1.951501145958900452e-02,7.445328868925571442e-03,-2.186754494905471802e-01,9.550861269235610962e-02,6.181396171450614929e-02,3.188664615154266357e-01,-2.419683933258056641e-01,3.544956445693969727e-01,-1.200732663273811340e-01,-1.321126371622085571e-01,-2.783727347850799561e-01,-1.961945295333862305e-01,-7.664602994918823242e-02,1.459494382143020630e-01,-3.776778280735015869e-01,4.107808470726013184e-01,-2.077089436352252960e-02,-1.672996580600738525e-01,2.066389715764671564e-04,7.239367067813873291e-02,2.423538640141487122e-02,-8.864841610193252563e-02,7.745515555143356323e-02,-1.629853248596191406e-01,5.800159573554992676e-01,-7.663919031620025635e-02,-3.701723739504814148e-02,-5.159438848495483398e-01,-1.879003793001174927e-01,-1.468442827463150024e-01,1.750460080802440643e-02,1.216780301183462143e-02,1.608297675848007202e-01,2.436790615320205688e-01,2.925572395324707031e-01,2.763267457485198975e-01,-2.332172542810440063e-01,-1.503123808652162552e-02,-1.574217230081558228e-01,3.614300191402435303e-01,6.441215425729751587e-02,7.155450433492660522e-02,-1.509112119674682617e-01,1.921025961637496948e-01,1.164223924279212952e-01,9.133443981409072876e-02,-2.539356052875518799e-02,-1.484707444906234741e-01,1.461200565099716187e-01,-5.018669366836547852e-01,5.195779204368591309e-01,-9.209954738616943359e-02,-1.589620858430862427e-01,1.704646348953247070e-01,-3.145892620086669922e-01,-6.306615471839904785e-02,-3.602910041809082031e-01,-2.371962368488311768e-02,-1.357337739318609238e-02,1.585249304771423340e-01,-6.348603963851928711e-02,-7.509029656648635864e-02,-1.371702644973993301e-02,2.356198281049728394e-01,-1.311371475458145142e-01,5.298674702644348145e-01,-2.958670556545257568e-01,-9.068625420331954956e-02,9.685873985290527344e-02,6.192190200090408325e-02,8.879433572292327881e-02,4.297974407672882080e-01,-4.063428938388824463e-01,1.025533154606819153e-01,-2.228657752275466919e-01,4.558860063552856445e-01,8.030908554792404175e-02,2.926154732704162598e-01,-2.711064219474792480e-01,3.432700335979461670e-01,1.827343367040157318e-03,2.187682548537850380e-03,5.081695318222045898e-01,-1.366516649723052979e-01,1.733822971582412720e-01,3.129282267764210701e-03,-2.994088232517242432e-01,-1.057055070996284485e-01,-4.706537723541259766e-01,1.181387226097285748e-03,-7.592819631099700928e-02,-4.680169746279716492e-02,1.749444985762238503e-03,-3.736375272274017334e-01,3.100121915340423584e-01,-1.048080325126647949e-01,-9.109582751989364624e-03,-1.376810222864151001e-01,-8.502103388309478760e-03,7.349802553653717041e-02,-3.876475691795349121e-01,1.545251756906509399e-01,6.914317607879638672e-02,1.951029300689697266e-01,1.724086999893188477e-01,-3.532103896141052246e-01,-2.640726417303085327e-02,2.324192970991134644e-01,2.908004820346832275e-01,-1.690937876701354980e-01,-2.672042511403560638e-02,5.825325250625610352e-01,-4.894439503550529480e-02,-1.975845545530319214e-01,9.304239600896835327e-02,-1.542342007160186768e-01,-1.259657144546508789e-01,1.094306707382202148e-01,1.730709522962570190e-01,1.079498678445816040e-01,2.627937681972980499e-02,7.952409237623214722e-02,-2.155929654836654663e-01,-1.870262324810028076e-01,2.106404006481170654e-01,-2.867707312107086182e-01,-4.583903029561042786e-02,2.851044535636901855e-01,3.220320045948028564e-01,3.737766742706298828e-01,-5.691710114479064941e-02,-3.788406252861022949e-01,3.944639861583709717e-02,-5.390904843807220459e-02,-1.264631897211074829e-01,-1.986717432737350464e-01,1.764497756958007812e-01,-9.952678531408309937e-02,1.395452171564102173e-01,7.526032626628875732e-02,-8.382422477006912231e-02,-3.058506846427917480e-01,-1.450031697750091553e-01,3.608373105525970459e-01,1.168565750122070312e-01,-1.791713833808898926e-01,3.226206302642822266e-01,3.075345791876316071e-02,9.514833241701126099e-02,-2.320037782192230225e-01,-1.379086673259735107e-01,3.863957226276397705e-01,5.027511119842529297e-01,1.384063214063644409e-01,-9.229006618261337280e-02,-5.548972263932228088e-02,3.907098993659019470e-02,1.630491465330123901e-01,1.661267131567001343e-01,-4.710824415087699890e-02,2.739806175231933594e-01,-1.444570571184158325e-01,1.248663142323493958e-01,8.445617556571960449e-02,7.194118946790695190e-02,1.196672916412353516e-01,-1.016257330775260925e-01,1.520207226276397705e-01,-8.197358250617980957e-02,-2.619428038597106934e-01,-1.437053233385086060e-01,2.660506963729858398e-01,1.484281267039477825e-03,-3.175003081560134888e-02,4.144644737243652344e-02,-1.185278818011283875e-01,1.375392824411392212e-01,6.597291678190231323e-02,3.968464434146881104e-01,-1.450228840112686157e-01,-5.591686964035034180e-01,1.876825839281082153e-01,-2.706469409167766571e-02,3.670345246791839600e-02,2.192027494311332703e-02,3.386540412902832031e-01,-1.529090013355016708e-02,-7.942983508110046387e-02,1.684045791625976562e-02,-8.258870989084243774e-02,-3.538100793957710266e-02,-2.305443733930587769e-01,2.441287189722061157e-01,-7.644943147897720337e-02,-9.659438580274581909e-02,5.383721739053726196e-02,-2.697923481464385986e-01,1.803984045982360840e-01,-9.576302021741867065e-02,-2.591907680034637451e-01,3.321219682693481445e-01,3.173014819622039795e-01,2.184152305126190186e-01,-6.630837917327880859e-02,-1.618735641241073608e-01,-2.031045556068420410e-01,-4.049280583858489990e-01,4.065872356295585632e-02,2.795671820640563965e-01,-8.957891166210174561e-02,2.126565575599670410e-01,-4.206240773200988770e-01,3.037523627281188965e-01,-5.887643694877624512e-01,-1.536238566040992737e-02,1.610102057456970215e-01,1.633568704128265381e-01,6.374204158782958984e-02,1.617455482482910156e-01,1.408569961786270142e-01,1.675681918859481812e-01,-1.552588045597076416e-01,-2.253065630793571472e-02,2.032362855970859528e-02,2.627208530902862549e-01,-1.060132160782814026e-01,2.418212965130805969e-02,-5.819871649146080017e-02,5.602066591382026672e-02,-1.308805495500564575e-01,-1.197979748249053955e-01,2.131101936101913452e-01,1.595561653375625610e-01,2.539389133453369141e-01,1.169315055012702942e-01,-3.389593362808227539e-01,6.355403363704681396e-02,-1.815170645713806152e-01,1.053035855293273926e-01,-5.599580705165863037e-02,-2.125642150640487671e-01,-1.236425936222076416e-01,-4.255632162094116211e-01,8.344372510910034180e-01,1.894290447235107422e-01,1.024258807301521301e-01,-8.802082389593124390e-02,-4.214843511581420898e-01,-2.248746529221534729e-02,1.356453746557235718e-01,4.224550127983093262e-01,-1.959608048200607300e-01,-1.932599544525146484e-01,-6.327919661998748779e-02,1.820400059223175049e-01,-4.547769203782081604e-02,-1.509871482849121094e-01,-6.235612556338310242e-02,1.694429218769073486e-01,3.906205669045448303e-02,-2.335304617881774902e-01,4.421353936195373535e-01,-1.815952546894550323e-02,-5.440230965614318848e-01,6.095860600471496582e-01,-2.393335998058319092e-01,1.140430495142936707e-01,-1.954988241195678711e-01,1.256265584379434586e-02,1.250756233930587769e-01,1.417326629161834717e-01,6.666830182075500488e-02,1.722353696823120117e-01,-5.070281028747558594e-01,-5.053492784500122070e-01,-1.891060173511505127e-01,2.413129657506942749e-01,-1.735234856605529785e-01,-1.255550049245357513e-02,1.096764132380485535e-01,2.528470009565353394e-02,-1.487794965505599976e-01,-1.923228055238723755e-01,1.091237068176269531e-01,-8.708725799806416035e-04,2.539568841457366943e-01,1.819912642240524292e-01,-4.374076426029205322e-02,-1.562029272317886353e-01,-4.049879685044288635e-02,-3.131599724292755127e-01,1.657363474369049072e-01,3.568534506484866142e-03,7.359895110130310059e-02,2.647706270217895508e-01,6.626902520656585693e-02,1.276491880416870117e-01,-2.700311318039894104e-02,-8.201636373996734619e-02,1.839638501405715942e-02,8.300716429948806763e-02,-3.429419696331024170e-01,-1.547890156507492065e-01,-2.176394611597061157e-01,2.331420183181762695e-01,-4.253679141402244568e-02,-3.881497681140899658e-02,6.698871403932571411e-02,5.551107525825500488e-01,-3.508284389972686768e-01,-4.096974432468414307e-01,-3.014708682894706726e-02,-2.394827269017696381e-02,-7.422265410423278809e-02,-1.223028972744941711e-01,1.643877625465393066e-01,-5.769884586334228516e-01,4.379811882972717285e-02,-1.461254060268402100e-01,-1.044669672846794128e-01,-3.510370254516601562e-01,-6.833960860967636108e-02,-1.046441420912742615e-01,-1.382859498262405396e-01,-6.786996722221374512e-01,-9.152703732252120972e-02,-1.343328356742858887e-01,3.597185760736465454e-02,2.764386236667633057e-01,7.777941413223743439e-03,4.898347426205873489e-03,-1.861204653978347778e-01,1.225962415337562561e-01,-5.728375911712646484e-01,2.649120092391967773e-01,1.827029138803482056e-02,-9.742212295532226562e-02,2.368061840534210205e-01,-2.461271136999130249e-01,2.218456566333770752e-01,1.261072605848312378e-01,3.115293569862842560e-02,-3.648848235607147217e-01,-5.697042122483253479e-02,-1.448796093463897705e-01,-1.283050924539566040e-01,5.969770997762680054e-02,4.580765962600708008e-01,-1.922439038753509521e-01,-5.372568964958190918e-02,-5.718473345041275024e-02,5.867716670036315918e-01,-3.903437852859497070e-01,2.352925837039947510e-01,-3.553023040294647217e-01,-2.825325131416320801e-01,9.053118526935577393e-02,1.372842490673065186e-01,3.468204736709594727e-01,-2.224193699657917023e-02,2.339615523815155029e-01,6.092495322227478027e-01,-1.727574616670608521e-01,-1.905708163976669312e-01,-3.490450382232666016e-01,1.400071680545806885e-01,-2.189973294734954834e-01,7.675397396087646484e-02,1.366039365530014038e-01,-1.524842828512191772e-01,1.407501995563507080e-01,-1.851784884929656982e-01,-2.928848862648010254e-01,2.526690959930419922e-01,2.704168856143951416e-01,1.171556301414966583e-02,1.007576957345008850e-01,9.483212232589721680e-02,1.169140860438346863e-01,2.542232573032379150e-01,-3.769113719463348389e-01,7.888876646757125854e-02,-3.031069338321685791e-01,-1.037812232971191406e-01,-1.285184081643819809e-02,7.082204334437847137e-03,-9.878730028867721558e-02,-2.473202794790267944e-01,3.026232682168483734e-02,1.199919059872627258e-01,-3.668301105499267578e-01,2.158296555280685425e-01,-1.972025632858276367e-01,3.902220353484153748e-02,2.905324399471282959e-01,2.216260507702827454e-02,2.705330774188041687e-02,-1.959673911333084106e-01,1.791995912790298462e-01,-1.514526903629302979e-01,3.557413443922996521e-02,-2.948583103716373444e-02,6.615156680345535278e-02,2.021092474460601807e-01,-2.457327246665954590e-01,-1.955441385507583618e-01,1.133848801255226135e-01,-2.857246622443199158e-02,2.064577490091323853e-01,-2.099905349314212799e-02,-5.678461492061614990e-02,-2.614669501781463623e-01,1.979948133230209351e-01,6.775448471307754517e-02,2.218910753726959229e-01,3.189375400543212891e-01,-1.244681105017662048e-01,1.315470188856124878e-01,-1.587736904621124268e-01,-1.673153340816497803e-01,1.206165030598640442e-01,-1.910222917795181274e-01,-1.012642011046409607e-01,1.162944734096527100e-01,8.667866885662078857e-02,5.962144955992698669e-02,-1.006871927529573441e-03,4.003435075283050537e-01,-1.843551099300384521e-01,-1.290960311889648438e-01,-2.053313553333282471e-01,2.676782906055450439e-01,-3.685611486434936523e-01,1.071752905845642090e-01,-1.353510469198226929e-01,-1.545992773026227951e-02,-1.903435885906219482e-01,2.789496183395385742e-01,-1.130249053239822388e-01,-1.023298352956771851e-01,-4.577038052957504988e-04,-1.647323071956634521e-01,-3.426795825362205505e-02,1.431784182786941528e-01,1.070862635970115662e-01,4.027722179889678955e-01,-5.811276379972696304e-03,3.146005049347877502e-02,5.702040195465087891e-01,-5.234235525131225586e-02,-1.709739118814468384e-01,5.850460380315780640e-02,-2.799066342413425446e-02,-1.275427192449569702e-01,-3.521237075328826904e-01,-4.032203927636146545e-02,9.263706393539905548e-03,1.360695362091064453e-01,-6.676527857780456543e-02,-1.376580744981765747e-01,2.559309899806976318e-01,9.492926299571990967e-02,3.734878897666931152e-01,1.076762676239013672e-01,-2.217122018337249756e-01,2.674864046275615692e-02,8.246192336082458496e-02,-3.526295349001884460e-02,-3.392924070358276367e-01,-1.752325743436813354e-01,-3.253345564007759094e-02,8.966524899005889893e-02,-1.409503668546676636e-01,1.805778294801712036e-01,1.995412409305572510e-01,3.303571045398712158e-01,-1.925628036260604858e-01,2.328453212976455688e-01,3.441683948040008545e-01,-1.764321178197860718e-01,-1.378287822008132935e-01,-2.967014014720916748e-01,-2.429229021072387695e-01,1.151952072978019714e-01,-4.769496321678161621e-01,6.760488450527191162e-02,1.680335253477096558e-01,-5.214356817305088043e-03,-9.211714565753936768e-02,9.265660494565963745e-02,3.240928053855895996e-01,-1.231341212987899780e-01,-7.284780591726303101e-02,1.260967403650283813e-01,1.775730103254318237e-01,2.517519891262054443e-01,-1.541324555873870850e-01,1.599086374044418335e-01,2.415539473295211792e-01,2.709577381610870361e-01,1.718942523002624512e-01,7.699563354253768921e-02,-8.658646792173385620e-02,-2.296743988990783691e-01,3.152726590633392334e-01,-1.170894876122474670e-02,2.028124779462814331e-01,4.742107912898063660e-02,-8.940679579973220825e-02,-4.489161372184753418e-01,-1.766697019338607788e-01,2.160103060305118561e-02,-1.554218083620071411e-01,-7.981625944375991821e-02,8.766476809978485107e-02,4.012138545513153076e-01,6.137875840067863464e-02,-1.524320244789123535e-01,4.368010461330413818e-01,-6.962060183286666870e-02,4.193927645683288574e-01,-3.505122959613800049e-01,-1.784443669021129608e-02,2.622894942760467529e-01,-5.413899570703506470e-02,1.109630055725574493e-02,-3.898700773715972900e-01,-2.103803306818008423e-01,2.032308131456375122e-01,-1.899978369474411011e-01,2.507391273975372314e-01,-3.344009816646575928e-01,-1.897499412298202515e-01,1.901005059480667114e-01,-2.409294396638870239e-01,1.095675081014633179e-01,-2.193057909607887268e-03,-2.641103863716125488e-01,1.301407217979431152e-01,-2.955950498580932617e-01,-2.616477943956851959e-02,2.912015020847320557e-01,-8.399131894111633301e-02,1.148847565054893494e-01,1.200839877128601074e-02,-2.309519499540328979e-01,2.716760337352752686e-01,-1.372719705104827881e-01,-3.108167462050914764e-02,2.620456814765930176e-01,2.886576578021049500e-02,3.232613205909729004e-01,7.222589850425720215e-02,3.337383866310119629e-01,1.264401078224182129e-01,-2.359030395746231079e-01,1.728360950946807861e-01,1.937386691570281982e-01,3.459815979003906250e-01,7.131029665470123291e-02,-1.160185486078262329e-01,-7.044849544763565063e-02,-1.997024714946746826e-01,-2.850845456123352051e-01,2.875317074358463287e-02,7.274859398603439331e-02,2.089370042085647583e-01,3.034088611602783203e-01,1.059142649173736572e-01,5.614244192838668823e-02,-2.547649480402469635e-02,2.224962785840034485e-02,-2.674026787281036377e-01,-2.084151357412338257e-01,2.162361890077590942e-01,1.377933770418167114e-01,2.577973902225494385e-01,-3.356906175613403320e-01,8.699096739292144775e-02,-4.183514043688774109e-02,-6.562237441539764404e-02,-3.206558823585510254e-01,5.898651853203773499e-02,3.804984986782073975e-01,-3.686650656163692474e-03,2.354978173971176147e-01,4.599721133708953857e-01,1.709692776203155518e-01,-3.213033974170684814e-01,-2.428668439388275146e-01,9.959291666746139526e-02,2.653146088123321533e-01,-3.071681857109069824e-01,2.196000367403030396e-01,3.439352810382843018e-01,-1.419187039136886597e-01,6.192585453391075134e-02,2.662578821182250977e-01,-4.651242122054100037e-02,1.592188142240047455e-02,2.082229107618331909e-01,7.240478694438934326e-02,7.584019005298614502e-02,-1.055760979652404785e-01,-2.484668493270874023e-01,-1.530741155147552490e-01,-1.013383120298385620e-01,5.373822059482336044e-03,6.058806926012039185e-02,-4.487192630767822266e-01,-4.244072437286376953e-01,1.826600357890129089e-02,1.332776099443435669e-01,-3.456557095050811768e-01,2.183235883712768555e-01,1.909365504980087280e-02,3.861371576786041260e-01,-1.422710269689559937e-01,1.643844991922378540e-01,3.839584887027740479e-01,1.096196696162223816e-01,1.428767442703247070e-01,1.531016230583190918e-01,5.035400018095970154e-02,-2.312207967042922974e-01,-2.457202523946762085e-01,-1.254300922155380249e-01,7.030896097421646118e-02,6.575626134872436523e-02,1.663206964731216431e-01,1.531190127134323120e-01,-1.604602187871932983e-01,-5.540411919355392456e-02,-9.942226856946945190e-02,-7.630573958158493042e-02,3.313280642032623291e-01,-1.205618865787982941e-02,-1.532066315412521362e-01,-2.294883131980895996e-01,2.289378494024276733e-01,1.188726350665092468e-02,-1.548556089401245117e-01,2.025481015443801880e-01,1.496210228651762009e-02,-1.048260405659675598e-01,-2.254460602998733521e-01,1.608365476131439209e-01,2.433703541755676270e-01,4.262879788875579834e-01,7.103515672497451305e-04,-1.765778213739395142e-01,-2.419664710760116577e-01,-8.026230335235595703e-02,7.293618470430374146e-02,3.284849822521209717e-01,-8.418445289134979248e-02,1.339558791369199753e-02,-8.035957813262939453e-02,4.615078866481781006e-01,1.544468551874160767e-01,-2.539638280868530273e-01,2.518755756318569183e-02,-4.688195884227752686e-01,-9.048277139663696289e-02,2.704643607139587402e-01,-1.961367428302764893e-01,9.135892242193222046e-02,-1.386395543813705444e-01,1.579003781080245972e-01,-5.927062034606933594e-02,-2.689398527145385742e-01,1.203227117657661438e-01,-1.267497092485427856e-01,-1.006488353013992310e-01,-1.433014054782688618e-03,-4.599067866802215576e-01,-1.204959452152252197e-01,1.156328618526458740e-01,1.438667476177215576e-01,-1.132159009575843811e-01,8.271538466215133667e-02,-2.944458462297916412e-02,2.605460286140441895e-01,8.507466316223144531e-02,-1.095630079507827759e-01,-8.699530735611915588e-03,3.793818876147270203e-02,2.350489646196365356e-01,-8.636867254972457886e-02,-9.035724401473999023e-02,1.117227151989936829e-01,3.625527024269104004e-02,-2.964377701282501221e-01,-2.352617979049682617e-01,-1.520770322531461716e-02,-1.932788491249084473e-01,-1.447599083185195923e-01
3.861387670040130615e-01,8.359051495790481567e-02,9.768304228782653809e-02,-5.292955320328474045e-03,-6.333371251821517944e-02,4.089064300060272217e-01,-1.906744241714477539e-01,1.539977639913558960e-02,-3.242977261543273926e-01,3.113480806350708008e-01,4.837521538138389587e-02,-2.354521304368972778e-01,-4.094980359077453613e-01,2.029254883527755737e-01,-1.466040406376123428e-02,-5.596559867262840271e-02,1.301061660051345825e-01,-2.237173765897750854e-01,-2.352550923824310303e-01,-2.234991788864135742e-01,9.146483987569808960e-02,1.575320400297641754e-02,-4.478380382061004639e-01,3.117271661758422852e-01,-8.103515952825546265e-02,-2.458995431661605835e-01,1.887034177780151367e-01,-1.243933737277984619e-01,-1.025877147912979126e-01,-1.340046972036361694e-01,-1.713744550943374634e-01,-3.258010372519493103e-02,9.125511348247528076e-02,2.009084224700927734e-01,-8.947082608938217163e-02,6.082065105438232422e-01,-1.302649825811386108e-01,-9.740822017192840576e-02,-2.203970551490783691e-01,-2.438540011644363403e-01,2.722055017948150635e-01,-1.641349345445632935e-01,1.169159635901451111e-01,-6.938085425645112991e-03,-1.416683346033096313e-01,-3.754670321941375732e-01,7.824853062629699707e-02,4.867805838584899902e-01,-3.022078871726989746e-01,-3.408716619014739990e-01,2.822180986404418945e-01,-2.388738840818405151e-01,-2.242823503911495209e-02,1.855612397193908691e-01,2.504899203777313232e-01,-1.353239268064498901e-01,8.998383581638336182e-02,-7.771709561347961426e-02,-1.732151359319686890e-01,2.415849128738045692e-03,2.019748538732528687e-01,-3.235338255763053894e-02,2.160601615905761719e-01,-1.093674898147583008e-01,7.754208892583847046e-02,5.960533022880554199e-02,3.178535699844360352e-01,-5.898871645331382751e-02,1.749766170978546143e-01,-5.933595895767211914e-01,-1.350157856941223145e-01,-4.259942099452018738e-03,-5.539751052856445312e-02,1.102123036980628967e-01,-2.286900877952575684e-01,-9.682066738605499268e-02,-1.265343278646469116e-01,5.978559609502553940e-03,9.419205598533153534e-03,-1.357162147760391235e-01,-5.542420968413352966e-02,2.949037402868270874e-02,5.652282834053039551e-01,-4.826358556747436523e-01,-4.198985919356346130e-02,2.856667339801788330e-01,1.050726175308227539e-01,1.060683629475533962e-03,-1.115230992436408997e-01,-4.786656796932220459e-01,-8.487389981746673584e-02,-1.017715111374855042e-01,1.896530836820602417e-01,1.577348262071609497e-01,3.681238293647766113e-01,-1.698902398347854614e-01,1.131535470485687256e-01,3.863325715065002441e-01,5.336413159966468811e-03,2.487552911043167114e-02,1.019369214773178101e-01,-2.950755693018436432e-02,3.380160033702850342e-02,-6.285075843334197998e-02,-1.810957640409469604e-01,-1.544667184352874756e-01,2.377326041460037231e-01,-1.161008998751640320e-01,-3.001737594604492188e-02,2.754611335694789886e-02,6.850365549325942993e-02,3.000782988965511322e-02,-1.683924198150634766e-01,7.595101837068796158e-03,2.723901271820068359e-01,6.304024159908294678e-02,1.873296350240707397e-01,-7.459948305040597916e-03,-2.705430090427398682e-01,1.885763555765151978e-01,-2.040935307741165161e-01,2.508808970451354980e-01,3.089203312993049622e-02,-1.732483208179473877e-01,9.216566570103168488e-03,-1.067031994462013245e-01,-7.174994051456451416e-02,-1.610035449266433716e-02,-1.610158532857894897e-01,-4.485265165567398071e-02,6.466960161924362183e-02,-2.977007441222667694e-02,-3.992314338684082031e-01,-1.098834425210952759e-01,-2.834003567695617676e-01,-1.192373856902122498e-01,9.855941683053970337e-02,6.850657612085342407e-02,-1.374065577983856201e-01,1.885974407196044922e-02,2.341843023896217346e-02,-2.673249244689941406e-01,-3.837124109268188477e-01,4.978526830673217773e-01,-2.185438871383666992e-01,5.791028216481208801e-02,-2.961437106132507324e-01,-1.373167429119348526e-02,1.600066274404525757e-01,2.229416966438293457e-01,-2.569136619567871094e-01,1.130542755126953125e-01,2.142058908939361572e-01,1.612847298383712769e-01,-7.902256399393081665e-02,1.668867468833923340e-01,1.006987586151808500e-04,5.720795392990112305e-01,1.384442206472158432e-02,-6.106021627783775330e-02,-9.400890767574310303e-02,-1.903624534606933594e-01,2.126276195049285889e-01,2.715153396129608154e-01,-1.939607784152030945e-02,1.385489851236343384e-01,5.683717131614685059e-01,-2.024546563625335693e-01,-6.804576516151428223e-01,2.107442021369934082e-01,2.351806163787841797e-01,9.114267677068710327e-02,4.429694637656211853e-02,1.176533252000808716e-01,-3.734537065029144287e-01,-3.724453449249267578e-01,1.663073524832725525e-02,-2.539181150496006012e-02,-1.414816528558731079e-01,-2.260989695787429810e-01,1.995440870523452759e-01,1.137159541249275208e-01,2.764712460339069366e-02,1.500086784362792969e-01,-3.753784000873565674e-01,-3.404963612556457520e-01,-1.450876891613006592e-01,-7.554233819246292114e-02,-1.386104673147201538e-01,-1.839216947555541992e-01,1.751931160688400269e-01,-2.468461692333221436e-01,6.163139939308166504e-01,5.463511869311332703e-02,-2.662086188793182373e-01,-2.773024141788482666e-01,4.453016445040702820e-02,-1.573035418987274170e-01,2.405911497771739960e-02,2.291115224361419678e-01,-1.427613198757171631e-01,5.998872220516204834e-02,1.841234266757965088e-01,-3.671635091304779053e-01,-1.224876269698143005e-01,-2.319463491439819336e-01,-1.203185096383094788e-01,3.933826833963394165e-02,2.847731709480285645e-01,-3.077327907085418701e-01,-1.902471482753753662e-01,-1.639536470174789429e-01,-1.937386542558670044e-01,4.334166646003723145e-03,6.541862338781356812e-02,2.878047525882720947e-01,-3.343769013881683350e-01,-1.067925617098808289e-01,-2.352182753384113312e-02,1.570068597793579102e-01,1.617991030216217041e-01,-2.696137130260467529e-01,1.952663660049438477e-01,-1.773656755685806274e-01,1.625510118901729584e-02,-3.737921118736267090e-01,1.219199076294898987e-01,-8.246760070323944092e-02,-2.929758280515670776e-02,3.677834197878837585e-02,2.877212129533290863e-02,-1.608899533748626709e-01,1.065556555986404419e-01,-2.987352013587951660e-01,9.749518334865570068e-02,9.675149619579315186e-02,2.071174420416355133e-02,-1.313689351081848145e-01,5.639600753784179688e-02,-2.269227802753448486e-01,-2.366185188293457031e-01,-1.543196886777877808e-01,-3.135818243026733398e-01,-9.269187599420547485e-02,1.697276383638381958e-01,2.426580637693405151e-01,-7.940649241209030151e-02,2.672735601663589478e-02,-1.546619832515716553e-01,-2.059870958328247070e-01,1.668871641159057617e-01,-3.455525729805231094e-04,6.606075167655944824e-02,-9.773007594048976898e-03,3.434705734252929688e-01,2.557148337364196777e-01,-2.011868543922901154e-02,1.736388355493545532e-01,2.733482420444488525e-01,2.886003814637660980e-02,1.922086626291275024e-01,-1.094137802720069885e-01,-1.154734045267105103e-01,-4.044799506664276123e-01,3.174258470535278320e-01,-1.993874013423919678e-01,-1.274848431348800659e-01,9.855065494775772095e-02,3.570954501628875732e-01,-8.448022603988647461e-02,-1.620198786258697510e-01,2.386718988418579102e-01,-1.723023653030395508e-01,-2.109833061695098877e-01,-2.361280620098114014e-01,5.751052498817443848e-02,9.306522458791732788e-02,-2.167726121842861176e-02,8.517570793628692627e-02,-1.966579854488372803e-01,5.284258127212524414e-01,-1.188477054238319397e-01,-2.086371928453445435e-01,-3.748117089271545410e-01,-6.596100050956010818e-03,-1.299118697643280029e-01,2.556704580783843994e-01,-2.772902548313140869e-01,1.305045932531356812e-01,-1.873419433832168579e-01,-1.127878427505493164e-01,1.392031311988830566e-01,-4.561533629894256592e-01,-2.619811594486236572e-01,5.766110494732856750e-02,2.393315434455871582e-01,-1.765767633914947510e-01,-2.253657430410385132e-01,-1.125084049999713898e-02,3.126926720142364502e-01,-8.653636276721954346e-02,-1.324896812438964844e-01,4.773238897323608398e-01,1.083612665534019470e-01,1.069515198469161987e-01,-2.918324992060661316e-02,1.781955808401107788e-01,1.224550232291221619e-01,8.079738169908523560e-02,1.557013690471649170e-01,8.172141760587692261e-02,-2.189311198890209198e-02,5.455289036035537720e-02,-2.818615734577178955e-01,1.486247032880783081e-01,-1.058333925902843475e-02,2.008797228336334229e-01,8.649228513240814209e-02,1.634736657142639160e-01,2.139685153961181641e-01,1.345816254615783691e-01,3.080298006534576416e-01,2.223781496286392212e-01,2.216269522905349731e-01,-2.720180153846740723e-01,3.773490786552429199e-01,1.505848467350006104e-01,1.077579706907272339e-01,3.091601431369781494e-01,-1.089553087949752808e-01,1.263929903507232666e-01,-1.712005138397216797e-01,-2.023406513035297394e-02,1.454029679298400879e-01,1.337187946774065495e-03,-4.092955887317657471e-01,3.048796392977237701e-02,-1.906758919358253479e-02,2.454096823930740356e-01,-1.268123835325241089e-01,-1.386200487613677979e-01,-1.603941991925239563e-02,4.392557963728904724e-02,1.236432567238807678e-01,3.581392765045166016e-01,4.242716357111930847e-03,-2.670609056949615479e-01,5.943575501441955566e-02,5.944712162017822266e-01,2.461816966533660889e-01,1.130316592752933502e-02,1.748561486601829529e-02,-1.377369165420532227e-01,-2.324815690517425537e-01,3.368724882602691650e-01,-2.645178884267807007e-02,3.839154727756977081e-03,-1.523726880550384521e-01,1.750328540802001953e-01,5.130767822265625000e-01,1.173542365431785583e-01,1.845407187938690186e-01,1.693151146173477173e-01,1.604086346924304962e-02,-2.948873043060302734e-01,-1.035948190838098526e-02,-3.101709857583045959e-02,-7.054042816162109375e-02,1.628356426954269409e-02,-1.122712939977645874e-01,-4.243962466716766357e-02,4.170950874686241150e-02,2.600594460964202881e-01,-2.857979573309421539e-02,3.865514099597930908e-01,2.984738647937774658e-01,1.293227374553680420e-01,-8.948877453804016113e-02,1.323181092739105225e-01,1.975960284471511841e-02,7.886953651905059814e-02,-1.132139712572097778e-01,7.604034617543220520e-04,-8.334974199533462524e-02,-2.391057014465332031e-01,-1.784720458090305328e-02,-3.524926006793975830e-01,-5.981037616729736328e-01,-5.911465734243392944e-02,6.141262874007225037e-02,1.757370084524154663e-01,-1.135154366493225098e-01,7.886256277561187744e-02,7.417152822017669678e-02,-4.899598658084869385e-02,2.830200269818305969e-02,4.222507029771804810e-02,2.719531953334808350e-01,-1.806617230176925659e-01,1.117725372314453125e-01,-9.491202980279922485e-02,-7.286126166582107544e-02,2.492859214544296265e-01,-1.968175917863845825e-01,-2.342975512146949768e-02,1.651303023099899292e-01,3.435019552707672119e-01,-3.280362784862518311e-01,-9.262075647711753845e-03,-2.381967008113861084e-01,1.316137164831161499e-01,-1.104000881314277649e-01,1.241503357887268066e-01,5.788118243217468262e-01,-1.127630919218063354e-01,-8.936909586191177368e-02,1.815006434917449951e-01,-1.050352901220321655e-01,-1.037643402814865112e-01,-3.710460066795349121e-01,6.398417055606842041e-02,1.066176518797874451e-01,3.397783935070037842e-01,1.583065278828144073e-02,-5.340237021446228027e-01,2.457096427679061890e-01,7.120546698570251465e-02,-3.799862861633300781e-01,1.145410984754562378e-01,2.500216662883758545e-02,-1.639351993799209595e-01,-1.223647743463516235e-01,4.640945419669151306e-02,-1.239884644746780396e-01,-1.331349462270736694e-01,2.060353057458996773e-03,-1.394624263048171997e-01,1.445711702108383179e-01,4.747022092342376709e-01,3.714147582650184631e-02,-2.056201398372650146e-01,9.998480230569839478e-02,3.613579273223876953e-01,-3.567643463611602783e-01,2.706780433654785156e-01,-9.019194543361663818e-02,1.235810741782188416e-01,5.532282218337059021e-02,1.103281676769256592e-01,1.808681637048721313e-01,-6.762336939573287964e-02,-1.462186276912689209e-01,-1.816862970590591431e-01,2.562918365001678467e-01,7.420134264975786209e-03,-3.135346248745918274e-02,-2.426890134811401367e-01,1.233072504401206970e-01,-1.764598786830902100e-01,-8.945042267441749573e-03,-5.310413986444473267e-02,-7.632642239332199097e-02,-2.671330869197845459e-01,-1.738203614950180054e-01,1.541881170123815536e-02,-4.425892233848571777e-02,-2.252484709024429321e-01,1.846267655491828918e-02,-2.834364771842956543e-01,-9.255607426166534424e-02,1.139356419444084167e-01,1.533129960298538208e-01,8.208150416612625122e-02,2.155068069696426392e-01,2.274359166622161865e-01,-3.147989138960838318e-02,-2.529198229312896729e-01,-5.356879159808158875e-02,-8.178007602691650391e-02,-2.512294650077819824e-01,5.875694565474987030e-03,5.911474581807851791e-03,3.227165639400482178e-01,1.042673885822296143e-01,-3.320378661155700684e-01,1.242685988545417786e-01,-4.790097475051879883e-02,1.040209233760833740e-01,-7.178557664155960083e-02,-2.123509645462036133e-01,-1.319162845611572266e-01,-2.249927818775177002e-01,1.375408172607421875e-01,-1.754794828593730927e-02,1.861916333436965942e-01,2.259464114904403687e-01,-5.563600733876228333e-02,3.378503769636154175e-02,-9.938309341669082642e-02,-1.032450571656227112e-01,1.490989029407501221e-01,-3.892090320587158203e-01,-4.456936940550804138e-02,1.261926144361495972e-01,1.806326210498809814e-01,1.591528654098510742e-01,-5.274828523397445679e-02,-2.252745777368545532e-01,1.172388419508934021e-01,3.853992372751235962e-02,1.288743782788515091e-02,2.131026685237884521e-01,-3.381404280662536621e-01,1.655647307634353638e-01,-5.786328911781311035e-01,-1.944730058312416077e-02,-8.153981715440750122e-02,-5.131823420524597168e-01,1.438140636309981346e-03,-1.655665226280689240e-02,2.861660420894622803e-01,-4.247388541698455811e-01,-1.035682111978530884e-01,-1.582613401114940643e-02,3.244256675243377686e-01,5.248817615211009979e-03,-1.665985137224197388e-01,1.628431975841522217e-01,-3.961165249347686768e-02,3.340014517307281494e-01,8.928240090608596802e-02,2.737459354102611542e-02,-6.096988320350646973e-01,-1.371972560882568359e-01,-3.168879151344299316e-01,1.223857328295707703e-01,2.714606225490570068e-01,-1.978217512369155884e-01,1.702719628810882568e-01,-3.669352829456329346e-01,5.428544059395790100e-02,1.140992864966392517e-01,8.849510923027992249e-03,-9.715046733617782593e-02,1.567403040826320648e-02,1.006091982126235962e-01,2.201359122991561890e-01,-3.534029722213745117e-01,3.823955655097961426e-01,-2.418127506971359253e-01,2.373566292226314545e-02,2.206242233514785767e-01,-1.172220334410667419e-02,-9.238184988498687744e-02,2.150830067694187164e-02,-2.836613655090332031e-01,3.996551334857940674e-01,2.400972992181777954e-01,2.980453073978424072e-01,-2.831280529499053955e-01,6.084358692169189453e-01,-1.583969444036483765e-01,-4.961962252855300903e-02,4.720993340015411377e-02,-3.335901796817779541e-01,-2.564505040645599365e-01,-1.408813595771789551e-01,-1.340002268552780151e-01,3.053439594805240631e-02,-1.155497804284095764e-01,1.921240985393524170e-01,3.395331203937530518e-01,-7.346695754677057266e-03,-1.105640977621078491e-01,4.333970844745635986e-01,1.762695759534835815e-01,4.879228398203849792e-02,-2.811868190765380859e-01,-1.910787820816040039e-02,2.458351105451583862e-01,-3.203026056289672852e-01,1.622709482908248901e-01,2.421105802059173584e-01,2.242735922336578369e-01,-3.726779520511627197e-01,4.081338047981262207e-01,-1.397254467010498047e-01,2.246214151382446289e-01,1.277459263801574707e-01,-1.298770904541015625e-01,1.234502941370010376e-01,-1.620690226554870605e-01,-2.218633741140365601e-01,-4.766181483864784241e-02,-1.370133310556411743e-01,-4.426437020301818848e-01,-1.269468106329441071e-02,6.646268814802169800e-02,9.455739706754684448e-02,-1.471022516489028931e-01,9.971246123313903809e-02,1.881203502416610718e-01,-2.277383022010326385e-02,2.982538640499114990e-01,-1.126082763075828552e-01,1.170618608593940735e-01,2.036294788122177124e-01,-3.534536957740783691e-01,2.007317245006561279e-01,-2.009942680597305298e-01,2.674031257629394531e-01,9.176869690418243408e-02,8.785757422447204590e-02,3.198303282260894775e-02,-2.054057568311691284e-01,-3.464737534523010254e-02,2.454946637153625488e-01,2.326799035072326660e-01,9.473937004804611206e-02,1.120064109563827515e-01,-3.381720511242747307e-03,1.862361878156661987e-01,5.408124998211860657e-02,-2.769189774990081787e-01,-2.319022268056869507e-01,-2.446099743247032166e-02,-3.993007242679595947e-01,4.202726110816001892e-02,2.090873122215270996e-01,1.939670592546463013e-01,1.365773081779479980e-01,6.081688776612281799e-02,2.925958931446075439e-01,-1.864378005266189575e-01,-2.406781725585460663e-02,-8.537942171096801758e-02,-2.186352610588073730e-01,-3.119982182979583740e-01,5.274782776832580566e-01,6.468080729246139526e-02,4.501599073410034180e-02,-9.670874476432800293e-02,-1.778314076364040375e-02,-1.471024006605148315e-01,1.120972633361816406e-01,-4.428040087223052979e-01,9.048987925052642822e-02,4.693249240517616272e-02,2.658795714378356934e-01,-1.130374595522880554e-01,2.332744151353836060e-01,-1.416301876306533813e-01,1.740699261426925659e-01,-1.620018631219863892e-01,4.149163961410522461e-01,2.149869129061698914e-02,3.464519083499908447e-01,2.731276452541351318e-01,-2.401396483182907104e-01,3.411523103713989258e-01,1.742290258407592773e-01,6.768866628408432007e-02,1.308261901140213013e-01,-1.124741062521934509e-01,-2.599214613437652588e-01,-5.909537151455879211e-02,-3.070202767848968506e-01,1.967154741287231445e-01,2.334737591445446014e-02,-4.150765836238861084e-01,2.402394562959671021e-01,-3.374031484127044678e-01,1.315030157566070557e-01,-2.539300024509429932e-01,2.358414530754089355e-01,-3.269940614700317383e-01,-2.930985093116760254e-01,1.555192619562149048e-01,2.335655130445957184e-02,3.608904480934143066e-01,-6.067844033241271973e-01,-9.324659593403339386e-03,1.608519442379474640e-02,6.489575654268264771e-02,1.232107356190681458e-01,-1.076720654964447021e-01,-1.637416332960128784e-01,3.805886080954223871e-04,6.097292155027389526e-02,-8.428899454884231091e-04,-2.620720565319061279e-01,2.711366415023803711e-01,-7.526272535324096680e-02,1.060585081577301025e-01,1.427611261606216431e-01,4.079679548740386963e-01,1.171749457716941833e-01,7.589751482009887695e-02,1.934828460216522217e-01,-7.818800210952758789e-02,1.744110602885484695e-03,-1.035102736204862595e-02,-1.681133210659027100e-01,1.196279078722000122e-01,1.162944361567497253e-01,-3.588405549526214600e-01,1.455041617155075073e-01,-1.355311721563339233e-01,-1.346874386072158813e-01,-1.780284047126770020e-01,-3.838540315628051758e-01,3.853441029787063599e-02,3.633942306041717529e-01,-4.662384465336799622e-02,-4.520284757018089294e-02,2.045173756778240204e-02,4.015874564647674561e-01,3.408237174153327942e-02,-3.557873889803886414e-02,2.911167144775390625e-01,1.293041110038757324e-01,9.413054585456848145e-02,1.387531459331512451e-01,-4.964833259582519531e-01,2.156177610158920288e-01,-2.061092704534530640e-01,1.400912553071975708e-01,5.772996693849563599e-02,-3.731953352689743042e-02,9.171060472726821899e-02,1.331236213445663452e-01,4.789168238639831543e-01,2.184784710407257080e-01,2.697186078876256943e-03,1.299702282994985580e-02,-2.736282944679260254e-01,-9.330609440803527832e-02,4.710602164268493652e-01,8.583907037973403931e-02,-2.476035207509994507e-01,1.758652776479721069e-01,-2.783975899219512939e-01,-1.921804398298263550e-01,-4.719203114509582520e-01,-2.334292531013488770e-01,1.322899609804153442e-01,2.648133933544158936e-01,-6.350633502006530762e-02,1.439779251813888550e-01,-4.399291798472404480e-02,-1.380552649497985840e-01,-9.668961167335510254e-02,-3.367359638214111328e-01,4.481838047504425049e-01,-1.371147632598876953e-01,-4.625669419765472412e-01,6.026054546236991882e-02,4.874466061592102051e-01,8.165641129016876221e-02,-1.188995167613029480e-01,3.191146850585937500e-01,9.392870590090751648e-03,2.059372365474700928e-01,1.702279783785343170e-02,5.764283612370491028e-02,-3.300890326499938965e-01,1.094817593693733215e-01,9.416011162102222443e-03
1.245389804244041443e-01,-1.488868296146392822e-01,-9.886737912893295288e-02,1.617411822080612183e-01,-1.764821112155914307e-01,7.554922718554735184e-03,-3.194848597049713135e-01,-1.308763772249221802e-01,-1.788565218448638916e-01,-2.772442102432250977e-01,-1.778600960969924927e-01,1.149148717522621155e-01,-4.836247488856315613e-02,-1.762426048517227173e-01,-4.215798340737819672e-03,-1.253061345778405666e-03,-5.543300881981849670e-02,-7.676408439874649048e-02,2.577994167804718018e-01,4.329143166542053223e-01,-2.463832646608352661e-01,-4.587295651435852051e-02,-2.368243038654327393e-01,-3.609478473663330078e-02,-3.059031255543231964e-02,1.617438197135925293e-01,-3.593722581863403320e-01,4.823643341660499573e-02,1.115775108337402344e-01,6.752660125494003296e-02,-1.444199681282043457e-01,-2.251254320144653320e-01,7.917695492506027222e-02,7.173863798379898071e-02,6.705110520124435425e-02,3.615696132183074951e-01,-1.359523236751556396e-01,-2.355494052171707153e-01,-5.282174348831176758e-01,1.579369157552719116e-01,-1.388621479272842407e-01,-5.687976628541946411e-02,-1.162034869194030762e-01,1.777787953615188599e-01,-2.084094136953353882e-01,2.137737721204757690e-01,9.975140541791915894e-02,-5.907500162720680237e-02,8.972597308456897736e-03,2.689790166914463043e-02,-3.489143848419189453e-01,2.571820616722106934e-01,-1.958058774471282959e-01,-1.057157218456268311e-01,3.059157133102416992e-01,-4.410120248794555664e-01,1.230232641100883484e-01,-1.706911772489547729e-01,-8.120884746313095093e-02,2.004197239875793457e-01,1.682069525122642517e-02,-1.046784520149230957e-01,-2.816943228244781494e-01,4.693600907921791077e-02,-1.457616835832595825e-01,-4.619214311242103577e-02,1.354950815439224243e-01,1.298100799322128296e-01,3.831267654895782471e-01,4.437492787837982178e-01,-1.661091893911361694e-01,7.915172725915908813e-03,3.111593797802925110e-02,-1.870690882205963135e-01,-1.097441539168357849e-01,-7.846780121326446533e-02,-9.167931042611598969e-03,7.096967194229364395e-03,-2.044919729232788086e-01,-9.492169320583343506e-02,1.200337633490562439e-01,4.686286151409149170e-01,2.243964523077011108e-01,-3.983322530984878540e-02,9.581881761550903320e-02,7.390818744897842407e-02,-1.160000711679458618e-01,-8.636561036109924316e-02,-2.831721678376197815e-02,-1.055499240756034851e-01,-1.073322072625160217e-01,5.350485071539878845e-02,-5.057131499052047729e-02,-1.525740623474121094e-01,-1.807065755128860474e-01,1.288789957761764526e-01,9.202355518937110901e-03,-2.106745243072509766e-01,-7.931365072727203369e-02,1.771455556154251099e-01,4.837819375097751617e-03,1.740820407867431641e-01,9.928087145090103149e-02,-3.790142536163330078e-01,2.107443809509277344e-01,1.490282416343688965e-01,-2.520976364612579346e-01,9.713835269212722778e-02,-3.451140522956848145e-01,2.672915160655975342e-01,-1.347752474248409271e-02,-3.611700534820556641e-01,3.059547543525695801e-01,1.435820162296295166e-01,3.040938675403594971e-01,-4.017802327871322632e-02,8.714878000319004059e-03,-7.385614514350891113e-02,4.653890430927276611e-02,3.818450495600700378e-02,5.513476952910423279e-02,2.087031453847885132e-01,4.011701345443725586e-01,7.915595173835754395e-02,3.761570528149604797e-02,-6.657220423221588135e-02,-2.994478046894073486e-01,1.191870719194412231e-01,4.305934160947799683e-02,3.493502363562583923e-02,3.039122819900512695e-01,1.303860247135162354e-01,-1.446610391139984131e-01,-6.838153600692749023e-01,-3.360169529914855957e-01,-2.317954599857330322e-01,-3.871421888470649719e-02,-1.120994761586189270e-01,4.878697693347930908e-01,1.212914064526557922e-01,4.130924120545387268e-02,-1.866526007652282715e-01,2.244312763214111328e-01,-1.434091776609420776e-01,-8.849772810935974121e-02,-2.836112631484866142e-03,-1.662480533123016357e-01,4.310362040996551514e-03,-1.864702999591827393e-01,9.482113271951675415e-02,1.423313468694686890e-01,-2.087738066911697388e-01,-4.026905447244644165e-02,-2.087343297898769379e-02,4.228750243782997131e-02,1.365457624197006226e-01,-2.907398641109466553e-01,1.335634943097829819e-02,3.103057742118835449e-01,-1.293573677539825439e-01,-6.249145865440368652e-01,-5.585875734686851501e-02,1.805834919214248657e-01,2.583571337163448334e-02,-7.535568438470363617e-03,-5.794083327054977417e-02,-3.550538793206214905e-02,-3.240171074867248535e-01,4.822814837098121643e-02,1.257782280445098877e-01,-6.274945139884948730e-01,-5.463530123233795166e-02,-4.618996754288673401e-02,-1.597140580415725708e-01,-3.847528696060180664e-01,-3.730977475643157959e-01,-4.865830764174461365e-02,-1.326441615819931030e-01,4.837468266487121582e-01,-1.419899612665176392e-02,-1.864465177059173584e-01,2.565082609653472900e-01,-1.060938537120819092e-01,1.599482819437980652e-02,-2.902918756008148193e-01,-1.921575963497161865e-01,4.861797392368316650e-02,6.041924655437469482e-02,1.694361865520477295e-01,2.408072203397750854e-01,-5.011088848114013672e-01,2.873761057853698730e-01,-5.020729303359985352e-01,3.500280901789665222e-02,-4.651113227009773254e-02,-3.126065433025360107e-02,1.744599193334579468e-01,1.053466424345970154e-01,1.728116571903228760e-01,-1.731330007314682007e-01,9.901392459869384766e-02,-1.609109789133071899e-01,2.659226655960083008e-01,1.072347760200500488e-01,-2.286794632673263550e-01,1.199645996093750000e-01,-2.336293905973434448e-01,3.665466234087944031e-02,-4.570040479302406311e-02,8.069655299186706543e-02,2.114048004150390625e-01,1.427602767944335938e-01,-2.682426869869232178e-01,-2.121182158589363098e-02,2.321988940238952637e-01,1.056722998619079590e-01,-1.867230534553527832e-01,8.659189194440841675e-02,4.722614213824272156e-02,3.867954015731811523e-02,4.946433380246162415e-02,2.516024187207221985e-02,5.666135251522064209e-02,1.000278070569038391e-01,-2.443325072526931763e-01,2.475796341896057129e-01,-9.699773788452148438e-02,4.004991054534912109e-02,-1.473710983991622925e-01,-1.608309298753738403e-01,-1.018537953495979309e-01,-1.993722654879093170e-02,-1.761094927787780762e-01,2.650042474269866943e-01,4.793180152773857117e-02,1.518441140651702881e-01,-1.807904988527297974e-01,-1.837127655744552612e-01,-2.759354412555694580e-01,-2.654189467430114746e-01,1.098427176475524902e-01,1.144881770014762878e-01,-2.450992912054061890e-01,-1.509781274944543839e-02,3.202956616878509521e-01,1.633929461240768433e-01,2.568352818489074707e-01,-4.369297027587890625e-01,-2.577807195484638214e-02,9.693633019924163818e-02,4.516175985336303711e-01,9.668371826410293579e-02,-7.211659103631973267e-02,5.580745637416839600e-02,-5.657946690917015076e-02,2.548987865447998047e-01,4.721631705760955811e-01,8.880305290222167969e-02,6.457915063947439194e-03,3.211707770824432373e-01,7.971577346324920654e-02,-2.091135531663894653e-01,-9.922862052917480469e-02,-3.971697390079498291e-02,3.880099058151245117e-01,-7.126529514789581299e-02,1.300162672996520996e-01,1.426133364439010620e-01,-1.333781480789184570e-01,1.132826432585716248e-01,4.549228772521018982e-02,-1.853617429733276367e-01,-3.590007871389389038e-02,-1.315800100564956665e-02,-1.373768895864486694e-01,2.421184927225112915e-01,7.598020136356353760e-02,2.193149924278259277e-01,7.950208336114883423e-02,-1.217127144336700439e-01,-1.573863327503204346e-01,-3.558989241719245911e-02,1.247156187891960144e-01,3.835535645484924316e-01,1.628492921590805054e-01,3.696293756365776062e-02,4.340517818927764893e-01,6.465023849159479141e-03,-1.370490640401840210e-01,1.741008609533309937e-01,1.895954906940460205e-01,-4.228407889604568481e-02,-1.470505893230438232e-01,4.530220925807952881e-01,1.184403896331787109e-02,-1.265914589166641235e-01,2.447792589664459229e-01,2.578728199005126953e-01,2.824163138866424561e-01,7.367458939552307129e-02,-9.159329533576965332e-02,1.768859624862670898e-01,-1.812276244163513184e-01,-6.379622500389814377e-03,1.972653865814208984e-01,6.402998417615890503e-02,5.421020835638046265e-02,-1.898953914642333984e-01,4.889135714620351791e-03,1.865787357091903687e-01,-1.654991060495376587e-01,3.623005449771881104e-01,6.111740320920944214e-02,1.192238405346870422e-01,-9.261870384216308594e-02,9.799964725971221924e-02,7.638559490442276001e-02,4.684167727828025818e-02,1.049985811114311218e-01,-2.195996195077896118e-01,1.100376769900321960e-01,2.104121446609497070e-01,4.694607555866241455e-01,-1.619643718004226685e-01,-6.575715728104114532e-03,2.188029438257217407e-01,-1.370912343263626099e-01,8.727228641510009766e-02,2.601944208145141602e-01,-8.329258859157562256e-02,-4.409689605236053467e-01,-2.315440215170383453e-02,-4.152886942028999329e-02,-8.500894159078598022e-02,-9.421014785766601562e-02,1.445423960685729980e-01,8.657707273960113525e-02,-4.030720889568328857e-01,-8.780111372470855713e-02,-2.111561745405197144e-01,-1.522125024348497391e-02,1.810823008418083191e-02,3.280557692050933838e-01,5.405609495937824249e-03,-2.941518723964691162e-01,-6.297420710325241089e-02,1.678207367658615112e-01,-1.572069972753524780e-01,-7.243244349956512451e-02,-1.282610148191452026e-01,-3.915880322456359863e-01,-8.381384424865245819e-03,-1.976546347141265869e-01,-3.383077308535575867e-02,-3.154859840869903564e-01,3.980475012212991714e-03,-4.694066643714904785e-01,-6.917633116245269775e-02,-1.749637722969055176e-01,-1.506525129079818726e-01,-3.047782480716705322e-01,-1.314924061298370361e-01,-2.177223712205886841e-01,6.164591759443283081e-02,1.235967352986335754e-01,2.516935467720031738e-01,-1.076760701835155487e-02,2.619352005422115326e-02,-1.729567721486091614e-02,-8.151886612176895142e-02,3.070889785885810852e-02,-7.946698367595672607e-02,-6.215632706880569458e-02,2.649673223495483398e-01,-3.822899162769317627e-01,3.601640164852142334e-01,-3.562215864658355713e-01,2.398694008588790894e-01,-4.046171903610229492e-01,-2.130612283945083618e-01,1.678684800863265991e-01,3.237886130809783936e-01,-3.538963794708251953e-01,-2.799269510433077812e-03,1.245589256286621094e-01,4.384011775255203247e-02,-2.093779593706130981e-01,2.900046706199645996e-01,-4.619409143924713135e-01,3.587723970413208008e-01,2.452538162469863892e-02,1.591883003711700439e-01,-1.346919685602188110e-01,1.590788215398788452e-01,-1.758787035942077637e-01,-2.182628214359283447e-01,4.056562185287475586e-01,2.794215679168701172e-01,3.914753496646881104e-01,5.731269717216491699e-02,-2.706227898597717285e-01,1.956236511468887329e-01,4.839871823787689209e-02,8.392757922410964966e-02,7.407040894031524658e-02,3.031615018844604492e-01,9.729481488466262817e-02,-2.230313867330551147e-01,3.654725849628448486e-01,-7.777009904384613037e-02,3.980867564678192139e-02,-1.201537251472473145e-01,-1.754655838012695312e-01,3.101153671741485596e-01,-3.228762745857238770e-02,1.745447963476181030e-01,-7.323472201824188232e-02,8.401049301028251648e-03,1.698216795921325684e-01,-1.454927176237106323e-01,-2.411745721474289894e-03,-1.090895161032676697e-01,7.850740849971771240e-02,4.240000247955322266e-01,2.413450740277767181e-02,-1.941560506820678711e-01,-4.357111826539039612e-02,3.117024302482604980e-01,-2.233882099390029907e-01,6.371224671602249146e-02,5.914243683218955994e-02,4.102407991886138916e-01,1.041663810610771179e-01,-5.493742227554321289e-02,1.840843260288238525e-01,-2.062880545854568481e-01,-7.443158328533172607e-02,2.234677970409393311e-01,1.533417403697967529e-02,-1.673297733068466187e-01,-8.544153720140457153e-02,7.505755871534347534e-02,8.059103786945343018e-02,1.002017483115196228e-01,-5.519521608948707581e-02,-3.048914670944213867e-02,2.186511904001235962e-01,1.984174922108650208e-02,-2.169854342937469482e-01,-8.246094733476638794e-02,-3.505908325314521790e-02,-1.088411882519721985e-01,-1.741436719894409180e-01,5.656797066330909729e-02,-4.054854810237884521e-02,2.554492056369781494e-01,-2.245462499558925629e-02,-2.252886593341827393e-01,-1.998071819543838501e-01,1.237879320979118347e-01,2.033263444900512695e-01,1.494590789079666138e-01,-4.393640160560607910e-01,-5.865110158920288086e-01,7.160279154777526855e-02,4.070123285055160522e-02,-2.683590054512023926e-01,4.266521930694580078e-01,3.657156601548194885e-02,4.438120126724243164e-02,1.891301274299621582e-01,3.695367872714996338e-01,-5.272756516933441162e-02,3.177402019500732422e-01,4.290557503700256348e-01,2.878810763359069824e-01,-1.378413289785385132e-01,1.241776049137115479e-01,2.148457020521163940e-01,6.958975642919540405e-02,1.667259447276592255e-02,1.124017834663391113e-01,7.278088480234146118e-02,9.847774356603622437e-02,4.718044400215148926e-01,-1.346686761826276779e-02,2.549510896205902100e-01,2.703859210014343262e-01,-2.334935814142227173e-01,-2.532874941825866699e-01,-8.353962004184722900e-02,-2.186461240053176880e-01,1.361296395771205425e-03,-3.195320367813110352e-01,-1.217323318123817444e-01,-4.387241303920745850e-01,6.406567245721817017e-02,2.939206548035144806e-02,2.404851317405700684e-01,-2.352306544780731201e-01,-3.023887611925601959e-02,7.369437068700790405e-02,2.872423529624938965e-01,1.135425940155982971e-01,-4.602320790290832520e-01,3.784498572349548340e-02,1.483177095651626587e-01,-2.448302656412124634e-01,5.652358010411262512e-02,-1.252139210700988770e-01,2.821372635662555695e-02,-6.910672783851623535e-02,-8.135841041803359985e-02,1.262120008468627930e-01,-1.252391338348388672e-01,1.581343263387680054e-02,3.480190038681030273e-01,2.937048971652984619e-01,-2.636090219020843506e-01,-3.380816578865051270e-01,-3.211930692195892334e-01,-2.368732541799545288e-01,-1.793267577886581421e-01,-9.209368377923965454e-02,-8.817669749259948730e-02,8.028422296047210693e-02,2.647423744201660156e-01,2.720891535282135010e-01,-2.329571172595024109e-03,2.377478331327438354e-01,-9.877607226371765137e-02,-2.329306676983833313e-02,7.583265006542205811e-02,-7.263316959142684937e-02,-1.926334649324417114e-01,6.369130220264196396e-03,-9.483952820301055908e-02,1.399970054626464844e-01,-1.434332281351089478e-01,1.407798677682876587e-01,2.020062878727912903e-02,-2.360248118638992310e-01,3.586868196725845337e-02,-4.599274992942810059e-01,2.952252030372619629e-01,2.807741165161132812e-01,5.900814011693000793e-02,7.725716382265090942e-02,1.452784836292266846e-01,-2.410032451152801514e-01,-1.483373716473579407e-02,-4.751907587051391602e-01,4.817932099103927612e-02,6.640147417783737183e-03,-1.108022853732109070e-01,1.773579120635986328e-01,-2.764518857002258301e-01,-1.027049496769905090e-01,-2.083035409450531006e-01,-9.497304260730743408e-02,1.513404250144958496e-01,-1.412352621555328369e-01,-1.160159930586814880e-01,-5.687141418457031250e-02,1.508932262659072876e-01,1.107892468571662903e-01,1.044525951147079468e-01,1.962285488843917847e-01,-1.112208329141139984e-02,-5.125346779823303223e-02,4.812968969345092773e-01,4.832333326339721680e-02,-1.710030734539031982e-01,6.333744153380393982e-03,1.608949750661849976e-01,6.014793366193771362e-02,-1.917788642458617687e-03,1.101022437214851379e-01,-2.255124896764755249e-01,-3.990966454148292542e-02,-1.638836562633514404e-01,2.968084812164306641e-01,-1.149007007479667664e-01,9.551467746496200562e-02,3.010668233036994934e-02,-1.550436764955520630e-01,3.559451699256896973e-01,-2.620248198509216309e-01,-1.721157878637313843e-01,6.447510421276092529e-02,2.584491372108459473e-01,3.870204091072082520e-01,8.545910008251667023e-03,2.659820020198822021e-01,1.172835454344749451e-01,-4.736287891864776611e-02,2.224193215370178223e-01,4.676560461521148682e-01,-2.173746079206466675e-01,1.889392286539077759e-01,1.572922319173812866e-01,2.826268374919891357e-01,1.166894808411598206e-01,-3.707481920719146729e-01,-2.427561879158020020e-01,-1.044874787330627441e-01,2.749011814594268799e-01,8.781381696462631226e-02,-1.994562894105911255e-01,-4.867291152477264404e-01,4.506169855594635010e-01,-2.616440653800964355e-01,1.117056012153625488e-01,-2.483603209257125854e-01,-1.040553152561187744e-01,-2.370628118515014648e-01,6.708144210278987885e-03,6.518500298261642456e-02,-4.889091104269027710e-02,-1.581179648637771606e-01,2.752615809440612793e-01,-2.471672296524047852e-01,-1.953537017107009888e-01,-5.840022116899490356e-02,-7.213905453681945801e-02,-4.070129692554473877e-01,3.465331159532070160e-03,-5.108643770217895508e-01,-2.978591620922088623e-01,7.587219774723052979e-02,1.917071873322129250e-03,-5.111049860715866089e-02,2.905361652374267578e-01,-9.488737210631370544e-03,4.511606693267822266e-02,2.546306252479553223e-01,3.412082046270370483e-02,-2.458239346742630005e-01,-1.235779002308845520e-01,1.659787744283676147e-01,-1.769506782293319702e-01,-3.202422261238098145e-01,7.134541403502225876e-03,8.319562301039695740e-03,1.014316603541374207e-01,8.177696168422698975e-02,-2.934640347957611084e-01,2.706521563231945038e-02,-4.226456880569458008e-01,2.653422355651855469e-01,7.344899326562881470e-02,-3.869680166244506836e-01,1.284167915582656860e-01,1.440953612327575684e-01,4.648617506027221680e-01,-4.140510782599449158e-02,2.822244465351104736e-01,3.082588873803615570e-02,-1.238231956958770752e-01,-7.860411703586578369e-02,-3.007075376808643341e-02,2.251966446638107300e-01,-1.888453215360641479e-01,-1.525022536516189575e-01,8.709241449832916260e-02,-2.511644549667835236e-02,1.027851253747940063e-01,1.607353985309600830e-01,1.212643161416053772e-01,2.680881023406982422e-01,2.301390096545219421e-02,-1.870591044425964355e-01,-1.336450576782226562e-01,1.318015456199645996e-01,-3.013108968734741211e-01,-3.340551257133483887e-01,3.326681852340698242e-01,-3.602545261383056641e-01,2.441647090017795563e-02,-1.441180557012557983e-01,8.257738500833511353e-02,3.339490890502929688e-01,9.348317235708236694e-02,-2.732499539852142334e-01,-2.537530362606048584e-01,-2.059610001742839813e-02,2.967813238501548767e-02,-4.098256230354309082e-01,4.094857349991798401e-02,-2.239929735660552979e-01,-3.075569868087768555e-02,-1.839008182287216187e-02,-2.686673998832702637e-01,2.376380413770675659e-01,-1.561256051063537598e-01,-3.335122168064117432e-01,1.994850933551788330e-01,8.160903304815292358e-02,1.291303038597106934e-01,1.643696576356887817e-01,-1.281828880310058594e-01,-1.435929089784622192e-01,-1.671700775623321533e-01,3.974626958370208740e-01,-1.944531947374343872e-01,-3.103410303592681885e-01,-3.110079467296600342e-01,-3.422741293907165527e-01,-2.189276069402694702e-01,-3.167185485363006592e-01,3.848513588309288025e-02,8.331745862960815430e-02,-5.690797567367553711e-01,-5.138341337442398071e-02,-3.779055178165435791e-02,3.064171373844146729e-01,-1.579222455620765686e-02,3.180066645145416260e-01,3.327099680900573730e-01,-3.323295712471008301e-02,1.019454672932624817e-01,2.462688833475112915e-01,-4.174733161926269531e-02,9.993893653154373169e-02,2.707850039005279541e-01,1.058911681175231934e-01,-1.086349599063396454e-02,-1.167687028646469116e-01,2.787823081016540527e-01,-8.522278815507888794e-02,-2.821079492568969727e-01,-9.390355646610260010e-02,-2.091077417135238647e-01,6.476125121116638184e-02,-1.506936550140380859e-01,-5.997814238071441650e-02,-8.997493237257003784e-02,-4.060859978199005127e-01,1.013592183589935303e-01,1.128457859158515930e-01,2.760944962501525879e-01,-2.139492332935333252e-01,1.387287210673093796e-02,3.744965195655822754e-01,-9.862354397773742676e-02,-1.277626603841781616e-01,2.238364070653915405e-01,-1.477857083082199097e-01,1.398402154445648193e-01,-1.034277975559234619e-01,9.328347444534301758e-02,-1.189919486641883850e-01,-2.067802250385284424e-01,5.448002219200134277e-01,-1.059259921312332153e-01,2.423772662878036499e-01,-1.695554107427597046e-01,1.558089107275009155e-01,2.716321349143981934e-01,1.348841339349746704e-01,6.997671723365783691e-02,-1.439561247825622559e-01,1.472806632518768311e-01,-1.577986776828765869e-01,-2.803884148597717285e-01,-2.513127028942108154e-01,3.152906596660614014e-01,2.558274269104003906e-01
-4.407080709934234619e-01,6.945395469665527344e-02,-2.885999679565429688e-01,2.509478032588958740e-01,-9.509910643100738525e-02,4.003908634185791016e-01,-1.791767030954360962e-01,3.254340589046478271e-02,-1.962356269359588623e-01,-1.550168842077255249e-01,2.771239578723907471e-01,-8.951070718467235565e-03,-2.546094059944152832e-01,-8.985433727502822876e-02,1.934073120355606079e-01,-4.734534919261932373e-01,3.217645585536956787e-01,-5.191569328308105469e-01,-1.409858465194702148e-01,-1.484584510326385498e-01,3.104001581668853760e-01,-4.023689925670623779e-01,-3.566014468669891357e-01,4.603412002325057983e-02,-3.855964913964271545e-02,5.129211116582155228e-03,-1.788083612918853760e-01,-4.066275060176849365e-02,-5.340743437409400940e-02,-3.955677896738052368e-02,-3.046346008777618408e-01,4.113593101501464844e-01,-3.855481371283531189e-02,3.387694358825683594e-01,3.986985981464385986e-01,-2.289778143167495728e-01,-2.940639257431030273e-01,5.897796526551246643e-02,1.861153692007064819e-01,-7.004629969596862793e-01,6.226947903633117676e-02,-1.215979009866714478e-01,-2.511775493621826172e-01,3.449732661247253418e-01,1.343213617801666260e-01,2.630278170108795166e-01,2.231760695576667786e-02,3.789925947785377502e-02,-3.445550799369812012e-02,3.767626285552978516e-01,2.173602879047393799e-01,1.228090152144432068e-01,1.009601652622222900e-01,4.439854249358177185e-02,-4.111227113753557205e-03,5.987165868282318115e-02,-2.095783650875091553e-01,1.677611023187637329e-01,-1.182069033384323120e-01,8.477145433425903320e-02,3.568720538169145584e-03,-1.553941965103149414e-01,-4.736101329326629639e-01,-1.878217905759811401e-01,-2.765325643122196198e-02,2.707454264163970947e-01,3.808501362800598145e-02,-2.127081751823425293e-01,3.995151724666357040e-03,-1.028073355555534363e-01,5.527606606483459473e-02,-2.788099274039268494e-02,1.748887151479721069e-01,4.485685005784034729e-02,1.412794440984725952e-01,3.289476409554481506e-02,-2.050113677978515625e-01,2.699848115444183350e-01,-4.259967207908630371e-01,3.333638235926628113e-02,3.259240984916687012e-01,-2.412411011755466461e-02,-1.030207201838493347e-01,-2.321856915950775146e-01,-2.035473734140396118e-01,-7.494031637907028198e-02,2.118295431137084961e-01,2.005753107368946075e-02,-3.290273845195770264e-01,-1.040354594588279724e-01,2.002985626459121704e-01,-4.490041732788085938e-02,6.312821805477142334e-02,1.864690184593200684e-01,2.213758826255798340e-01,2.242403924465179443e-01,-1.749005168676376343e-01,-6.451556086540222168e-02,4.008239209651947021e-01,2.290590852499008179e-01,-2.642485797405242920e-01,1.713097542524337769e-01,-5.713854916393756866e-03,1.937098950147628784e-01,2.246401645243167877e-02,2.561882734298706055e-01,9.077925235033035278e-02,-1.090637519955635071e-01,2.952407896518707275e-01,-1.286960989236831665e-01,-3.556795418262481689e-01,2.927121520042419434e-02,1.487873345613479614e-01,4.539965465664863586e-02,1.003656387329101562e-01,-1.093488112092018127e-01,-2.477101422846317291e-02,-1.746246963739395142e-01,-2.204876244068145752e-01,1.620037704706192017e-01,1.604081094264984131e-01,-6.152855157852172852e-01,1.572055816650390625e-01,1.924780309200286865e-01,1.885917931795120239e-01,9.903544932603836060e-02,-1.898594647645950317e-01,-1.347165256738662720e-01,-1.918693035840988159e-01,-6.276902556419372559e-02,5.617895349860191345e-02,2.843136489391326904e-01,2.372028082609176636e-01,3.623218834400177002e-02,-2.941925823688507080e-01,4.579395800828933716e-02,2.409624010324478149e-01,-2.386965453624725342e-01,3.453215956687927246e-01,-8.808920159935951233e-03,-1.587805300951004028e-01,4.299237430095672607e-01,-1.207776833325624466e-02,2.714650630950927734e-01,-8.565054088830947876e-02,-1.584108173847198486e-02,-1.862884759902954102e-01,-2.172729223966598511e-01,4.569211229681968689e-02,-3.483666852116584778e-02,-3.305781781673431396e-01,2.346768230199813843e-02,-1.489326655864715576e-01,-1.754313707351684570e-01,1.694105416536331177e-01,-2.076921015977859497e-01,2.736255228519439697e-01,5.673992037773132324e-01,-5.684373527765274048e-02,-1.491748392581939697e-01,-4.535752534866333008e-02,-2.359865931794047356e-03,-2.087972462177276611e-01,-1.198351308703422546e-01,1.624838858842849731e-01,2.516294084489345551e-02,3.690122961997985840e-01,2.536195144057273865e-02,-9.314817190170288086e-02,2.170048281550407410e-02,1.553352177143096924e-01,2.471086680889129639e-01,-1.911135017871856689e-01,1.520500630140304565e-01,-3.086881153285503387e-02,2.167754322290420532e-01,-6.160054355859756470e-02,-1.906773447990417480e-01,2.022498548030853271e-01,1.661833226680755615e-01,-1.893992125988006592e-01,-2.636730670928955078e-01,2.173089832067489624e-01,1.688200831413269043e-01,3.039187192916870117e-01,-3.701801598072052002e-01,1.336572617292404175e-01,2.288791090250015259e-01,1.110438928008079529e-01,3.812411054968833923e-02,3.115798532962799072e-02,-4.306015372276306152e-02,-9.705767780542373657e-02,2.183362096548080444e-01,1.228908225893974304e-01,2.192423790693283081e-01,-2.272111326456069946e-01,-2.464650422334671021e-01,-4.475288689136505127e-01,-3.596150502562522888e-02,-3.603970110416412354e-01,-2.270644996315240860e-03,-3.093714118003845215e-01,-2.002794593572616577e-01,-4.838684573769569397e-02,2.426740080118179321e-01,-5.245673656463623047e-01,1.866216361522674561e-01,-1.445262134075164795e-01,-4.717867374420166016e-01,1.443147510290145874e-01,-1.108993068337440491e-01,2.192489504814147949e-01,1.796512603759765625e-01,-3.172229230403900146e-02,2.231276035308837891e-01,1.022368818521499634e-01,1.411954909563064575e-01,2.059902437031269073e-02,3.582043945789337158e-01,-2.189779132604598999e-01,-6.419895291328430176e-01,-2.523603439331054688e-01,-5.272987857460975647e-02,1.497441343963146210e-02,-1.439479738473892212e-01,-2.597706951200962067e-02,3.460023701190948486e-01,-8.506245212629437447e-04,-2.939257770776748657e-02,-2.709382772445678711e-01,-4.062635302543640137e-01,-3.731563091278076172e-01,-5.998440980911254883e-01,-4.044455885887145996e-01,1.959673911333084106e-01,4.980257451534271240e-01,-3.363396525382995605e-01,-2.089013531804084778e-02,1.167227327823638916e-01,3.545689284801483154e-01,-5.512623116374015808e-02,-3.111670315265655518e-01,1.479224264621734619e-01,9.583807736635208130e-02,-2.880119383335113525e-01,3.640166819095611572e-01,1.229766160249710083e-01,2.522083371877670288e-02,-3.473871154710650444e-03,-4.396096989512443542e-02,-2.994189411401748657e-02,1.591620594263076782e-01,1.835619211196899414e-01,-2.596288323402404785e-01,2.657481133937835693e-01,-1.433193534612655640e-01,-1.149758771061897278e-01,1.656918376684188843e-01,-7.208134047687053680e-03,6.363034248352050781e-02,2.135221213102340698e-01,-2.687624990940093994e-01,7.726748473942279816e-03,-2.064826339483261108e-01,2.425579279661178589e-01,1.175735816359519958e-01,2.943990826606750488e-01,-3.277907967567443848e-01,-6.134242750704288483e-03,3.120829910039901733e-02,-4.755564033985137939e-01,-2.970067262649536133e-01,-1.702812165021896362e-01,1.262427866458892822e-01,2.110192328691482544e-01,2.144815176725387573e-01,5.598700419068336487e-02,9.842718392610549927e-02,-3.911580890417098999e-02,-1.922688931226730347e-01,-2.431030869483947754e-01,8.146307617425918579e-02,5.676083266735076904e-02,-2.240375876426696777e-01,-3.259336343035101891e-03,1.033238694071769714e-01,2.180513441562652588e-01,2.315407991409301758e-02,-3.063635230064392090e-01,-5.300749465823173523e-02,-1.186477988958358765e-01,-4.879544675350189209e-02,-2.478360384702682495e-01,-2.564479829743504524e-03,2.533337473869323730e-01,-1.549578011035919189e-01,-2.191514372825622559e-01,-3.915425017476081848e-02,1.911048889160156250e-01,7.623472809791564941e-02,2.717821598052978516e-01,-3.055596724152565002e-02,6.641943007707595825e-02,2.063997685909271240e-01,1.998140513896942139e-01,2.190484404563903809e-01,4.697592556476593018e-01,-5.389151629060506821e-03,3.946833610534667969e-01,5.034890398383140564e-02,1.808749288320541382e-01,1.683924645185470581e-01,-3.044045865535736084e-01,-2.032433450222015381e-01,-1.258391588926315308e-01,-1.333653777837753296e-01,-8.837100118398666382e-02,1.825630962848663330e-01,1.356528252363204956e-01,-1.502150148153305054e-01,-5.815624073147773743e-02,1.863933354616165161e-01,-3.075555860996246338e-01,4.147502779960632324e-02,-4.591316282749176025e-01,-9.490380436182022095e-02,4.004605580121278763e-03,6.073617935180664062e-02,1.888741701841354370e-01,-3.714306978508830070e-03,-1.015944182872772217e-01,-1.677042096853256226e-01,1.160054355859756470e-01,1.532236784696578979e-01,-1.705834269523620605e-02,-1.612039655447006226e-01,1.955100297927856445e-01,1.760047525167465210e-01,3.766695559024810791e-01,2.339655309915542603e-01,-3.885161131620407104e-02,-6.959377974271774292e-02,-1.749913543462753296e-01,2.090352624654769897e-01,-4.277225434780120850e-01,-4.812195152044296265e-02,2.965180575847625732e-01,-5.075046792626380920e-02,2.542181313037872314e-01,-3.039716742932796478e-02,-4.321231972426176071e-03,-1.453501135110855103e-01,-3.289282321929931641e-01,-1.444728523492813110e-01,5.043556168675422668e-02,-5.687410011887550354e-02,5.751772597432136536e-02,2.965284585952758789e-01,-4.317839816212654114e-02,7.413204014301300049e-02,1.251419186592102051e-01,2.969554625451564789e-02,-5.366439819335937500e-01,-3.578042685985565186e-01,-2.379188537597656250e-01,4.333586990833282471e-02,-1.246156468987464905e-01,1.096925735473632812e-01,-4.175945222377777100e-01,2.433815151453018188e-01,9.426581114530563354e-02,-5.672582238912582397e-02,2.096277773380279541e-01,2.257927805185317993e-01,1.528835892677307129e-01,-2.829577960073947906e-02,2.391772568225860596e-01,-2.864446938037872314e-01,3.121692836284637451e-01,-1.446295529603958130e-01,-3.819186687469482422e-01,1.541685461997985840e-01,8.157405257225036621e-02,-2.677740752696990967e-01,-3.171184062957763672e-01,6.996031105518341064e-02,-4.435048103332519531e-01,-1.205940917134284973e-01,3.881056904792785645e-01,-7.992806285619735718e-02,3.395644724369049072e-01,-3.449060320854187012e-01,9.104424715042114258e-02,1.447315663099288940e-01,-5.257897973060607910e-01,2.264972776174545288e-01,-1.430033743381500244e-01,-3.764688968658447266e-01,1.937555968761444092e-01,5.530796572566032410e-02,-2.230428159236907959e-01,-9.260154515504837036e-02,-1.708172857761383057e-01,-2.545330524444580078e-01,9.808625280857086182e-02,-1.745814457535743713e-02,3.592016100883483887e-01,4.160499870777130127e-01,2.815434336662292480e-02,1.664132773876190186e-01,8.794558048248291016e-02,1.157876849174499512e-01,2.793945074081420898e-01,-1.028776690363883972e-01,2.232036888599395752e-01,-2.190763354301452637e-01,1.073990017175674438e-02,1.693439334630966187e-01,1.224444527179002762e-02,6.961033493280410767e-02,-1.749503761529922485e-01,-4.519122242927551270e-01,-1.914781779050827026e-01,-3.130125701427459717e-01,-1.173838376998901367e-01,3.494708538055419922e-01,-7.261942327022552490e-02,3.977904319763183594e-01,-2.740037739276885986e-01,-1.696703732013702393e-01,1.299237161874771118e-01,-1.719517707824707031e-01,8.819083124399185181e-02,1.610364466905593872e-01,7.655761390924453735e-02,-1.025021150708198547e-01,-1.921075582504272461e-02,-1.227628365159034729e-01,7.553359027951955795e-04,-1.634813547134399414e-01,9.479697048664093018e-02,3.116629123687744141e-01,1.647991091012954712e-01,-1.062616147100925446e-02,-2.516930699348449707e-01,3.027217686176300049e-01,-8.823744207620620728e-02,-3.763742148876190186e-01,-4.598162770271301270e-01,1.240924298763275146e-01,-1.716385334730148315e-01,-5.963394790887832642e-02,-4.602304473519325256e-02,-1.884422749280929565e-01,7.639649510383605957e-01,-1.792704612016677856e-01,4.833401367068290710e-02,4.483345150947570801e-01,7.771444320678710938e-02,-8.881494402885437012e-02,-2.237238734960556030e-01,-7.538568228483200073e-02,-2.043958008289337158e-01,3.814049437642097473e-02,1.225630417466163635e-01,-1.727565824985504150e-01,-1.029779538512229919e-01,-1.868115663528442383e-01,1.729471236467361450e-01,1.605981402099132538e-02,6.745342165231704712e-02,2.307909876108169556e-01,-2.816765010356903076e-02,-1.430229395627975464e-01,-1.205273270606994629e-01,1.092214435338973999e-01,-7.805856317281723022e-02,-1.738833189010620117e-01,2.984513044357299805e-01,-1.727372291497886181e-03,1.667428761720657349e-01,-3.178433775901794434e-01,1.764615923166275024e-01,4.660578444600105286e-02,3.179154694080352783e-01,-7.656602561473846436e-02,1.316044628620147705e-01,5.472330451011657715e-01,1.277213543653488159e-01,-1.262085288763046265e-01,3.168399259448051453e-02,-2.543195188045501709e-01,-1.661536097526550293e-01,7.141409907490015030e-03,-1.453342884778976440e-01,-4.027540683746337891e-01,5.840917676687240601e-02,-1.702042818069458008e-01,3.471488952636718750e-01,-2.057114988565444946e-01,-1.505438834428787231e-01,5.001596733927726746e-02,3.489681482315063477e-01,2.035216838121414185e-01,1.907055675983428955e-01,-1.432993859052658081e-01,1.099992310628294945e-03,-2.687038294970989227e-02,-2.195721119642257690e-02,1.281973868608474731e-01,9.482272714376449585e-02,-7.963291369378566742e-03,1.708242634776979685e-04,5.629830807447433472e-02,-3.823096156120300293e-01,-9.570743888616561890e-03,-1.223496645689010620e-01,-1.105608046054840088e-01,-1.676559299230575562e-01,-4.907291531562805176e-01,5.446955934166908264e-02,-3.407629132270812988e-01,-3.934311568737030029e-01,-3.278521448373794556e-02,8.522915840148925781e-02,2.102833539247512817e-01,-1.080710366368293762e-01,5.787524580955505371e-02,2.605898380279541016e-01,2.447525598108768463e-02,-3.567886948585510254e-01,1.325319856405258179e-01,1.444555222988128662e-01,-2.510375678539276123e-01,-9.923664480447769165e-02,-3.770783543586730957e-02,7.846385240554809570e-02,3.581163659691810608e-02,-3.288514018058776855e-01,-1.706531196832656860e-01,2.551355957984924316e-01,3.335664272308349609e-01,-6.811325997114181519e-02,1.266725361347198486e-01,-9.018723964691162109e-01,-9.399406611919403076e-02,-2.152513414621353149e-01,2.952279448509216309e-01,-2.708751857280731201e-01,2.983397338539361954e-03,2.910391688346862793e-01,9.838160872459411621e-02,1.087901443243026733e-01,-7.130058854818344116e-02,-9.689947217702865601e-02,2.568863630294799805e-01,-6.076708436012268066e-01,1.111953034996986389e-01,3.973327875137329102e-01,1.590190082788467407e-01,7.730752229690551758e-02,-3.757718801498413086e-01,6.317024827003479004e-01,3.643412142992019653e-02,1.489791925996541977e-02,1.731701344251632690e-01,4.767272621393203735e-02,3.406445384025573730e-01,4.829967394471168518e-02,-3.160389363765716553e-01,3.249170482158660889e-01,-2.570364773273468018e-01,3.902567625045776367e-01,1.154688671231269836e-01,-5.977806448936462402e-02,-3.443558141589164734e-02,3.592980802059173584e-01,3.315513134002685547e-01,-3.952473700046539307e-01,1.914094090461730957e-01,-8.176872134208679199e-02,8.080683648586273193e-02,-1.032058149576187134e-01,9.171896614134311676e-03,3.142260015010833740e-01,2.761841714382171631e-01,-3.220261335372924805e-01,-2.621588408946990967e-01,-1.607204079627990723e-01,2.704951353371143341e-02,3.469519317150115967e-01,1.502723097801208496e-01,1.814142465591430664e-01,-3.178547620773315430e-01,1.224962174892425537e-01,2.471612393856048584e-01,-2.987802773714065552e-02,2.352169454097747803e-01,2.546790800988674164e-02,-4.423612654209136963e-01,-1.071090325713157654e-01,-6.299013271927833557e-03,-3.735918924212455750e-02,-1.975033283233642578e-01,-7.377884536981582642e-02,-4.286490753293037415e-02,3.065908513963222504e-02,1.328631639480590820e-01,1.688368916511535645e-01,2.201925963163375854e-01,3.064857423305511475e-01,-1.186669170856475830e-01,-2.021761834621429443e-01,5.179374292492866516e-02,-2.033562213182449341e-01,2.566805183887481689e-01,-2.144650071859359741e-01,3.545670583844184875e-02,7.090794295072555542e-02,3.470824062824249268e-01,3.128105998039245605e-01,-1.768052726984024048e-01,-6.795816868543624878e-02,1.263097524642944336e-01,-8.329219371080398560e-02,5.050787925720214844e-01,3.702369630336761475e-01,2.335976660251617432e-01,9.470397979021072388e-02,-1.526998579502105713e-01,-8.709285408258438110e-02,-2.409429401159286499e-01,-3.190787136554718018e-01,2.067132294178009033e-01,2.178478688001632690e-01,-5.758585929870605469e-01,-5.657264217734336853e-02,9.083743393421173096e-02,-3.813823759555816650e-01,-7.483151555061340332e-02,1.176695749163627625e-01,-1.733699254691600800e-02,1.429330557584762573e-01,-7.108142133802175522e-03,-7.148820757865905762e-01,3.257332444190979004e-01,6.548368837684392929e-03,-8.778943866491317749e-02,1.244264468550682068e-01,1.982197314500808716e-01,1.531649678945541382e-01,-4.374340176582336426e-01,5.949364043772220612e-03,2.952409163117408752e-02,-2.146852463483810425e-01,1.727608889341354370e-01,2.105374820530414581e-02,4.320315122604370117e-01,-4.266578853130340576e-01,4.669546708464622498e-02,-2.028957456350326538e-01,9.575916081666946411e-02,-2.827680436894297600e-03,8.665371686220169067e-02,4.160361737012863159e-02,-2.409246750175952911e-02,5.130047351121902466e-02,-5.225255712866783142e-02,2.522157132625579834e-01,-2.593752555549144745e-02,-1.087581962347030640e-01,-2.891678214073181152e-01,-1.749464720487594604e-01,-2.957634329795837402e-01,6.254253983497619629e-01,-1.464618593454360962e-01,1.495803147554397583e-01,-4.603378176689147949e-01,8.997051417827606201e-02,9.249457716941833496e-02,-2.285535335540771484e-01,-7.984227687120437622e-02,3.055002689361572266e-01,2.894338667392730713e-01,-3.036368638277053833e-02,7.578714936971664429e-02,-3.859217762947082520e-01,3.054504394531250000e-01,3.785481303930282593e-02,5.418065190315246582e-01,2.527491152286529541e-01,-1.250453442335128784e-01,-7.292607426643371582e-01,-2.673229873180389404e-01,-1.042244769632816315e-02,2.772403061389923096e-01,-2.098622769117355347e-01,-6.806031465530395508e-01,-3.322563767433166504e-01,8.610659092664718628e-02,8.254002779722213745e-02,1.610336266458034515e-02,3.388653397560119629e-01,-1.839155517518520355e-02,-3.201591968536376953e-01,1.704143136739730835e-01,-9.670121967792510986e-02,-1.348910331726074219e-01,-1.654997766017913818e-01,6.454304605722427368e-02,1.042298600077629089e-01,1.098610535264015198e-01,-7.406111061573028564e-02,-1.129770502448081970e-01,2.731295824050903320e-01,-1.547575443983078003e-01,1.942388862371444702e-01,3.386184945702552795e-02,-1.628208905458450317e-01,1.033661216497421265e-01,2.373995780944824219e-01,-2.679314315319061279e-01,2.965337783098220825e-02,3.552602827548980713e-01,-1.035921722650527954e-01,3.964202851057052612e-02,6.547390669584274292e-02,-9.850537776947021484e-02,-8.153203129768371582e-02,-4.270613193511962891e-01,1.722313463687896729e-01,-3.873816505074501038e-02,2.116620168089866638e-02,2.716607600450515747e-02,1.124021038413047791e-02,-3.761675953865051270e-02,-4.236914813518524170e-01,1.274514943361282349e-01,-2.837934195995330811e-01,1.481091827154159546e-01,-2.561195380985736847e-02,-5.507753491401672363e-01,-2.009528577327728271e-01,-3.574750721454620361e-01,-1.558167338371276855e-01,3.818911965936422348e-03,2.446933276951313019e-02,2.820390462875366211e-01,3.150463402271270752e-01,-2.157282978296279907e-01,9.848406165838241577e-02,-4.148966670036315918e-01,-3.161195218563079834e-01,1.506346166133880615e-01,3.042215406894683838e-01,-1.768326908349990845e-01,2.158706486225128174e-01,-1.922654807567596436e-01,2.037743777036666870e-01,-6.885928660631179810e-02,-3.971514105796813965e-02,4.285556450486183167e-02,6.418433040380477905e-02,-2.321124225854873657e-01,2.175662666559219360e-01,-1.193895488977432251e-01,4.064214602112770081e-02
-9.077192842960357666e-02,1.121808588504791260e-01,1.348412036895751953e-01,2.696314826607704163e-02,2.892806380987167358e-02,1.507392376661300659e-01,2.843608334660530090e-02,3.339212760329246521e-02,-7.370647042989730835e-02,1.987223327159881592e-01,-1.690188944339752197e-01,-6.060307845473289490e-02,1.664505898952484131e-01,1.868258975446224213e-02,-2.735598087310791016e-01,-8.600559830665588379e-02,-1.429494172334671021e-01,1.615166105329990387e-02,9.809546917676925659e-02,8.159649372100830078e-02,-1.818680167198181152e-01,-8.147543296217918396e-03,-2.259886451065540314e-02,6.286043673753738403e-02,2.670570015907287598e-01,-1.213123369961977005e-02,2.658967971801757812e-01,-6.454631686210632324e-02,1.205330491065979004e-01,1.539089679718017578e-01,-2.089260704815387726e-02,9.698992222547531128e-02,-5.158333852887153625e-02,-9.169126302003860474e-02,5.488252639770507812e-02,6.985046784393489361e-04,-1.668116748332977295e-01,-1.345773879438638687e-02,-1.145408153533935547e-01,1.720075309276580811e-01,2.509288787841796875e-01,1.923391968011856079e-01,-9.066278487443923950e-02,-4.653498157858848572e-02,2.213298976421356201e-01,2.392810881137847900e-01,-1.227231249213218689e-01,5.731565132737159729e-02,-1.667574793100357056e-01,-2.520316839218139648e-01,-1.177426874637603760e-01,-9.599209763109683990e-03,1.327479630708694458e-01,1.105678305029869080e-01,-2.191244959831237793e-01,-3.467440605163574219e-02,7.470690459012985229e-02,-1.743608862161636353e-01,-2.035387158393859863e-01,-8.591785281896591187e-02,1.560728698968887329e-01,8.879046887159347534e-02,-2.801162004470825195e-01,1.663031578063964844e-01,-7.443022727966308594e-02,1.558884382247924805e-01,1.335061639547348022e-01,7.007735222578048706e-02,2.250290475785732269e-02,-1.494432985782623291e-01,-1.386592835187911987e-01,-6.428304314613342285e-02,-1.983219087123870850e-01,1.729928702116012573e-01,9.375894814729690552e-02,-2.950171567499637604e-02,-2.081432491540908813e-01,-6.397265195846557617e-02,8.590584248304367065e-02,-7.914433255791664124e-03,-1.260119974613189697e-01,1.244275420904159546e-01,2.278088480234146118e-01,2.085535600781440735e-02,-1.082206368446350098e-01,8.699632436037063599e-02,2.440893501043319702e-01,-4.752427339553833008e-02,5.253832042217254639e-02,5.663670971989631653e-02,-2.082278430461883545e-01,-1.117277666926383972e-01,3.521822094917297363e-01,-1.266908943653106689e-01,-1.475440151989459991e-02,-7.541370391845703125e-02,-2.084033787250518799e-01,1.287161260843276978e-01,-1.156608611345291138e-01,4.207776114344596863e-02,-6.056221202015876770e-02,1.608532220125198364e-01,8.991505950689315796e-02,4.494092985987663269e-02,-4.229938238859176636e-02,-1.201643347740173340e-01,-7.005632389336824417e-03,-1.789591610431671143e-01,-8.111658692359924316e-02,1.609463691711425781e-01,-9.445536881685256958e-02,9.746872633695602417e-02,-1.085280179977416992e-01,-3.555577620863914490e-02,2.967709116637706757e-02,-7.548914849758148193e-02,-3.567779809236526489e-02,-2.642516233026981354e-02,-1.657651737332344055e-02,3.391656279563903809e-02,2.350934445858001709e-01,-8.110913634300231934e-02,-3.724634647369384766e-02,-3.372814133763313293e-02,7.498166710138320923e-02,2.065791487693786621e-01,9.795658290386199951e-02,-1.912655681371688843e-01,1.161040589213371277e-01,-1.726138219237327576e-02,2.145779877901077271e-02,-1.209699064493179321e-01,-1.145966351032257080e-01,3.317460715770721436e-01,2.347891926765441895e-01,1.360700279474258423e-01,-3.569925203919410706e-02,-1.062567234039306641e-01,-2.220354974269866943e-01,3.018251433968544006e-02,7.650988548994064331e-02,-3.216228485107421875e-01,4.234104976058006287e-02,7.102032005786895752e-02,6.715933978557586670e-02,-6.588317453861236572e-02,1.115288808941841125e-01,-9.398292750120162964e-02,7.952810823917388916e-02,-6.052000448107719421e-02,8.379524946212768555e-02,-2.035288363695144653e-01,-4.930166900157928467e-02,6.599771976470947266e-02,-6.260825693607330322e-02,-1.341335922479629517e-01,-1.061030942946672440e-02,2.161467075347900391e-01,-1.354540884494781494e-01,-1.361690759658813477e-01,6.766404211521148682e-02,-1.711492799222469330e-02,-3.071726113557815552e-02,1.312172859907150269e-01,-3.539864718914031982e-02,-1.347188800573348999e-01,1.466198712587356567e-01,-1.412524580955505371e-01,-2.343352586030960083e-01,-2.270391136407852173e-01,-3.253530710935592651e-02,-4.460103437304496765e-02,3.603358287364244461e-03,8.990495465695858002e-03,5.153619125485420227e-02,-2.303464710712432861e-01,8.819940499961376190e-03,1.892703920602798462e-01,1.245926916599273682e-01,-1.517249643802642822e-02,-9.792783856391906738e-02,-9.577429294586181641e-02,-1.882908940315246582e-01,5.801936239004135132e-02,-1.795257627964019775e-01,9.188171476125717163e-02,8.502088487148284912e-02,-1.081992760300636292e-01,-2.662902176380157471e-01,-4.490370303392410278e-02,9.531145542860031128e-02,-8.800759166479110718e-02,-1.105904728174209595e-01,1.324064433574676514e-01,-1.767266094684600830e-01,-3.799870610237121582e-02,1.280065346509218216e-02,-4.918998479843139648e-02,-1.917335540056228638e-01,-1.924715340137481689e-01,6.822846084833145142e-02,2.005916461348533630e-02,8.894515223801136017e-03,4.213362932205200195e-02,1.420420706272125244e-01,-9.248825907707214355e-02,6.387826986610889435e-03,9.082292206585407257e-03,-9.359410032629966736e-03,-6.204462051391601562e-02,-2.113588154315948486e-01,-1.848403215408325195e-01,7.850111275911331177e-02,1.094267144799232483e-01,-5.393344163894653320e-02,-5.057075526565313339e-03,-2.416025996208190918e-01,-7.173693925142288208e-02,3.208503499627113342e-02,-1.837103068828582764e-02,1.119205430150032043e-01,-6.346587091684341431e-02,-8.718798309564590454e-02,9.319820255041122437e-02,-1.416252739727497101e-02,2.269752621650695801e-01,6.481581181287765503e-02,2.109776996076107025e-02,-1.903684884309768677e-01,-1.143762916326522827e-01,1.413811445236206055e-01,-4.454952478408813477e-02,1.962788105010986328e-01,2.064738869667053223e-01,1.007394790649414062e-01,-5.951300263404846191e-02,4.433139786124229431e-02,6.776969879865646362e-02,9.229309111833572388e-02,-2.573251258581876755e-04,-2.319830209016799927e-01,6.899839639663696289e-02,1.799588836729526520e-02,4.008797556161880493e-02,-1.812180578708648682e-01,1.380074769258499146e-01,1.559724062681198120e-01,1.492083221673965454e-01,5.149029940366744995e-02,-5.538219958543777466e-02,-1.714716851711273193e-01,-5.865397304296493530e-02,-2.214824594557285309e-02,-3.081886284053325653e-02,1.173230470158159733e-03,-1.035685557872056961e-02,1.453999876976013184e-01,1.869009733200073242e-01,1.390338391065597534e-01,-4.679025709629058838e-02,-1.373193711042404175e-01,-6.019872426986694336e-02,6.196707114577293396e-02,5.043221265077590942e-02,-9.180737659335136414e-03,-6.300035119056701660e-02,6.139878928661346436e-02,-2.921597659587860107e-01,-1.041467115283012390e-01,-4.206346720457077026e-02,5.987128987908363342e-02,-4.495700821280479431e-02,-2.367572784423828125e-01,6.460498273372650146e-02,1.108631268143653870e-01,-9.397859685122966766e-03,-4.197018966078758240e-02,-1.917681246995925903e-01,-5.582377687096595764e-02,1.085557118058204651e-01,2.029118537902832031e-01,-1.441504806280136108e-01,-7.842801511287689209e-02,-3.127150237560272217e-02,8.016097545623779297e-02,-1.766619831323623657e-02,-5.250456184148788452e-02,-8.521163463592529297e-02,-3.648525103926658630e-02,-3.128552809357643127e-02,-1.460256576538085938e-01,1.445930600166320801e-01,-8.048285543918609619e-02,-1.134872138500213623e-01,3.352487087249755859e-02,1.388624161481857300e-01,-2.304470539093017578e-01,-4.386414214968681335e-02,5.007358267903327942e-04,2.118716686964035034e-01,-1.425879821181297302e-02,-1.625804603099822998e-01,-6.587281078100204468e-02,-1.485007256269454956e-01,2.600046060979366302e-02,-5.737636238336563110e-02,1.313096936792135239e-02,-2.122160047292709351e-01,5.869873613119125366e-02,-2.539422512054443359e-01,2.992770262062549591e-02,-1.453015487641096115e-02,-1.800984442234039307e-01,8.534934371709823608e-02,1.136711835861206055e-01,7.692462950944900513e-02,7.618750631809234619e-02,2.812046324834227562e-03,-1.201841682195663452e-01,5.027922987937927246e-02,1.098673343658447266e-01,-3.741487264633178711e-01,8.594394475221633911e-02,6.030905619263648987e-02,-3.263458609580993652e-02,9.978089481592178345e-02,2.017610939219594002e-03,-2.947771362960338593e-02,-2.893179655075073242e-03,1.944343894720077515e-01,5.639873445034027100e-02,1.025357246398925781e-01,8.285159710794687271e-04,1.995383203029632568e-01,-5.221702158451080322e-02,-2.399099022150039673e-01,1.416137218475341797e-01,1.404968183487653732e-02,-6.655736267566680908e-02,-2.120997160673141479e-01,4.659001901745796204e-02,-4.981246963143348694e-02,1.225785464048385620e-01,2.823678553104400635e-01,-3.025241382420063019e-02,1.747117936611175537e-01,1.824875026941299438e-01,-1.568006575107574463e-01,2.281667292118072510e-01,1.938872933387756348e-01,1.127561628818511963e-01,-1.795587502419948578e-02,8.624476194381713867e-02,2.242248803377151489e-01,3.319268673658370972e-02,2.130040228366851807e-01,1.174051538109779358e-01,-1.953085362911224365e-01,4.080016165971755981e-02,-9.736273437738418579e-03,7.792124152183532715e-02,-5.160432308912277222e-02,3.669385612010955811e-01,-2.107306150719523430e-03,5.921134725213050842e-02,-2.218254655599594116e-01,2.397941611707210541e-02,-4.616774991154670715e-02,-1.110066473484039307e-01,1.579112410545349121e-01,4.674391075968742371e-02,2.394990064203739166e-03,2.993659079074859619e-01,-9.437109529972076416e-02,1.547941863536834717e-01,-5.770466476678848267e-02,-3.647972131147980690e-03,1.285686641931533813e-01,1.462066322565078735e-01,4.679500591009855270e-03,-1.262081712484359741e-01,-1.103131249547004700e-01,1.912068724632263184e-01,1.014961451292037964e-01,-6.844246387481689453e-02,2.445210069417953491e-01,8.934862911701202393e-02,-9.468163549900054932e-02,-3.668303787708282471e-02,-6.473024934530258179e-02,-1.233538165688514709e-01,-2.179578691720962524e-01,-1.194060146808624268e-01,2.622547149658203125e-01,1.506113708019256592e-01,1.414520889520645142e-01,-1.201298236846923828e-01,-2.179490774869918823e-01,1.791820079088211060e-01,-1.370496600866317749e-01,-1.696143597364425659e-01,2.508525550365447998e-01,1.275776624679565430e-01,2.750504910945892334e-01,-1.763492971658706665e-01,9.497094154357910156e-02,1.005735099315643311e-01,-1.274679452180862427e-01,-1.781898885965347290e-01,2.026953250169754028e-01,-1.076692715287208557e-01,-6.026732549071311951e-02,3.049003183841705322e-01,9.843207895755767822e-02,8.697342872619628906e-02,9.967976808547973633e-02,1.647505313158035278e-01,-2.045070976018905640e-01,-3.953364118933677673e-02,1.291595846414566040e-01,-1.098774746060371399e-02,-1.173433139920234680e-01,2.186905890703201294e-01,7.069711387157440186e-02,-2.057948559522628784e-01,8.325218409299850464e-02,5.935372039675712585e-02,6.728228926658630371e-02,1.863852441310882568e-01,-1.472536176443099976e-01,-1.910154242068529129e-03,9.163779020309448242e-02,-9.142593294382095337e-02,-4.196940362453460693e-02,1.198717653751373291e-01,5.595014244318008423e-02,-2.415316365659236908e-02,-6.213707476854324341e-02,-1.450442373752593994e-01,4.598955437541007996e-02,9.723325818777084351e-02,1.600607335567474365e-01,-1.690444797277450562e-01,-3.366953879594802856e-02,8.400290459394454956e-02,-8.025418967008590698e-02,7.444447278976440430e-02,-2.143700867891311646e-01,-1.324116438627243042e-02,1.219024285674095154e-01,-1.445398032665252686e-01,1.470350623130798340e-01,1.183951944112777710e-01,-1.491587460041046143e-01,-5.771314725279808044e-02,5.871427059173583984e-02,1.532453596591949463e-01,2.488024979829788208e-01,5.169055610895156860e-02,5.956792086362838745e-02,-1.109161674976348877e-01,-7.308775931596755981e-02,1.656456477940082550e-02,1.351888030767440796e-01,3.759638592600822449e-02,4.697189107537269592e-02,9.022361040115356445e-02,2.036919146776199341e-01,1.461073309183120728e-01,-2.550380825996398926e-01,-2.457062341272830963e-02,2.153012752532958984e-01,2.995874881744384766e-01,7.197941839694976807e-02,-9.831990301609039307e-02,1.356279999017715454e-01,1.249468624591827393e-01,-1.377381682395935059e-01,4.552729800343513489e-02,3.736142069101333618e-02,6.373471021652221680e-02,3.748882934451103210e-02,2.458916157484054565e-01,1.051906868815422058e-01,-9.149827808141708374e-02,7.933127135038375854e-02,-2.218549512326717377e-02,1.327976435422897339e-01,-1.482936367392539978e-02,-2.023463323712348938e-02,-4.798845201730728149e-02,2.058619856834411621e-01,3.814281895756721497e-02,1.985560357570648193e-01,2.763367444276809692e-02,5.104257538914680481e-02,9.679234027862548828e-02,5.499390885233879089e-02,-7.951789349317550659e-02,2.238461934030056000e-02,-6.600715219974517822e-02,4.438678547739982605e-02,1.528081595897674561e-01,4.610994458198547363e-01,6.249594688415527344e-02,-1.012406274676322937e-01,1.923330128192901611e-01,2.432348430156707764e-01,-2.542811036109924316e-01,1.053983345627784729e-01,1.053482070565223694e-01,3.327208757400512695e-02,2.674875259399414062e-01,-4.982672631740570068e-02,-2.283709794282913208e-01,-7.545760273933410645e-02,-1.518257558345794678e-01,-2.455752044916152954e-01,-8.737709373235702515e-02,2.562104165554046631e-02,-8.949394105002284050e-04,-1.559897325932979584e-02,-7.813693583011627197e-02,-3.040612302720546722e-02,1.971342787146568298e-02,2.976748719811439514e-02,-1.476197689771652222e-02,-2.406289614737033844e-02,-4.545765742659568787e-02,-2.380963563919067383e-01,4.543305560946464539e-02,1.196692734956741333e-01,-9.388189017772674561e-02,6.953379511833190918e-02,-1.289764046669006348e-02,1.920215785503387451e-01,1.325344387441873550e-02,1.538888514041900635e-01,2.617916166782379150e-01,-2.922355383634567261e-02,-1.606403887271881104e-01,2.145894169807434082e-01,-2.250895351171493530e-01,-1.567706763744354248e-01,-3.841876611113548279e-02,-5.788879841566085815e-02,1.086464524269104004e-01,4.367521777749061584e-02,1.282498054206371307e-02,-2.032494693994522095e-01,2.695586085319519043e-01,-1.030508056282997131e-01,5.178642459213733673e-03,9.997392445802688599e-02,-1.310207545757293701e-01,-7.310991734266281128e-02,-1.112647429108619690e-01,-3.282635286450386047e-02,-8.606577664613723755e-02,-1.005587279796600342e-01,9.051284193992614746e-02,-1.900980919599533081e-01,3.706274926662445068e-02,-8.045826689340174198e-04,2.347720116376876831e-01,-9.107141196727752686e-02,-1.250560730695724487e-01,-3.004836142063140869e-01,4.323071613907814026e-02,2.428776621818542480e-01,2.455901950597763062e-01,1.085692048072814941e-01,-2.036324143409729004e-01,1.839707940816879272e-01,1.535090357065200806e-01,1.113934740424156189e-01,5.342850089073181152e-02,-1.123319193720817566e-01,4.171011224389076233e-02,1.390567421913146973e-01,-4.380180314183235168e-02,1.027722060680389404e-01,3.616532683372497559e-01,-2.210945636034011841e-02,-1.193127408623695374e-01,7.701109349727630615e-02,2.629253081977367401e-02,-1.983479261398315430e-01,8.477587997913360596e-02,2.090801298618316650e-01,3.353208303451538086e-02,-3.418666496872901917e-02,-1.251930147409439087e-01,1.062703430652618408e-01,1.082349047064781189e-01,-2.791932821273803711e-01,7.831078022718429565e-02,-1.190970540046691895e-01,-8.466092497110366821e-02,-2.560461461544036865e-01,1.257268525660037994e-02,3.044710867106914520e-02,1.619715392589569092e-01,9.361536800861358643e-02,-1.527409534901380539e-02,-3.812867030501365662e-02,7.995059341192245483e-02,2.359052747488021851e-01,-2.399552846327424049e-03,1.883239597082138062e-01,-2.047396004199981689e-01,3.559348359704017639e-02,4.952469468116760254e-02,-1.383423060178756714e-01,4.256018996238708496e-02,8.716713637113571167e-02,-1.819774061441421509e-01,-1.146310940384864807e-01,-1.784744262695312500e-01,7.243037223815917969e-02,1.515384316444396973e-01,1.530460119247436523e-01,1.031642779707908630e-01,-1.550365518778562546e-02,-6.775496061891317368e-03,-1.124723032116889954e-01,-1.504505872726440430e-01,-1.149998530745506287e-01,1.155680939555168152e-01,-1.544624418020248413e-01,-3.005688451230525970e-02,-2.006275206804275513e-01,3.011670708656311035e-02,-1.001287847757339478e-01,-1.764615029096603394e-01,-4.898623004555702209e-02,-2.042907029390335083e-01,-1.010731160640716553e-01,-2.019711770117282867e-02,-2.856289446353912354e-01,7.220506668090820312e-02,-4.256198555231094360e-02,-6.230701878666877747e-02,1.752890646457672119e-01,-1.584992259740829468e-01,3.747104108333587646e-02,-7.893577963113784790e-02,-7.873511314392089844e-02,1.489166468381881714e-01,-4.978437907993793488e-03,-2.800033427774906158e-03,9.764883667230606079e-02,-1.408284753561019897e-01,1.777027100324630737e-01,-1.142310351133346558e-01,-7.260654121637344360e-02,-2.017463892698287964e-01,7.733597606420516968e-02,7.015284895896911621e-02,1.988888718187808990e-02,-2.928508259356021881e-02,5.402914062142372131e-02,-3.567505395039916039e-03,-1.987057738006114960e-02,-6.388854235410690308e-02,2.991946339607238770e-01,-1.098603606224060059e-01,5.539998039603233337e-02,-1.199774816632270813e-01,-2.104375511407852173e-01,-2.306229323148727417e-01,-1.994609683752059937e-01,8.391104638576507568e-02,-6.502255331724882126e-03,-2.238797843456268311e-01,-2.523059546947479248e-01,1.161511614918708801e-02,5.913604050874710083e-02,1.709989011287689209e-01,-6.748528778553009033e-02,-7.955756038427352905e-02,-1.711205765604972839e-02,1.903607845306396484e-01,1.173633784055709839e-01,7.437076419591903687e-02,-4.761543124914169312e-02,1.124518811702728271e-01,1.362365391105413437e-02,-1.927510201930999756e-01,3.077072277665138245e-02,2.610606849193572998e-01,1.041302084922790527e-01,-1.973827183246612549e-01,4.339402541518211365e-02,-1.691329181194305420e-01,-1.264789402484893799e-01,1.090169325470924377e-01,1.292863637208938599e-01,-3.277495503425598145e-01,-6.984251737594604492e-02,-9.740518778562545776e-02,8.656963706016540527e-02,2.071602344512939453e-01,7.323773950338363647e-02,-1.588656753301620483e-02,-3.293828293681144714e-02,2.260994762182235718e-01,6.314522773027420044e-02,8.942586928606033325e-02,-1.161523684859275818e-01,2.746263518929481506e-02,4.850515127182006836e-01,-7.853236049413681030e-02,-2.482303604483604431e-02,2.288477271795272827e-01,-3.352469578385353088e-02,1.512180268764495850e-01,8.240150287747383118e-03,6.538833677768707275e-02,-5.041358992457389832e-02,-1.905497610569000244e-01,-1.792607903480529785e-01,9.679182618856430054e-02,-1.381323933601379395e-01,6.429449468851089478e-02,-2.147816717624664307e-01,1.929281204938888550e-01,8.268700540065765381e-02,6.027527153491973877e-02,-1.412288546562194824e-01,1.338925063610076904e-01,-2.980574369430541992e-01,-5.126548931002616882e-02,-6.545948237180709839e-02,2.795924805104732513e-02,-1.864633113145828247e-01,-5.429574474692344666e-02,-7.436422258615493774e-02,-1.065181568264961243e-01,-1.065731495618820190e-01,-5.457967147231101990e-02,9.351573884487152100e-02,1.803406625986099243e-01,-1.046079695224761963e-01,-1.365830600261688232e-01,-5.058537051081657410e-02,1.607908606529235840e-01,-9.556438773870468140e-02,2.689085714519023895e-02,5.732988938689231873e-02,-6.842119246721267700e-02,1.973120681941509247e-02,9.499110281467437744e-02,-2.449412457644939423e-02,-1.909079700708389282e-01,-2.135619521141052246e-01,-7.998926192522048950e-02,-1.343958079814910889e-01,-5.957345664501190186e-02,-2.487017512321472168e-01,1.169033423066139221e-01,2.738146483898162842e-01,-3.325390815734863281e-02,-4.433485865592956543e-02,-1.840279102325439453e-01,-2.449594140052795410e-01,-2.664327025413513184e-01,2.014270126819610596e-01
-4.502459242939949036e-02,2.009196579456329346e-01,4.589024558663368225e-02,1.694740653038024902e-01,-1.000143662095069885e-01,2.606869041919708252e-01,-3.528657183051109314e-02,1.287868432700634003e-02,1.050594449043273926e-01,-1.221975386142730713e-01,-2.131343781948089600e-01,-2.487199157476425171e-01,-3.533555269241333008e-01,4.499167948961257935e-02,-6.031513214111328125e-02,-1.122751384973526001e-01,2.419117093086242676e-01,1.958457380533218384e-01,9.089527279138565063e-02,7.646387070417404175e-02,8.665511012077331543e-02,4.711048305034637451e-02,1.240910664200782776e-01,-6.928543746471405029e-02,9.370782971382141113e-02,-2.783525884151458740e-01,-1.034361720085144043e-01,-1.507836431264877319e-01,-9.635198116302490234e-02,-4.758179783821105957e-01,1.785854250192642212e-01,-3.112067282199859619e-01,2.288474887609481812e-01,1.353254765272140503e-01,2.367195114493370056e-02,2.090724110603332520e-01,-3.627493679523468018e-01,-7.692441344261169434e-02,7.238699495792388916e-02,1.751375496387481689e-01,5.538402199745178223e-01,-7.029433548450469971e-02,2.186884731054306030e-02,-1.879566162824630737e-01,1.328523010015487671e-01,1.693469882011413574e-01,-1.003321930766105652e-01,-2.486492395401000977e-01,-2.429393976926803589e-01,8.710236847400665283e-02,1.348703801631927490e-01,-1.750979423522949219e-01,1.297185719013214111e-01,-1.751619279384613037e-01,1.003564074635505676e-01,2.256517559289932251e-01,2.355404496192932129e-01,3.504679799079895020e-01,4.710638225078582764e-01,5.869576334953308105e-02,3.472611904144287109e-01,-3.375293686985969543e-02,-2.496525645256042480e-01,-3.275434672832489014e-01,1.814853027462959290e-02,-1.203270405530929565e-01,-1.815479621291160583e-02,-1.530468580313026905e-04,1.630332767963409424e-01,-1.488008797168731689e-01,-3.512079417705535889e-01,1.994864456355571747e-02,-8.721031248569488525e-02,-1.144087687134742737e-01,7.781451195478439331e-02,-1.639201194047927856e-01,2.821480035781860352e-01,-3.593484312295913696e-02,4.558795690536499023e-01,-4.662697911262512207e-01,-2.372848615050315857e-02,3.124383687973022461e-01,-3.687820211052894592e-02,-1.843925863504409790e-01,-6.634382158517837524e-02,1.660260260105133057e-01,-1.252724230289459229e-01,1.788907311856746674e-02,6.416326761245727539e-02,-1.089779585599899292e-01,-1.905603148043155670e-02,-1.666788309812545776e-01,-1.386088971048593521e-02,-2.710081823170185089e-02,2.367941439151763916e-01,-4.413874354213476181e-03,-1.972661018371582031e-01,1.746439747512340546e-02,1.558113396167755127e-01,-4.245248809456825256e-02,-1.962509155273437500e-01,-4.568313434720039368e-02,-1.188532188534736633e-01,2.940839827060699463e-01,8.742849528789520264e-02,-2.178084999322891235e-01,-9.349528700113296509e-02,4.349404275417327881e-01,-2.115044742822647095e-02,-2.905647456645965576e-01,4.220229089260101318e-01,5.008912682533264160e-01,1.345932036638259888e-01,2.371537685394287109e-02,-1.357313841581344604e-01,-1.818445175886154175e-01,6.551214307546615601e-02,-2.607477605342864990e-01,6.388030201196670532e-02,-1.632309169508516788e-03,2.731384523212909698e-02,3.064104020595550537e-01,-6.387406587600708008e-02,-8.730190247297286987e-02,-9.497109800577163696e-02,-9.870855212211608887e-01,3.327279165387153625e-02,2.125353068113327026e-01,-2.095632404088973999e-01,4.092971682548522949e-01,-1.396433115005493164e-01,1.519966125488281250e-01,-9.943959116935729980e-02,2.804742455482482910e-01,1.900192946195602417e-01,5.058943107724189758e-02,5.511060729622840881e-02,-1.567143499851226807e-01,2.460301667451858521e-01,-1.737661473453044891e-02,-5.696926712989807129e-01,-1.774694919586181641e-01,-6.530556678771972656e-01,-1.966342628002166748e-01,-3.351179361343383789e-01,6.105044484138488770e-01,5.782639980316162109e-01,7.960895448923110962e-02,3.768282756209373474e-02,-2.465459704399108887e-02,-1.308872252702713013e-01,-2.537390887737274170e-01,1.208357047289609909e-02,-1.292401552200317383e-01,1.332650333642959595e-01,-1.728276312351226807e-01,-4.920415282249450684e-01,-1.067845821380615234e-01,-1.069512888789176941e-01,-5.024585127830505371e-01,-1.521071791648864746e-01,-2.128697000443935394e-02,-4.669064283370971680e-02,1.877473890781402588e-01,7.279397845268249512e-01,-1.153555437922477722e-01,1.251294463872909546e-01,-2.956131398677825928e-01,-3.972044885158538818e-01,4.211377203464508057e-01,1.618530750274658203e-01,2.532549202442169189e-01,-1.783251017332077026e-01,5.376422777771949768e-02,-1.412442028522491455e-01,-3.921977579593658447e-01,-1.387192159891128540e-01,-5.870105698704719543e-02,-4.056836664676666260e-01,-3.293099105358123779e-01,5.450890660285949707e-01,9.343938902020454407e-03,-2.018601894378662109e-01,-1.246220781467854977e-03,1.402169913053512573e-01,-2.872327268123626709e-01,3.152463734149932861e-01,-9.087231010198593140e-02,-2.187829315662384033e-01,4.762343689799308777e-02,-3.824148476123809814e-01,7.054387778043746948e-02,-2.641684710979461670e-01,6.705514788627624512e-01,2.579364776611328125e-01,-3.708937764167785645e-01,6.488023698329925537e-02,3.398424088954925537e-01,1.126566007733345032e-01,-1.223345026373863220e-01,-2.011200636625289917e-01,3.765934705734252930e-01,-6.791841238737106323e-02,8.338332176208496094e-01,-3.742171525955200195e-01,-1.013806983828544617e-01,-6.763795614242553711e-01,-5.248298123478889465e-02,-6.123004555702209473e-01,2.135759294033050537e-01,-8.200873434543609619e-02,2.463791817426681519e-01,-1.725554615259170532e-01,1.474672704935073853e-01,-6.516056060791015625e-01,-1.860147118568420410e-01,-1.648799329996109009e-01,3.877054750919342041e-01,-2.522919699549674988e-02,-4.282183051109313965e-01,6.757951527833938599e-02,-3.682759702205657959e-01,-1.188389956951141357e-01,2.732048034667968750e-01,2.365503013134002686e-01,-1.127145141363143921e-01,4.359428212046623230e-02,-1.546824276447296143e-01,-5.221014097332954407e-02,3.723142435774207115e-03,1.170872151851654053e-01,-3.682285547256469727e-01,4.569759592413902283e-03,-1.351844817399978638e-01,-4.122751057147979736e-01,-2.282252162694931030e-01,-2.500548213720321655e-02,5.446832999587059021e-02,5.157432556152343750e-01,1.083237975835800171e-01,-9.033934026956558228e-02,9.752938896417617798e-02,-4.365109503269195557e-01,-1.004389524459838867e-01,-2.207775115966796875e-01,3.448103070259094238e-01,-1.176685392856597900e-01,3.554252684116363525e-01,-2.647770345211029053e-01,-3.039108812808990479e-01,2.824141979217529297e-01,-3.359384834766387939e-01,-7.793564200401306152e-01,-1.506191492080688477e-01,-5.017104744911193848e-02,-8.483602851629257202e-02,2.507828772068023682e-01,2.433275133371353149e-01,-2.756683826446533203e-01,1.006798222661018372e-01,-3.195782899856567383e-01,1.722837090492248535e-01,-3.486467897891998291e-01,-2.309857904911041260e-01,-8.536355942487716675e-02,-6.362695246934890747e-02,-2.685405686497688293e-02,1.774202734231948853e-01,-1.644748598337173462e-01,-1.835788041353225708e-02,5.626429989933967590e-02,-2.600882351398468018e-01,1.139857918024063110e-01,1.320142298936843872e-01,-2.859329283237457275e-01,2.336627542972564697e-01,-1.475677639245986938e-01,-3.160865902900695801e-01,-1.427790820598602295e-01,1.390404719859361649e-02,-2.503844201564788818e-01,-1.575150638818740845e-01,-1.798267215490341187e-01,1.642515659332275391e-01,3.962970674037933350e-01,-2.787759602069854736e-01,1.112937405705451965e-01,-5.943959355354309082e-01,-1.528476178646087646e-01,3.012880980968475342e-01,4.062306582927703857e-01,-2.674409151077270508e-01,-1.231646537780761719e-01,-2.988090813159942627e-01,8.438417315483093262e-02,-1.494378447532653809e-01,2.069776505231857300e-01,-6.172304153442382812e-01,1.432310044765472412e-02,-1.774913072586059570e-01,-2.941271364688873291e-01,-4.270173609256744385e-02,5.312173366546630859e-01,-1.404805667698383331e-02,5.632270127534866333e-02,1.713723689317703247e-01,-6.584643125534057617e-01,3.317204862833023071e-02,-5.447304993867874146e-02,-2.629999816417694092e-01,2.654577493667602539e-01,1.978640072047710419e-02,-1.395488977432250977e-01,-9.520995616912841797e-02,1.280854791402816772e-01,2.603400349617004395e-01,2.129251658916473389e-01,5.238298773765563965e-01,-6.778825521469116211e-01,-4.613542556762695312e-01,1.196184083819389343e-01,-2.546438872814178467e-01,2.134076058864593506e-01,-2.968720793724060059e-01,-2.273620963096618652e-01,6.411929149180650711e-03,3.698275610804557800e-02,-7.631807774305343628e-02,-1.715504825115203857e-01,4.382344335317611694e-02,1.374924629926681519e-01,2.666925489902496338e-01,-4.320159852504730225e-01,1.529915332794189453e-01,2.799311280250549316e-01,-3.810900151729583740e-01,1.419057399034500122e-01,-5.398320555686950684e-01,-2.381231822073459625e-02,2.667434811592102051e-01,9.308064728975296021e-02,-2.906439602375030518e-01,5.673663318157196045e-02,-7.040537893772125244e-03,-2.235157042741775513e-01,2.202824354171752930e-01,1.701192185282707214e-02,-8.123052120208740234e-02,6.449569948017597198e-03,-8.222845196723937988e-02,-4.144959151744842529e-01,1.004216354340314865e-02,-3.258104920387268066e-01,4.320949018001556396e-01,5.345988646149635315e-02,-5.021373033523559570e-01,5.321384221315383911e-02,1.508112549781799316e-01,-2.144668251276016235e-01,-3.726970553398132324e-01,-1.281210184097290039e-01,1.083191633224487305e-01,4.236255586147308350e-01,-1.014761179685592651e-01,-3.775614798069000244e-01,1.752416193485260010e-01,1.624704599380493164e-01,3.245351612567901611e-01,-2.198729105293750763e-02,3.840773180127143860e-02,7.205412536859512329e-02,3.208016455173492432e-01,-2.504286170005798340e-01,7.445911411195993423e-03,-1.503366604447364807e-02,1.573196351528167725e-01,1.318428218364715576e-01,-4.200976192951202393e-01,-1.099012941122055054e-01,4.205114841461181641e-01,3.987692669034004211e-02,-2.361649870872497559e-01,-9.190147370100021362e-02,2.015228942036628723e-02,-7.961240410804748535e-02,2.403796613216400146e-01,-6.628660857677459717e-02,-4.670565947890281677e-02,3.756318986415863037e-02,-3.767040371894836426e-01,2.126727253198623657e-01,-3.584657907485961914e-01,-8.061957359313964844e-02,1.241512522101402283e-01,1.668211519718170166e-01,-4.173240810632705688e-02,1.544783264398574829e-01,1.563449203968048096e-01,2.841753065586090088e-01,1.393899917602539062e-01,1.476984657347202301e-02,5.549841746687889099e-02,-3.992908895015716553e-01,-8.546498417854309082e-02,1.203223615884780884e-01,3.514092564582824707e-01,3.589847087860107422e-01,1.227793619036674500e-01,-2.052006572484970093e-01,3.850148525089025497e-03,-1.214153394103050232e-01,-4.950322508811950684e-01,-3.604056537151336670e-01,-7.629861682653427124e-02,1.997975856065750122e-01,-1.673899143934249878e-01,2.681930959224700928e-01,9.656028449535369873e-02,3.916420415043830872e-02,-1.234254911541938782e-01,5.875787883996963501e-02,-1.219791024923324585e-01,-3.700958192348480225e-02,-1.424386799335479736e-01,-1.108129471540451050e-01,2.481222338974475861e-02,2.283194512128829956e-01,1.065897420048713684e-01,-3.328312635421752930e-01,-1.356215626001358032e-01,8.056019991636276245e-02,-1.991617679595947266e-01,2.496761679649353027e-01,-6.233408581465482712e-03,-2.385357208549976349e-02,5.720331072807312012e-01,-2.046610927209258080e-03,-1.443805992603302002e-01,1.861003190279006958e-01,-6.170779466629028320e-02,1.333576738834381104e-01,1.305768936872482300e-01,2.437704354524612427e-01,2.512933015823364258e-01,2.071863263845443726e-01,-1.276236176490783691e-01,-2.053321450948715210e-01,1.426102966070175171e-01,-1.023103967308998108e-01,2.631935477256774902e-01,1.632337868213653564e-01,3.644378483295440674e-01,3.323685377836227417e-02,-2.643387019634246826e-01,4.396738857030868530e-02,1.685276627540588379e-01,1.488046199083328247e-01,2.870699763298034668e-01,2.376698404550552368e-01,-6.604464258998632431e-03,4.622685164213180542e-02,-1.450743824243545532e-01,-3.745948970317840576e-01,-9.373001009225845337e-02,-2.481607720255851746e-02,-1.058674976229667664e-01,-9.077322483062744141e-02,2.886819280683994293e-02,-1.982118189334869385e-01,-3.589559718966484070e-02,3.460098505020141602e-01,-2.562254965305328369e-01,-3.430114090442657471e-01,5.008965265005826950e-03,3.354608416557312012e-01,-1.456424742937088013e-01,2.571711242198944092e-01,4.629052579402923584e-01,-6.717196851968765259e-02,4.715668037533760071e-02,-1.646612212061882019e-02,1.771187186241149902e-01,9.958375245332717896e-02,-4.898972436785697937e-02,2.939193546772003174e-01,-3.236872255802154541e-01,-3.530875146389007568e-01,-5.410655736923217773e-01,-1.464776545763015747e-01,1.100971624255180359e-01,-4.330112040042877197e-01,-4.100039303302764893e-01,-4.244309365749359131e-01,2.542935311794281006e-01,-2.093611657619476318e-01,3.351220786571502686e-01,1.882161945104598999e-01,-2.578678168356418610e-02,1.801519095897674561e-01,1.222826465964317322e-01,-5.642482042312622070e-01,1.130696013569831848e-01,-6.613034009933471680e-02,8.481074869632720947e-02,3.074831068515777588e-01,2.361194938421249390e-01,7.581736892461776733e-02,-4.633427560329437256e-01,1.440702676773071289e-01,-8.954375237226486206e-02,3.325523734092712402e-01,4.956916719675064087e-02,1.442400068044662476e-01,-4.037675261497497559e-02,2.756034489721059799e-03,6.246454641222953796e-02,-1.346478313207626343e-01,9.903445839881896973e-02,-4.497777298092842102e-02,5.101188421249389648e-01,-4.021058976650238037e-01,5.059061646461486816e-01,-2.633528709411621094e-01,6.781162321567535400e-02,7.320600096136331558e-03,1.408281028270721436e-01,-1.803573220968246460e-02,4.437951147556304932e-01,7.724419981241226196e-02,4.819424450397491455e-01,1.045233476907014847e-02,-6.988584995269775391e-02,-5.720821619033813477e-01,-3.303435742855072021e-01,9.019382297992706299e-02,-1.017543673515319824e-01,-2.512454688549041748e-01,1.090309321880340576e-01,5.281512141227722168e-01,-5.388111621141433716e-02,-2.412826269865036011e-01,2.983631789684295654e-01,1.751769036054611206e-01,-1.585645973682403564e-02,1.244349591434001923e-02,-2.285337150096893311e-01,-2.441437914967536926e-02,-6.336885690689086914e-02,-1.175641864538192749e-01,-2.115148901939392090e-01,6.170885637402534485e-02,1.363911181688308716e-01,-1.222525909543037415e-01,-9.631511569023132324e-02,-1.251306757330894470e-02,-3.094583451747894287e-01,5.335878208279609680e-02,-1.449153721332550049e-01,-2.124502807855606079e-01,1.787304729223251343e-01,2.782467305660247803e-01,-1.371395438909530640e-01,8.967030793428421021e-02,2.165244370698928833e-01,-1.948983967304229736e-02,9.423663467168807983e-02,-3.022061884403228760e-01,-3.220111131668090820e-01,-3.839797973632812500e-01,-5.885114669799804688e-01,1.241542920470237732e-01,-6.718956828117370605e-01,-3.024937808513641357e-01,3.410428464412689209e-01,1.772019267082214355e-01,-3.386028110980987549e-01,-1.130448579788208008e-01,4.623063281178474426e-02,3.791416883468627930e-01,-5.735513567924499512e-02,1.838577687740325928e-01,6.625182628631591797e-01,1.710579097270965576e-01,-9.098188579082489014e-02,-1.830077469348907471e-01,8.374011516571044922e-02,-1.492031812667846680e-01,2.434684187173843384e-01,-2.316135168075561523e-01,1.634162068367004395e-01,1.937608793377876282e-02,-7.720660418272018433e-02,4.586209356784820557e-02,-4.460182413458824158e-02,-2.599655687808990479e-01,-2.444426119327545166e-01,2.358094006776809692e-01,-4.790220558643341064e-01,2.217254191637039185e-01,-2.704762220382690430e-01,-5.083060264587402344e-01,-3.976120352745056152e-01,-2.225928455591201782e-01,-2.781642787158489227e-02,5.464157462120056152e-01,1.026736795902252197e-01,1.026730760931968689e-01,8.433771133422851562e-02,5.569745320826768875e-03,-1.195753738284111023e-01,7.702932506799697876e-02,2.482543140649795532e-02,1.832928657531738281e-01,5.397953987121582031e-01,5.432143062353134155e-02,3.009457588195800781e-01,-2.559209428727626801e-02,4.918157458305358887e-01,4.430302083492279053e-01,1.118069142103195190e-02,3.506891727447509766e-01,2.136549949645996094e-01,-2.242526262998580933e-01,-2.546381652355194092e-01,5.774847865104675293e-01,4.008160531520843506e-01,-1.292970404028892517e-02,-4.180245697498321533e-01,2.747868187725543976e-02,2.096251100301742554e-01,1.427852809429168701e-01,7.024069875478744507e-02,2.498680055141448975e-01,-1.963003128767013550e-01,-3.194227516651153564e-01,5.513388514518737793e-01,-1.108745336532592773e-01,1.825171560049057007e-01,-1.817380189895629883e-01,-4.223209246993064880e-02,1.120638027787208557e-01,2.857279181480407715e-01,-7.850405527278780937e-04,-9.293486922979354858e-02,6.545380502939224243e-02,-4.204502701759338379e-02,4.764007627964019775e-01,-1.940978616476058960e-01,2.432065457105636597e-01,3.440416753292083740e-01,-1.417070329189300537e-01,-3.613749742507934570e-01,-1.683193147182464600e-01,7.120615988969802856e-02,1.638298667967319489e-02,2.022834718227386475e-01,3.673944175243377686e-01,2.011250108480453491e-01,4.864846542477607727e-02,1.985410898923873901e-01,3.092925846576690674e-01,1.057164967060089111e-01,-5.859443545341491699e-01,3.642259836196899414e-01,-1.431728526949882507e-02,2.490463256835937500e-01,-9.276053309440612793e-02,3.279144465923309326e-01,1.220427304506301880e-01,9.842465072870254517e-02,4.636744856834411621e-01,7.234195712953805923e-03,-5.448522567749023438e-01,-2.598890066146850586e-01,-4.923287779092788696e-02,3.909205645322799683e-02,3.962984383106231689e-01,1.899042874574661255e-01,-2.803423404693603516e-01,1.185677107423543930e-02,-8.468250930309295654e-02,2.850787043571472168e-01,1.006704792380332947e-01,2.505467459559440613e-02,4.845471382141113281e-01,9.952206909656524658e-02,2.379519045352935791e-01,-2.773970365524291992e-01,-3.697670996189117432e-02,2.737521529197692871e-01,1.093453243374824524e-01,2.736266516149044037e-02,5.427556112408638000e-02,-2.424827814102172852e-01,3.144227713346481323e-02,-1.545792073011398315e-01,7.813812047243118286e-02,8.196138590574264526e-02,5.138981714844703674e-02,-2.257277220487594604e-01,-2.944550514221191406e-01,5.265927910804748535e-01,-4.714447557926177979e-01,1.152445822954177856e-01,-1.785508841276168823e-01,-2.735422253608703613e-01,-1.061612144112586975e-01,-2.276322245597839355e-01,1.704870164394378662e-01,-1.951307505369186401e-01,2.675577998161315918e-01,1.080290996469557285e-03,-2.122105807065963745e-01,1.780703477561473846e-02,4.018944501876831055e-01,1.357841957360506058e-02,3.749914839863777161e-02,1.599858701229095459e-02,-2.000617533922195435e-01,2.731337547302246094e-01,3.440459966659545898e-01,5.593795329332351685e-02,-5.550997704267501831e-02,1.288817357271909714e-02,-2.065264582633972168e-01,-9.225090593099594116e-02,-2.435173392295837402e-01,-1.743043065071105957e-01,-4.060026109218597412e-01,-6.440920382738113403e-02,-1.201439425349235535e-01,1.915679425001144409e-01,-1.241897270083427429e-01,1.668466180562973022e-01,-8.887122571468353271e-02,2.255532443523406982e-01,-6.074021011590957642e-02,-1.470759697258472443e-02,1.018709223717451096e-02,-1.484961956739425659e-01,3.699585199356079102e-01,7.357367873191833496e-02,-5.054310560226440430e-01,3.266897499561309814e-01,-2.555213635787367821e-03,3.920524939894676208e-02,2.883742153644561768e-01,-1.429551988840103149e-01,2.082961499691009521e-01,1.398820430040359497e-01,1.541706174612045288e-01,-4.164604842662811279e-02,6.767600774765014648e-02,2.934940904378890991e-02,1.843137107789516449e-02,1.140289306640625000e-01,3.276470117270946503e-03,-1.058336049318313599e-01,-1.454411000013351440e-01,5.109953880310058594e-02,-3.849632441997528076e-01,-1.990682184696197510e-01,-1.189236044883728027e-01,1.453719884157180786e-01,1.739593595266342163e-01,4.216848611831665039e-01,-4.246285185217857361e-02,3.741431534290313721e-01
8.344419300556182861e-03,-7.940446585416793823e-02,3.367430567741394043e-01,3.634616360068321228e-02,-4.733562171459197998e-01,7.152975536882877350e-03,-1.195528209209442139e-01,-8.236054331064224243e-02,-9.345434606075286865e-02,5.576497316360473633e-02,-1.362075656652450562e-01,-3.570455312728881836e-01,1.261460930109024048e-01,-1.472852975130081177e-01,-4.932159557938575745e-02,-2.407920807600021362e-01,1.071550101041793823e-01,1.683299988508224487e-01,7.872225344181060791e-02,1.734700947999954224e-01,-1.577706038951873779e-01,-3.368826583027839661e-02,-1.086102649569511414e-01,3.180144429206848145e-01,-1.483570486307144165e-01,4.057224392890930176e-01,-2.634517475962638855e-02,2.902072072029113770e-01,-4.739044234156608582e-02,6.501869857311248779e-02,-2.840436398983001709e-01,5.981695838272571564e-03,1.615837663412094116e-01,6.391388922929763794e-02,-6.114868074655532837e-02,3.331308662891387939e-01,-8.708908408880233765e-02,1.019937321543693542e-01,7.534568756818771362e-02,-7.424390409141778946e-03,1.489145904779434204e-01,-6.923325359821319580e-02,4.490247461944818497e-03,9.348931908607482910e-02,2.930612564086914062e-01,-3.102918863296508789e-01,-1.046087518334388733e-01,2.251137197017669678e-01,9.840073995292186737e-03,-7.101664692163467407e-02,-5.642086863517761230e-01,-3.857482597231864929e-02,-2.490215599536895752e-01,1.376923080533742905e-02,-2.796385288238525391e-01,-1.877771019935607910e-01,-2.593966424465179443e-01,-1.133443322032690048e-02,-4.969888925552368164e-02,-1.032911241054534912e-02,2.670886218547821045e-01,-1.698080301284790039e-01,-9.353805333375930786e-02,-1.318670213222503662e-01,-8.227569609880447388e-02,7.151614874601364136e-02,1.516673862934112549e-01,-5.058272927999496460e-02,9.026147425174713135e-02,3.173210099339485168e-02,-1.909005790948867798e-01,2.996525913476943970e-02,-1.335507631301879883e-01,9.930416196584701538e-02,1.229555625468492508e-02,-1.065023466944694519e-01,7.132651656866073608e-02,2.450728788971900940e-02,1.174324974417686462e-01,7.901104539632797241e-02,-6.936470419168472290e-02,3.068282902240753174e-01,-1.665662229061126709e-01,-1.307043880224227905e-01,2.031276375055313110e-01,-4.012822732329368591e-02,2.789881229400634766e-01,7.919711060822010040e-04,-3.323428332805633545e-02,1.195278614759445190e-01,-2.488117069005966187e-01,3.090198338031768799e-01,-7.610527426004409790e-02,-1.164273917675018311e-01,-2.423270046710968018e-01,1.749925315380096436e-01,5.995718389749526978e-02,5.878892913460731506e-02,-1.326832324266433716e-01,6.625610589981079102e-02,4.732176363468170166e-01,7.790763676166534424e-02,2.768917977809906006e-01,1.162425950169563293e-01,-2.462134212255477905e-01,-4.182314574718475342e-01,2.541403658688068390e-02,4.563799500465393066e-02,-2.128135561943054199e-01,5.941986292600631714e-02,-2.666937410831451416e-01,1.878701299428939819e-01,9.742984175682067871e-02,-1.330540627241134644e-01,4.700398743152618408e-01,2.415174096822738647e-01,-8.693587034940719604e-02,2.533576786518096924e-01,9.621769934892654419e-02,-1.855959743261337280e-01,2.003016769886016846e-01,-1.388807743787765503e-01,-4.344895184040069580e-01,-2.547954916954040527e-01,-1.594655811786651611e-01,-2.838532924652099609e-01,-2.521840035915374756e-01,7.007535547018051147e-02,1.879377290606498718e-02,1.407205760478973389e-01,-2.759253680706024170e-01,1.673026084899902344e-01,1.173780784010887146e-01,2.020004838705062866e-01,-2.885397672653198242e-01,2.177762389183044434e-01,-2.140289396047592163e-01,-7.277154177427291870e-02,-2.711310051381587982e-02,8.942536078393459320e-03,-4.605588968843221664e-03,1.666870862245559692e-01,-2.570604085922241211e-01,2.967625260353088379e-01,1.307306736707687378e-01,1.294221132993698120e-01,-5.841744691133499146e-02,2.226913422346115112e-01,-2.119790613651275635e-01,-3.533591926097869873e-01,-2.671571075916290283e-01,-2.194042503833770752e-02,2.473482340574264526e-01,8.984268456697463989e-02,-6.169801950454711914e-01,3.029591776430606842e-02,2.004701197147369385e-01,2.388063259422779083e-02,-5.681105852127075195e-01,-2.211983650922775269e-01,1.093428805470466614e-01,3.205611705780029297e-01,-1.107496544718742371e-01,4.045221209526062012e-01,3.022592067718505859e-01,-1.659884154796600342e-01,4.092714488506317139e-01,-1.853922307491302490e-01,8.298728466033935547e-01,1.209604069590568542e-01,-4.372046589851379395e-01,4.839531481266021729e-01,-3.648430407047271729e-01,1.384937614202499390e-01,-3.418272361159324646e-02,5.896493792533874512e-02,-1.859932579100131989e-02,5.279095172882080078e-01,1.288997083902359009e-01,4.252687990665435791e-01,-1.501020416617393494e-02,-3.238387778401374817e-02,6.678792089223861694e-02,-2.919904291629791260e-01,8.370499312877655029e-02,-2.131360322237014771e-01,2.358026988804340363e-02,-8.513199165463447571e-03,-4.450111687183380127e-01,-2.725566327571868896e-01,2.428043633699417114e-01,3.455423116683959961e-01,-2.917170822620391846e-01,1.119175404310226440e-01,3.466363251209259033e-02,-6.185681745409965515e-02,2.381321191787719727e-01,2.595415338873863220e-03,-1.917702853679656982e-01,-3.888037428259849548e-02,-3.379386067390441895e-01,2.686806619167327881e-01,7.458357512950897217e-02,4.608776047825813293e-02,-2.310271412134170532e-01,-2.834216654300689697e-01,1.033501625061035156e-01,-4.192775115370750427e-03,-2.031802386045455933e-01,-2.048950940370559692e-01,1.154962480068206787e-01,-6.487347930669784546e-02,-1.089869588613510132e-01,2.759340777993202209e-02,2.293774932622909546e-01,-1.252841204404830933e-02,-1.319392174482345581e-01,-3.943269550800323486e-01,9.671594016253948212e-04,1.627437025308609009e-01,-2.732204794883728027e-01,4.061870276927947998e-02,4.674521684646606445e-01,-5.636223778128623962e-02,-4.076105952262878418e-01,2.876585640478879213e-04,1.277116835117340088e-01,-1.251425221562385559e-02,-4.385978579521179199e-01,-2.430913969874382019e-02,1.429598182439804077e-01,-3.393544256687164307e-01,2.686198055744171143e-02,2.865327596664428711e-01,-9.452048689126968384e-02,-2.646066248416900635e-01,3.964160755276679993e-02,-1.399121284484863281e-01,-1.018538922071456909e-01,-9.474619291722774506e-03,-7.456022500991821289e-02,1.145742014050483704e-01,-5.182285904884338379e-01,-1.483923047780990601e-01,1.509763151407241821e-01,-4.855632409453392029e-02,-7.823390364646911621e-01,9.821202605962753296e-02,1.546418070793151855e-01,-2.819709479808807373e-01,5.865312218666076660e-01,3.806000947952270508e-02,2.980332374572753906e-01,-2.108043879270553589e-01,-1.159765645861625671e-01,1.002237647771835327e-01,-2.005400061607360840e-01,-2.872061431407928467e-01,-1.576725840568542480e-01,5.349951237440109253e-02,4.446034431457519531e-01,3.191224634647369385e-01,1.094493716955184937e-01,-2.861338853836059570e-01,1.763543933629989624e-01,-5.170734599232673645e-02,5.391290783882141113e-02,4.152221605181694031e-02,-4.512453973293304443e-01,2.748982906341552734e-01,5.592522770166397095e-02,-1.328657120466232300e-01,-4.193040076643228531e-03,-7.292228192090988159e-02,3.039892576634883881e-02,1.595433801412582397e-01,-1.224626451730728149e-01,1.609992533922195435e-01,3.983729332685470581e-02,-1.117679327726364136e-01,3.731235563755035400e-01,-1.883303970098495483e-01,-1.623184531927108765e-01,-1.983536779880523682e-01,-5.733654275536537170e-02,2.570059895515441895e-01,2.103601992130279541e-01,3.544229865074157715e-01,2.005317062139511108e-01,-1.395994126796722412e-01,4.135177284479141235e-02,6.304294615983963013e-02,1.337426304817199707e-01,-8.563426882028579712e-02,1.553239375352859497e-01,-1.837863586843013763e-02,3.126130700111389160e-01,-1.764595508575439453e-01,-2.975795865058898926e-01,-3.523639738559722900e-01,4.430092275142669678e-01,-4.463011622428894043e-01,-1.011939719319343567e-01,3.822915628552436829e-02,-1.931354254484176636e-01,-3.324771523475646973e-01,-1.325453668832778931e-01,-6.808741390705108643e-02,-5.895082652568817139e-02,-1.568872928619384766e-01,-2.574754357337951660e-01,-3.538145218044519424e-03,-2.022639960050582886e-01,2.515319287776947021e-01,4.863983690738677979e-01,-3.822499215602874756e-01,2.347589842975139618e-02,5.323622003197669983e-02,-1.453864872455596924e-01,6.024603247642517090e-01,2.153236791491508484e-02,-3.889811411499977112e-02,-2.286239564418792725e-01,-1.030755229294300079e-02,6.786139309406280518e-02,5.639949813485145569e-02,1.173122972249984741e-01,2.289515137672424316e-01,3.464942872524261475e-01,-3.876969814300537109e-01,-8.896376937627792358e-02,2.451044321060180664e-01,2.264730781316757202e-01,3.070847690105438232e-01,1.629821807146072388e-01,-3.321951627731323242e-01,-4.171266853809356689e-01,-1.524339020252227783e-01,-3.843391239643096924e-01,1.714133322238922119e-01,1.512492299079895020e-01,1.597424745559692383e-01,-2.626779079437255859e-01,2.871727943420410156e-01,2.037686109542846680e-01,9.668900817632675171e-02,-1.479412894695997238e-02,5.183038711547851562e-01,-2.411972135305404663e-01,1.823462247848510742e-01,3.463227748870849609e-01,-7.700615096837282181e-03,1.199622303247451782e-01,-3.271191567182540894e-02,-1.848233789205551147e-01,3.543597161769866943e-01,1.337698660790920258e-02,9.227662533521652222e-02,7.724077999591827393e-02,5.942249298095703125e-02,1.374765336513519287e-01,-3.132871985435485840e-01,3.479440808296203613e-01,2.462351024150848389e-01,3.602248430252075195e-01,4.752544462680816650e-01,7.835216075181961060e-02,-3.074111640453338623e-01,2.108728140592575073e-01,2.619774043560028076e-01,5.596018582582473755e-02,-1.297053694725036621e-01,-8.667386323213577271e-02,2.261391729116439819e-01,2.494152486324310303e-01,1.536152809858322144e-01,-5.663162842392921448e-02,4.775057081133127213e-03,-1.235545352101325989e-01,-2.300276793539524078e-02,1.401116140186786652e-02,-1.006003841757774353e-02,-3.089847564697265625e-01,1.345609128475189209e-01,-1.602531075477600098e-01,-7.415952533483505249e-02,4.770002886652946472e-02,4.952580109238624573e-02,-1.522270590066909790e-01,1.202504113316535950e-01,-4.420856013894081116e-02,-2.558809220790863037e-01,-2.675775289535522461e-01,6.363999843597412109e-02,1.114017143845558167e-01,-3.294032812118530273e-01,2.526292204856872559e-01,3.233621716499328613e-01,1.977696716785430908e-01,-3.293499052524566650e-01,-3.432555198669433594e-01,1.828289180994033813e-01,-8.556602895259857178e-02,4.129175245761871338e-01,1.502806991338729858e-01,5.783189535140991211e-01,-2.873443663120269775e-01,2.270338088274002075e-01,2.307928204536437988e-01,-1.020858138799667358e-01,7.607807219028472900e-02,-3.009122051298618317e-02,-8.586438745260238647e-02,9.237223863601684570e-02,5.393620207905769348e-02,1.973450928926467896e-01,-3.141902685165405273e-01,-8.061916381120681763e-02,3.168292939662933350e-01,-1.587672382593154907e-01,5.695990752428770065e-03,-1.932790875434875488e-01,1.181460469961166382e-01,2.474481761455535889e-01,-2.805297449231147766e-02,-6.077044457197189331e-02,1.618130058050155640e-01,4.976308718323707581e-02,4.322074949741363525e-01,-5.897879004478454590e-01,4.248129948973655701e-02,-2.031084746122360229e-01,5.953251570463180542e-02,-1.215304285287857056e-01,-6.651390343904495239e-02,-4.534224569797515869e-01,-1.295519024133682251e-01,-2.002624720335006714e-01,-1.243810579180717468e-01,-3.146854415535926819e-02,2.002087533473968506e-01,5.457077547907829285e-02,-3.393565714359283447e-01,1.326123178005218506e-01,-1.085726469755172729e-01,-1.146577894687652588e-01,2.234294414520263672e-01,-3.791792094707489014e-01,-1.269074976444244385e-01,3.513036668300628662e-01,2.881503701210021973e-01,1.778126806020736694e-01,2.131276428699493408e-01,-3.192564547061920166e-01,-3.116781711578369141e-01,-1.609598994255065918e-01,-2.024239860475063324e-02,1.365333609282970428e-02,2.470891736447811127e-02,2.160430885851383209e-02,-2.447982132434844971e-01,1.002754792571067810e-01,2.752726972103118896e-01,3.652860522270202637e-01,4.371960181742906570e-03,-1.537368632853031158e-02,1.813383251428604126e-01,2.521248757839202881e-01,1.049463972449302673e-01,2.897862493991851807e-01,1.963718533515930176e-01,-1.353180110454559326e-01,4.550839215517044067e-02,9.019524604082107544e-02,-2.676428854465484619e-01,-2.434066236019134521e-01,-4.324540793895721436e-01,-4.603041112422943115e-01,2.322823181748390198e-02,-1.372264772653579712e-01,-7.410427927970886230e-02,-1.723844707012176514e-01,8.426277339458465576e-02,2.109821438789367676e-01,1.757408678531646729e-01,-2.227623462677001953e-01,2.706581540405750275e-02,2.737604677677154541e-01,-1.557360440492630005e-01,5.573795735836029053e-02,1.525656282901763916e-01,2.243504524230957031e-01,7.349444925785064697e-02,2.379932999610900879e-02,8.843816816806793213e-02,-3.191100656986236572e-01,2.531141787767410278e-02,-2.423305623233318329e-02,-1.214693263173103333e-01,2.962533235549926758e-01,2.090052515268325806e-01,-9.714351035654544830e-03,-2.338133305311203003e-01,4.504594951868057251e-02,-4.055282771587371826e-01,3.646136727184057236e-03,2.433044761419296265e-01,-1.747541576623916626e-01,-2.778690755367279053e-01,-7.975467294454574585e-02,6.363029778003692627e-02,-4.018948227167129517e-02,5.515259504318237305e-01,5.649999976158142090e-01,-5.250114202499389648e-01,-3.455370068550109863e-01,-2.510810792446136475e-01,2.110370695590972900e-01,1.652777642011642456e-01,-4.751531407237052917e-02,1.178597509860992432e-01,-1.236772462725639343e-01,-3.520404547452926636e-02,1.513676494359970093e-01,-1.630667299032211304e-01,6.231747567653656006e-02,-1.088583469390869141e-01,1.508535742759704590e-01,2.093105167150497437e-01,3.095471262931823730e-01,-3.731426894664764404e-01,9.373207390308380127e-02,-4.395437613129615784e-02,9.936678409576416016e-02,-1.231212392449378967e-01,-8.680121600627899170e-02,-2.600763440132141113e-01,6.753205507993698120e-02,-2.095335274934768677e-01,3.060581088066101074e-01,1.319364309310913086e-01,1.602501124143600464e-01,2.454225569963455200e-01,2.869897484779357910e-01,3.089722692966461182e-01,-4.015256464481353760e-01,2.759918868541717529e-01,4.408243894577026367e-01,1.795006990432739258e-01,7.061454653739929199e-02,2.407240420579910278e-01,-2.019437775015830994e-02,-3.650472760200500488e-01,7.894568890333175659e-02,-1.242094561457633972e-01,-4.092477727681398392e-03,1.382310986518859863e-01,4.109615087509155273e-01,-1.417949348688125610e-01,-7.131354808807373047e-01,4.711278378963470459e-01,-9.579295665025711060e-02,5.499767512083053589e-02,-3.706109821796417236e-01,-3.784737288951873779e-01,-1.814351975917816162e-01,-8.131736516952514648e-02,1.702924966812133789e-01,-2.986062876880168915e-02,-3.518311679363250732e-01,5.408041179180145264e-02,1.875313222408294678e-01,-6.903812289237976074e-02,2.503342740237712860e-02,7.305608689785003662e-02,5.278566107153892517e-02,-1.479140669107437134e-01,-4.038763418793678284e-02,4.642314463853836060e-02,1.184874624013900757e-01,1.550447009503841400e-02,9.593375027179718018e-02,2.427981495857238770e-01,-1.348175704479217529e-01,-1.203204542398452759e-01,3.889731168746948242e-01,3.494284152984619141e-01,-2.893821299076080322e-01,-1.579075306653976440e-02,8.298748731613159180e-02,-1.647440940141677856e-01,-2.556901574134826660e-01,1.009178310632705688e-01,-7.715070247650146484e-02,-1.755052804946899414e-01,-2.400117814540863037e-01,1.582257002592086792e-01,-1.399287730455398560e-01,1.868315637111663818e-01,-1.303287893533706665e-01,1.179184317588806152e-01,-2.045940607786178589e-02,-6.730306893587112427e-02,3.934358656406402588e-01,1.292306929826736450e-01,-3.346754610538482666e-01,1.022064462304115295e-01,-1.254834830760955811e-01,2.663433842826634645e-04,1.968115121126174927e-01,1.107797771692276001e-01,-1.436357945203781128e-01,1.330442428588867188e-01,-4.305940866470336914e-02,-5.909221246838569641e-02,-2.052860409021377563e-01,-1.371561437845230103e-01,3.192735314369201660e-01,1.851875334978103638e-01,-2.996166944503784180e-01,9.835750609636306763e-02,-2.676610648632049561e-01,2.239123284816741943e-01,-3.367299959063529968e-02,2.096965461969375610e-01,5.895176529884338379e-01,-1.267556101083755493e-01,3.879027068614959717e-01,1.276575922966003418e-01,-5.847283452749252319e-02,1.410792116075754166e-02,-4.783242195844650269e-02,2.384598851203918457e-01,2.390402108430862427e-01,1.159394830465316772e-01,-1.019230559468269348e-01,-2.430921345949172974e-01,7.473389059305191040e-02,3.994184732437133789e-01,-2.244583666324615479e-01,-1.586081832647323608e-01,2.633468061685562134e-02,4.330954514443874359e-03,9.066301584243774414e-02,-4.972010478377342224e-02,3.951416909694671631e-02,-6.910148262977600098e-02,3.382304012775421143e-01,1.466675251722335815e-01,8.911745995283126831e-02,8.011585474014282227e-02,3.579086661338806152e-01,8.185295015573501587e-02,3.364824131131172180e-02,-1.042762994766235352e-01,2.540639340877532959e-01,-2.508690208196640015e-02,2.137008458375930786e-01,1.325691789388656616e-01,2.321756333112716675e-01,2.142923325300216675e-01,-3.340744376182556152e-01,-3.670851290225982666e-01,1.862117499113082886e-01,-4.232519865036010742e-02,-2.994161844253540039e-01,-1.898797154426574707e-01,-1.272577643394470215e-01,1.061037108302116394e-01,2.129608243703842163e-01,5.340849757194519043e-01,2.920787334442138672e-01,-2.601783871650695801e-01,2.176526933908462524e-02,-2.233622670173645020e-01,-3.798286318778991699e-01,1.545985490083694458e-01,2.160349190235137939e-01,1.405005715787410736e-02,-1.728689819574356079e-01,4.163771122694015503e-02,5.063682794570922852e-01,-1.799445301294326782e-01,-1.613902896642684937e-01,-3.523185104131698608e-02,-1.136034578084945679e-01,-1.022825315594673157e-01,2.445662207901477814e-02,1.192996874451637268e-01,1.298115849494934082e-01,-4.304452836513519287e-01,-1.889476180076599121e-01,-4.305642470717430115e-02,3.315382599830627441e-01,2.602029740810394287e-01,2.263175845146179199e-01,-3.426629304885864258e-01,2.252426743507385254e-01,1.172651909291744232e-02,5.849188938736915588e-02,-6.177556142210960388e-02,-2.708039432764053345e-02,-3.084610104560852051e-01,3.524621576070785522e-02,7.584221661090850830e-02,-3.837923333048820496e-02,-9.542060643434524536e-02,9.851285070180892944e-02,2.554011940956115723e-01,-1.079235449433326721e-01,-1.608553975820541382e-01,3.938901126384735107e-01,1.736165285110473633e-01,4.702945798635482788e-02,-2.065154314041137695e-01,6.923694908618927002e-02,-5.204797536134719849e-02,-1.283822804689407349e-01,5.081935599446296692e-02,-2.223799228668212891e-01,-1.408044844865798950e-01,4.341804683208465576e-01,3.063805103302001953e-01,-2.626577625051140785e-03,8.500732481479644775e-02,-1.662441343069076538e-01,-1.540915817022323608e-01,-1.756403893232345581e-01,2.047836184501647949e-01,-3.851404488086700439e-01,1.870001554489135742e-01,2.376647144556045532e-01,2.048862427473068237e-01,-7.321362942457199097e-02,-4.686866998672485352e-01,-1.545628756284713745e-01,2.736328244209289551e-01,-1.042849421501159668e-01,-3.303358554840087891e-01,-9.251071512699127197e-02,-2.376318126916885376e-01,-1.729388721287250519e-02,-3.307442665100097656e-01,6.362308561801910400e-02,1.491528749465942383e-01,-1.611790210008621216e-01,-1.472160965204238892e-01,1.962255313992500305e-02,-6.889268406666815281e-04,2.200014423578977585e-03,2.396657913923263550e-01,-1.241498291492462158e-01,-2.190932184457778931e-01,-9.101633727550506592e-02,-2.442739605903625488e-01,-3.198433518409729004e-01,-1.283906847238540649e-01,6.133110728114843369e-03,-4.942726343870162964e-02,2.452177852392196655e-01,1.410266309976577759e-01,1.253782063722610474e-01,-7.552555203437805176e-02,-1.164492592215538025e-02,-2.814511954784393311e-01,9.819628298282623291e-02,5.297252535820007324e-02,2.208820357918739319e-02
4.950821865350008011e-03,-3.236602842807769775e-01,-3.855241835117340088e-02,-8.572939783334732056e-02,-2.399621605873107910e-01,-2.749166190624237061e-01,1.401248574256896973e-01,7.224238663911819458e-02,-5.392778664827346802e-02,1.898820102214813232e-01,-1.625264734029769897e-01,-1.646578311920166016e-01,-1.075063645839691162e-02,-8.781761676073074341e-02,-4.377782940864562988e-01,7.065380364656448364e-02,8.358576893806457520e-02,7.707305997610092163e-02,-1.390893012285232544e-01,8.436342328786849976e-02,-4.369290471076965332e-01,1.292378306388854980e-01,-9.909838438034057617e-02,4.378221035003662109e-01,-2.683260738849639893e-01,-1.425074040889739990e-02,-7.361586391925811768e-02,9.227903932332992554e-02,-9.118487685918807983e-02,-1.396544426679611206e-01,3.575078248977661133e-01,5.828269198536872864e-02,1.331263780593872070e-01,-6.532578915357589722e-02,1.436779797077178955e-01,1.827823668718338013e-01,-2.981054484844207764e-01,-4.334120154380798340e-01,-2.760740220546722412e-01,-2.898139059543609619e-01,2.406132221221923828e-01,9.619495272636413574e-02,-6.206700950860977173e-02,6.955339759588241577e-02,3.410761803388595581e-02,-2.871522679924964905e-02,-1.492579728364944458e-01,8.322391659021377563e-02,7.932597398757934570e-02,1.676844507455825806e-01,-5.887968838214874268e-02,3.107880242168903351e-02,1.263166312128305435e-02,-2.633999288082122803e-01,5.750561878085136414e-02,-3.980062529444694519e-02,-7.341817021369934082e-02,1.951085776090621948e-01,8.095271885395050049e-02,-2.264127582311630249e-01,2.131022959947586060e-01,-9.007087908685207367e-03,-1.736942082643508911e-01,-2.561863362789154053e-01,4.648012667894363403e-02,-5.957096815109252930e-03,1.878833770751953125e-01,8.508811146020889282e-02,2.270752787590026855e-01,-6.921952217817306519e-02,1.256600581109523773e-02,-4.416157305240631104e-02,-7.640070468187332153e-02,-6.242873519659042358e-02,-1.363530755043029785e-01,1.626324206590652466e-01,4.006079211831092834e-02,-1.244861111044883728e-01,1.279256194829940796e-01,1.727097928524017334e-01,4.991392791271209717e-02,3.136659562587738037e-01,3.922773525118827820e-02,-5.429505705833435059e-01,4.518235847353935242e-02,-6.786397099494934082e-02,6.077856570482254028e-02,6.121583655476570129e-02,1.589029431343078613e-01,-5.916983261704444885e-02,-2.189961820840835571e-02,-1.402695178985595703e-01,4.280901327729225159e-02,-2.783648483455181122e-02,-1.421614736318588257e-01,-3.246213197708129883e-01,1.380993723869323730e-01,8.525867760181427002e-02,-1.462734043598175049e-01,9.648497402667999268e-02,1.378724724054336548e-01,1.271788179874420166e-01,-1.349844783544540405e-01,-8.612734079360961914e-02,1.495426893234252930e-01,-3.143959119915962219e-02,-2.539112046360969543e-02,-1.391885131597518921e-01,-1.420891433954238892e-01,-8.111263066530227661e-02,2.114906609058380127e-01,2.003787159919738770e-01,-5.375848617404699326e-03,1.230013091117143631e-02,-3.418057784438133240e-02,-3.012594878673553467e-01,1.569053232669830322e-01,1.523792445659637451e-01,-2.513341605663299561e-01,2.372796833515167236e-01,-2.448825240135192871e-01,-2.281261235475540161e-01,-9.382832050323486328e-02,4.601049050688743591e-02,2.357476353645324707e-01,-8.398075588047504425e-03,1.393301505595445633e-02,-1.802101582288742065e-01,2.213173806667327881e-01,-1.813941448926925659e-01,1.667773872613906860e-01,1.872290074825286865e-01,-2.837521731853485107e-01,2.173479087650775909e-02,5.878619104623794556e-02,1.238888129591941833e-01,1.754098832607269287e-01,-6.861220300197601318e-02,1.864926367998123169e-01,-3.072783648967742920e-01,2.965341210365295410e-01,3.708840161561965942e-02,-2.264127731323242188e-01,-1.819753199815750122e-01,4.997797310352325439e-02,-1.996607035398483276e-01,-3.854673504829406738e-01,-3.369974792003631592e-01,1.259009540081024170e-01,1.875415593385696411e-01,2.926103174686431885e-01,-5.864370614290237427e-03,-7.204633951187133789e-02,1.095487624406814575e-01,-1.004964411258697510e-01,-2.671634312719106674e-03,5.448865517973899841e-02,-1.387423574924468994e-01,-3.693179693073034286e-03,2.950103580951690674e-01,1.215669587254524231e-01,-2.582725882530212402e-01,2.208337187767028809e-02,-7.977969944477081299e-02,1.241857558488845825e-01,-3.855859860777854919e-02,-1.471246480941772461e-01,-4.043993353843688965e-02,7.701020687818527222e-02,1.017488315701484680e-01,7.778138667345046997e-02,1.716194897890090942e-01,2.997855842113494873e-01,-5.646737990900874138e-04,1.464370340108871460e-01,-3.532883822917938232e-01,1.200839579105377197e-01,1.345770508050918579e-01,1.387948095798492432e-01,-2.408691495656967163e-01,1.856951862573623657e-01,-1.390817612409591675e-01,1.706521511077880859e-01,1.184663102030754089e-01,-4.959697648882865906e-02,-2.706776261329650879e-01,-3.246268332004547119e-01,-2.503777742385864258e-01,-7.318523526191711426e-02,9.014134854078292847e-02,4.380599036812782288e-02,1.989342868328094482e-01,2.171513810753822327e-02,-7.100568711757659912e-02,2.673710286617279053e-01,-1.367002129554748535e-01,4.348190128803253174e-02,-9.075076133012771606e-02,7.273457199335098267e-02,7.200391497462987900e-03,1.001455560326576233e-01,9.770812839269638062e-02,3.627939522266387939e-01,-1.906442195177078247e-01,4.615619406104087830e-02,-2.647360861301422119e-01,3.084230981767177582e-02,-5.449307709932327271e-02,5.483339354395866394e-02,-2.238873243331909180e-01,-1.230700090527534485e-01,1.120369359850883484e-01,-1.404077280312776566e-02,3.805870190262794495e-02,3.724892809987068176e-02,2.147141844034194946e-02,1.273169666528701782e-01,-2.601976692676544189e-01,-2.719193138182163239e-02,-2.431166619062423706e-01,8.940028399229049683e-02,4.896497353911399841e-02,-1.647079139947891235e-01,-1.663403809070587158e-01,-3.274266123771667480e-01,3.240351378917694092e-02,2.461189627647399902e-01,-1.886209845542907715e-01,3.230963945388793945e-01,1.969996690750122070e-01,-2.764652669429779053e-01,-1.314376443624496460e-01,-2.535651922225952148e-01,-1.862622052431106567e-01,-1.514405757188796997e-01,-5.192437395453453064e-02,-4.029792547225952148e-01,-1.005524322390556335e-01,3.402573764324188232e-01,-3.506628870964050293e-01,1.928648948669433594e-01,-1.953934878110885620e-01,-3.956068754196166992e-01,8.465802669525146484e-02,1.046770960092544556e-01,1.757066100835800171e-01,9.540496766567230225e-02,3.523968160152435303e-01,2.244503796100616455e-01,-1.005128622055053711e-01,-2.989696264266967773e-01,-1.915961652994155884e-01,8.610690385103225708e-02,1.939859092235565186e-01,1.264761090278625488e-01,1.223104521632194519e-01,-3.250928521156311035e-01,1.480565071105957031e-01,7.774044573307037354e-02,-2.360664866864681244e-02,-4.409898817539215088e-02,-7.519690692424774170e-02,-2.572865188121795654e-01,3.065403364598751068e-02,3.365235626697540283e-01,-1.377449333667755127e-01,1.655668467283248901e-01,-9.351614862680435181e-02,8.035696297883987427e-02,-1.204351931810379028e-01,-6.024311762303113937e-03,-3.263089954853057861e-01,-1.072968170046806335e-01,-7.346023805439472198e-03,1.772961020469665527e-01,5.565660595893859863e-01,6.645345687866210938e-02,1.708057820796966553e-01,1.290424466133117676e-01,-1.191472858190536499e-01,1.794481426477432251e-01,7.638339698314666748e-02,-4.959346055984497070e-01,1.518025100231170654e-01,-2.093209326267242432e-01,5.537308380007743835e-02,1.812727451324462891e-01,-1.127466782927513123e-01,-6.244033947587013245e-02,5.010799318552017212e-02,1.823358833789825439e-01,-6.381502002477645874e-02,-1.263206005096435547e-01,-3.027764260768890381e-01,2.298706471920013428e-01,-1.913751848042011261e-02,-3.301015496253967285e-01,-5.177184939384460449e-01,-2.585176937282085419e-02,-2.469651550054550171e-01,1.700574755668640137e-01,-9.600406140089035034e-02,8.085041493177413940e-02,1.255348045378923416e-02,3.756832480430603027e-01,3.564915433526039124e-02,1.962712407112121582e-02,-1.700985729694366455e-01,8.785285055637359619e-03,-3.705591857433319092e-01,4.126653075218200684e-01,2.225330471992492676e-02,8.187851309776306152e-02,-9.357313811779022217e-02,-2.052373439073562622e-02,1.334109753370285034e-01,2.903179526329040527e-01,1.105435541830956936e-03,1.767263710498809814e-01,-2.351678162813186646e-02,-1.240714341402053833e-01,-1.368271261453628540e-01,-2.607256472110748291e-01,6.866136193275451660e-02,4.365869611501693726e-02,2.954503893852233887e-01,-6.739319860935211182e-02,8.670130372047424316e-02,-3.745142817497253418e-01,-1.005301028490066528e-01,-5.219813808798789978e-02,-1.094632819294929504e-01,-6.638928502798080444e-02,-1.428246200084686279e-01,4.194823279976844788e-02,-8.311788737773895264e-02,2.858900129795074463e-01,4.849874228239059448e-02,2.526284158229827881e-01,1.377928256988525391e-02,-1.081982813775539398e-02,2.043801248073577881e-01,2.209271341562271118e-01,8.108140528202056885e-02,8.782273530960083008e-02,9.849721938371658325e-02,-1.921746879816055298e-01,-7.811101526021957397e-02,1.811459958553314209e-01,2.214571535587310791e-01,-1.627122014760971069e-01,1.965913362801074982e-02,1.077807620167732239e-01,-7.253180444240570068e-02,-2.666181623935699463e-01,8.010992407798767090e-02,4.528917372226715088e-02,-2.690255343914031982e-01,1.449898183345794678e-01,-1.050868108868598938e-01,-2.541988492012023926e-01,-2.394187152385711670e-01,-4.952361807227134705e-02,-1.759948134422302246e-01,-1.492350399494171143e-01,3.182266950607299805e-01,1.202383078634738922e-02,-1.054996475577354431e-01,-2.188967540860176086e-02,-3.248421251773834229e-01,1.279170513153076172e-01,3.617954254150390625e-01,3.127306401729583740e-01,1.828020066022872925e-01,4.803893268108367920e-01,1.264076381921768188e-01,-2.254136204719543457e-01,-1.584860086441040039e-01,-1.042465269565582275e-01,-2.440041303634643555e-01,2.227878421545028687e-01,-3.155023604631423950e-02,-1.967634409666061401e-01,-7.787414640188217163e-02,-2.382277995347976685e-01,2.932177484035491943e-01,-1.698288917541503906e-01,-4.463571682572364807e-02,7.225505262613296509e-02,1.006770581007003784e-01,-3.928724527359008789e-01,-1.064013615250587463e-01,-2.346464544534683228e-01,8.324430137872695923e-02,2.676364779472351074e-01,3.686074018478393555e-01,-3.141759634017944336e-01,-2.258423119783401489e-01,2.547732889652252197e-01,-1.728581041097640991e-01,-1.849656850099563599e-01,1.456977725028991699e-01,1.070120781660079956e-01,-7.053287327289581299e-02,-6.117930263280868530e-02,1.785651147365570068e-01,-1.826737523078918457e-01,1.533349752426147461e-01,1.038844287395477295e-01,-2.388387769460678101e-01,-3.617370128631591797e-01,1.969580203294754028e-01,9.970443695783615112e-02,4.316262155771255493e-02,7.446278631687164307e-02,1.517397910356521606e-01,5.914830602705478668e-03,-1.948665231466293335e-01,-1.844231784343719482e-01,-4.547230154275894165e-02,6.754934042692184448e-02,3.134075403213500977e-01,-2.538206577301025391e-01,1.247205510735511780e-01,-1.440175808966159821e-02,2.884924113750457764e-01,3.766468465328216553e-01,-4.768916871398687363e-03,2.182663418352603912e-02,-2.645936310291290283e-01,-7.374397665262222290e-02,1.046879217028617859e-01,-1.120039075613021851e-01,3.683913033455610275e-03,3.234757781028747559e-01,9.592477232217788696e-02,-3.797888159751892090e-01,-2.176938205957412720e-01,4.629233852028846741e-02,-7.059244811534881592e-02,1.037260517477989197e-01,-1.918113827705383301e-01,2.837508022785186768e-01,-2.550218701362609863e-01,3.118491545319557190e-02,-1.038116216659545898e-01,4.193948954343795776e-02,-7.326254248619079590e-02,7.581312209367752075e-02,-9.730169922113418579e-02,-3.790057599544525146e-01,-8.337669074535369873e-02,3.113528490066528320e-01,7.154269516468048096e-02,1.180405542254447937e-02,1.175710111856460571e-01,-9.862592816352844238e-02,-5.839145160280168056e-04,5.764744710177183151e-03,3.588490933179855347e-02,-2.302125543355941772e-01,-2.951943278312683105e-01,1.614247448742389679e-02,-4.200115203857421875e-01,9.406965225934982300e-03,6.322717666625976562e-02,-1.012067943811416626e-01,1.494044512510299683e-01,1.142011135816574097e-01,5.007613897323608398e-01,2.622736990451812744e-01,-2.854015827178955078e-01,-5.345787853002548218e-02,2.904959022998809814e-01,-2.467262148857116699e-01,-3.833715617656707764e-02,2.391991764307022095e-02,9.180051274597644806e-03,-5.434748530387878418e-02,-1.467188745737075806e-01,2.801898680627346039e-02,7.035155594348907471e-02,-7.123472541570663452e-02,1.567449867725372314e-01,2.464500665664672852e-01,-1.522239996120333672e-03,-3.727867454290390015e-02,4.699564576148986816e-01,4.174506291747093201e-02,-1.554952710866928101e-01,-6.596831977367401123e-02,-6.306412070989608765e-02,1.538142561912536621e-01,-1.120921969413757324e-01,-4.544552788138389587e-02,2.297740057110786438e-02,-5.536702647805213928e-02,9.097501635551452637e-02,-1.265728026628494263e-01,2.388928681612014771e-01,3.910014927387237549e-01,2.886925823986530304e-02,7.877147197723388672e-02,3.325959146022796631e-01,-2.097858637571334839e-01,3.573535382747650146e-02,-9.426951408386230469e-02,1.820269785821437836e-02,1.902697607874870300e-03,4.060562849044799805e-01,6.332948803901672363e-02,1.318643540143966675e-01,9.536428377032279968e-03,3.776971101760864258e-01,-2.221656441688537598e-01,5.018626898527145386e-02,-2.772850543260574341e-02,1.055614743381738663e-02,6.971742212772369385e-02,4.437415301799774170e-01,-1.150956377387046814e-01,3.326671719551086426e-01,-1.039356812834739685e-01,7.561461627483367920e-02,1.787875890731811523e-01,3.109067678451538086e-01,-6.854677200317382812e-02,2.676984667778015137e-01,-1.751913428306579590e-01,-3.804220259189605713e-01,1.209279000759124756e-01,-6.839355081319808960e-02,-4.808059334754943848e-02,1.820207387208938599e-01,-4.640661925077438354e-02,-1.991209834814071655e-01,-2.911852002143859863e-01,1.092509105801582336e-01,1.410580724477767944e-01,-2.754874229431152344e-01,2.187291905283927917e-02,-7.877606153488159180e-02,1.345329284667968750e-01,-1.141114458441734314e-01,-7.515208423137664795e-02,5.575386434793472290e-02,3.491235077381134033e-01,-1.288576330989599228e-02,1.917399764060974121e-01,-9.050393849611282349e-02,4.182371497154235840e-01,-1.650099009275436401e-01,1.654561012983322144e-01,1.808656901121139526e-01,-1.504132747650146484e-01,3.279817402362823486e-01,-2.746048867702484131e-01,2.512205541133880615e-01,3.178104460239410400e-01,-3.878881037235260010e-01,7.136159390211105347e-02,-2.988566458225250244e-01,-2.568583190441131592e-01,-1.629411280155181885e-01,4.721920564770698547e-02,5.991826951503753662e-02,1.527697294950485229e-01,1.398256123065948486e-01,-1.812226474285125732e-01,-1.833608597517013550e-01,2.412566542625427246e-01,2.287211865186691284e-01,-2.362337261438369751e-01,3.112421333789825439e-01,1.002058908343315125e-01,-2.834975346922874451e-02,9.023728966712951660e-02,-4.336688816547393799e-01,2.524134516716003418e-02,-2.578634321689605713e-01,-2.234864979982376099e-03,2.226442657411098480e-02,1.170975789427757263e-01,-7.786295562982559204e-02,-1.590359807014465332e-01,-4.887566342949867249e-02,-5.483416840434074402e-02,-5.422462150454521179e-02,1.512006372213363647e-01,-4.734751880168914795e-01,-1.270683109760284424e-01,-1.509992331266403198e-01,4.523204267024993896e-02,6.209930405020713806e-02,-7.881046831607818604e-02,-2.341164499521255493e-01,6.601759791374206543e-02,-3.136681616306304932e-01,2.774618566036224365e-01,-1.687923073768615723e-01,2.921271026134490967e-01,4.163753986358642578e-02,3.458781838417053223e-01,1.815560609102249146e-01,-1.460605710744857788e-01,1.366434544324874878e-01,-1.393414288759231567e-01,-2.015577256679534912e-01,1.656221225857734680e-02,-1.449145376682281494e-01,-2.999011427164077759e-02,1.980719901621341705e-02,-2.267161458730697632e-01,-4.682799801230430603e-02,-3.389327526092529297e-01,-2.902538180351257324e-01,4.272909089922904968e-02,-1.979879587888717651e-01,-1.388458013534545898e-01,-5.364800244569778442e-02,-5.004484578967094421e-02,2.480113506317138672e-01,-1.197592541575431824e-01,-7.477889955043792725e-02,-8.490203320980072021e-02,-1.429971903562545776e-01,-6.578427553176879883e-02,-2.931314986199140549e-03,-1.378757208585739136e-01,3.437373787164688110e-02,-1.096549555659294128e-01,-1.046102568507194519e-01,1.594385802745819092e-01,7.464130967855453491e-02,-1.206729002296924591e-02,-1.511911153793334961e-01,6.075538694858551025e-02,1.623408794403076172e-01,3.101006150245666504e-02,-1.287825554609298706e-01,1.624715328216552734e-01,-1.038635075092315674e-01,-3.382991254329681396e-02,1.925522536039352417e-01,-7.710780203342437744e-02,2.437315322458744049e-02,4.095945358276367188e-01,7.370135933160781860e-02,-6.681773066520690918e-02,-4.075360298156738281e-02,-1.142565459012985229e-01,-1.402173284441232681e-02,-2.575587034225463867e-01,4.687450081110000610e-02,1.559491008520126343e-01,-2.182821780443191528e-01,6.088642403483390808e-02,-9.185103327035903931e-02,1.922012567520141602e-01,-1.169369965791702271e-01,1.554255783557891846e-01,9.102400392293930054e-02,-4.446338713169097900e-01,4.407168924808502197e-02,-3.682809323072433472e-02,2.302679233253002167e-02,-1.599537730216979980e-01,-1.758270114660263062e-01,7.371301203966140747e-02,7.543063908815383911e-02,3.204660490155220032e-02,6.543438881635665894e-02,2.892923057079315186e-01,-8.066429197788238525e-02,-1.220637485384941101e-01,-3.302368521690368652e-01,6.283081322908401489e-02,-1.346319168806076050e-01,-1.679172664880752563e-01,-1.247997879981994629e-01,1.001714840531349182e-01,1.954419463872909546e-01,-1.191182881593704224e-01,-1.830984354019165039e-01,2.636754140257835388e-02,-9.399773180484771729e-02,1.597531698644161224e-02,-2.684347331523895264e-01,-1.733183860778808594e-01,1.665393710136413574e-01,-2.910551801323890686e-02,-1.895499378442764282e-01,-1.680482029914855957e-01,-8.942617475986480713e-02,-4.359525442123413086e-01,-2.425510883331298828e-01,-7.202043384313583374e-02,-1.414152532815933228e-01,2.453821152448654175e-01,5.222591105848550797e-03,1.580660641193389893e-01,1.279525607824325562e-01,2.796941809356212616e-02,-3.170372918248176575e-02,3.316892683506011963e-02,1.487581338733434677e-02,1.410622596740722656e-01,-2.475075721740722656e-01,-2.264952808618545532e-01,7.119961827993392944e-02,4.138674139976501465e-01,2.933143079280853271e-01,2.360311895608901978e-01,-8.081164956092834473e-02,-1.011562719941139221e-01,1.365045458078384399e-01,-1.103306561708450317e-01,2.147966027259826660e-01,1.565462499856948853e-01,2.596157789230346680e-01,3.516754508018493652e-01,2.065594047307968140e-01,9.165090322494506836e-02,1.374531388282775879e-01,1.048468202352523804e-01,6.719474494457244873e-02,2.710621953010559082e-01,-1.447101682424545288e-01,4.230750203132629395e-01,-7.553697377443313599e-02,1.587202996015548706e-01,-9.353602677583694458e-02,-1.903105080127716064e-01,5.244048684835433960e-02,-6.954423338174819946e-02,-3.520978987216949463e-01,-1.346439272165298462e-01,6.602451205253601074e-02,1.417061239480972290e-01,-9.627983719110488892e-02,-1.494494825601577759e-01,-2.215305566787719727e-01,1.595871895551681519e-01,-7.817033678293228149e-02,7.563588023185729980e-02,-1.022117063403129578e-01,4.641883075237274170e-02,-3.669933378696441650e-01,6.345727294683456421e-02,1.143931597471237183e-01,2.847573533654212952e-02,1.769233196973800659e-01,-4.578739106655120850e-01,-1.661850661039352417e-01,-1.476807296276092529e-01,-1.280325204133987427e-01,-1.440423727035522461e-01,5.565247312188148499e-02,2.401424385607242584e-02,4.962858930230140686e-02,8.379841595888137817e-02,5.348448157310485840e-01,2.254646122455596924e-01,-4.501775801181793213e-01,2.249672114849090576e-01,-2.704834640026092529e-01,3.885206207633018494e-02,2.483766824007034302e-01
1.107306554913520813e-01,8.056207746267318726e-02,-1.233993470668792725e-02,2.143904864788055420e-01,-8.761626482009887695e-02,-2.254029661417007446e-01,1.799078136682510376e-01,-7.868619263172149658e-02,-1.007288470864295959e-01,-1.978080272674560547e-01,-9.086368978023529053e-02,6.471486389636993408e-02,-1.751675158739089966e-01,-3.753303736448287964e-02,1.694074869155883789e-01,2.132109850645065308e-01,-7.946982234716415405e-02,-9.474427253007888794e-02,1.444664895534515381e-01,-7.030945271253585815e-03,1.374974250793457031e-01,-2.268257550895214081e-02,-4.450322128832340240e-03,-1.125853881239891052e-01,-1.789539307355880737e-01,-1.376421600580215454e-01,-1.631084233522415161e-01,6.092925742268562317e-02,-9.671162813901901245e-02,-1.238251924514770508e-01,4.942393675446510315e-02,3.869540244340896606e-02,5.660171434283256531e-02,9.046664834022521973e-02,-5.642614327371120453e-03,2.389743179082870483e-02,-4.910873994231224060e-02,1.050175949931144714e-01,4.197186231613159180e-02,-1.247956380248069763e-01,-1.992692947387695312e-01,5.525217857211828232e-03,1.455267518758773804e-01,-2.513184398412704468e-02,-1.151030212640762329e-01,2.655928209424018860e-02,1.506039798259735107e-01,-1.130973175168037415e-01,-1.071005985140800476e-01,6.107571348547935486e-02,-8.815555274486541748e-02,-2.245558239519596100e-02,-1.688376367092132568e-01,4.267794638872146606e-02,1.998847164213657379e-02,-6.474384665489196777e-02,1.279345750808715820e-01,-3.280311077833175659e-02,2.010167837142944336e-01,6.914517283439636230e-02,-5.827420949935913086e-02,3.593574091792106628e-02,2.687871456146240234e-01,-5.828116461634635925e-02,-8.314899355173110962e-02,1.879703998565673828e-01,9.867516160011291504e-02,-7.128889113664627075e-02,-1.120375841856002808e-01,1.212035268545150757e-01,1.017355993390083313e-01,-9.840266406536102295e-02,3.224095702171325684e-02,-1.157729476690292358e-01,2.116700075566768646e-02,5.956729874014854431e-02,8.735956996679306030e-02,1.187930479645729065e-01,-1.692347228527069092e-01,1.700853556394577026e-02,1.021613329648971558e-01,-1.305118352174758911e-01,-1.164609193801879883e-01,1.350797712802886963e-01,1.071201860904693604e-01,1.775741763412952423e-02,-6.026615854352712631e-03,-1.033137440681457520e-01,-7.586572319269180298e-02,2.017634809017181396e-01,1.606411188840866089e-01,6.504780054092407227e-02,-1.539326310157775879e-01,-3.809628309682011604e-03,-1.269368827342987061e-01,1.933553069829940796e-01,7.432027161121368408e-02,-1.701794005930423737e-02,6.355736404657363892e-02,-1.153317540884017944e-01,5.305255576968193054e-02,-2.301454246044158936e-01,6.790954619646072388e-02,3.206349909305572510e-02,-1.812762320041656494e-01,8.750800043344497681e-02,5.997126922011375427e-02,1.753681004047393799e-01,1.042402833700180054e-01,-1.445161104202270508e-01,-1.040224581956863403e-01,-1.386456340551376343e-01,1.709426045417785645e-01,-1.133869364857673645e-01,1.108558475971221924e-01,8.401785790920257568e-02,-1.812467165291309357e-02,5.200190097093582153e-02,6.124814972281455994e-04,-1.123666837811470032e-01,-1.596796698868274689e-02,-2.004033029079437256e-01,-1.059618033468723297e-02,1.054217442870140076e-01,6.439399719238281250e-02,-1.189320310950279236e-01,3.502775728702545166e-02,1.888164877891540527e-01,-8.915317803621292114e-02,1.678171902894973755e-01,-7.051959633827209473e-02,3.144343942403793335e-02,1.142654642462730408e-01,-7.500276900827884674e-03,-1.956402361392974854e-01,-1.700498759746551514e-01,6.488411873579025269e-02,5.899837240576744080e-02,3.236590325832366943e-01,4.593014717102050781e-02,1.818280480802059174e-02,6.784327328205108643e-02,1.136521846055984497e-01,-1.397159099578857422e-01,1.545675098896026611e-01,1.019792333245277405e-01,-3.271694853901863098e-02,1.044954955577850342e-01,-2.000724971294403076e-01,3.884141519665718079e-02,-9.205882996320724487e-02,1.164346486330032349e-01,1.004998236894607544e-01,-6.878090649843215942e-02,4.229258745908737183e-02,5.588710308074951172e-02,4.733495786786079407e-02,-1.493919342756271362e-01,-1.151367425918579102e-01,2.933938242495059967e-02,2.098635770380496979e-02,1.026198547333478928e-02,5.280566588044166565e-02,-3.490879898890852928e-03,5.871079396456480026e-03,-1.400129795074462891e-01,-1.784645467996597290e-01,2.157456129789352417e-01,5.713320570066571236e-04,9.216295182704925537e-02,-3.834208846092224121e-01,-1.795623004436492920e-01,-4.555677529424428940e-03,1.051515266299247742e-01,-7.706984877586364746e-02,1.376488208770751953e-01,-8.379672467708587646e-02,-8.452005684375762939e-02,-2.255313545465469360e-01,-1.552351936697959900e-02,-1.262139976024627686e-01,-5.227235704660415649e-02,6.359653174877166748e-02,-1.572566628456115723e-01,-7.336989790201187134e-02,4.665752127766609192e-02,-1.296239197254180908e-01,9.960701689124107361e-03,6.065047159790992737e-02,1.108137145638465881e-01,-1.781132519245147705e-01,1.729090511798858643e-01,7.036034483462572098e-03,-2.035116255283355713e-01,-6.595307588577270508e-02,2.326545715332031250e-01,-3.605940937995910645e-02,5.043155699968338013e-02,1.578064113855361938e-01,9.290488809347152710e-02,-4.460205510258674622e-02,-1.515275835990905762e-01,3.707554889842867851e-03,-1.374704986810684204e-01,-7.832048833370208740e-02,-2.076644822955131531e-02,-4.182194918394088745e-02,-9.225677698850631714e-03,4.729643091559410095e-02,-8.813458681106567383e-02,9.581776685081422329e-04,1.569472402334213257e-01,-8.501011878252029419e-02,1.100085955113172531e-02,6.750604510307312012e-02,-7.487776223570108414e-03,4.988218098878860474e-02,5.763301253318786621e-02,1.623156480491161346e-02,9.975045174360275269e-02,9.279327839612960815e-02,9.391264617443084717e-02,5.077839642763137817e-02,8.252602815628051758e-02,3.787068650126457214e-02,4.825386404991149902e-02,8.657363057136535645e-02,9.332831948995590210e-02,5.589719861745834351e-02,2.593435719609260559e-02,-8.263848721981048584e-02,2.821338921785354614e-02,-7.294927258044481277e-03,1.000250130891799927e-01,1.194325760006904602e-01,9.827200323343276978e-02,8.993443846702575684e-02,1.397895514965057373e-01,-9.521335363388061523e-02,7.786227017641067505e-02,4.802615568041801453e-02,-1.256945878267288208e-01,5.715492740273475647e-02,5.269043892621994019e-02,2.990701496601104736e-01,-1.797608137130737305e-01,-2.507171630859375000e-01,-8.671627193689346313e-02,-1.782123371958732605e-02,-1.213156036101281643e-03,1.281230300664901733e-01,-6.858032941818237305e-02,5.731367319822311401e-02,-9.164557792246341705e-03,-1.108201518654823303e-01,-6.396725773811340332e-02,1.149268299341201782e-01,-2.226120680570602417e-01,-1.711691915988922119e-01,-2.125916332006454468e-01,-5.250031128525733948e-02,8.822737261652946472e-03,-4.235514625906944275e-02,4.997234791517257690e-02,-1.764538735151290894e-01,1.896889065392315388e-03,-3.633008301258087158e-01,4.957891628146171570e-02,3.811033442616462708e-03,1.649733632802963257e-01,9.347220510244369507e-02,1.353402137756347656e-01,7.810114324092864990e-02,8.981249481439590454e-02,-1.041349396109580994e-02,-6.869698315858840942e-02,-1.644110530614852905e-01,1.419772803783416748e-01,1.425949335098266602e-01,-9.077968448400497437e-02,2.014323696494102478e-02,2.415400445461273193e-01,3.210259601473808289e-02,-1.552354265004396439e-02,8.167897351086139679e-03,-5.444728955626487732e-02,9.867969900369644165e-02,7.829453796148300171e-03,2.141906693577766418e-02,-2.285549044609069824e-01,-5.408773943781852722e-02,-2.307647839188575745e-02,-9.566956013441085815e-02,1.185571253299713135e-01,-1.127714365720748901e-01,-9.370505809783935547e-02,2.401666194200515747e-01,9.525247663259506226e-02,1.215708628296852112e-01,7.121159881353378296e-02,-7.306890562176704407e-03,-1.965964734554290771e-01,1.383584886789321899e-01,5.530125275254249573e-02,1.340738032013177872e-02,1.220462843775749207e-01,-2.668619751930236816e-01,1.631658822298049927e-01,1.224866509437561035e-01,1.969597637653350830e-01,-1.269782632589340210e-01,-7.166892755776643753e-03,4.580771550536155701e-02,-2.370383217930793762e-02,-6.830610334873199463e-02,-2.305793762207031250e-01,-1.305670589208602905e-01,8.595807105302810669e-02,-2.192580886185169220e-02,5.015627667307853699e-02,-8.201013505458831787e-02,9.472370892763137817e-02,-2.851707115769386292e-02,-5.332154408097267151e-02,8.084499835968017578e-02,1.363225560635328293e-02,6.055983155965805054e-02,3.645269572734832764e-02,7.057032734155654907e-02,-1.136042773723602295e-01,-1.362824440002441406e-01,-1.742083430290222168e-01,9.450063109397888184e-02,-1.516871154308319092e-01,-1.435478497296571732e-02,1.449344754219055176e-01,-1.054280102252960205e-01,-4.653129726648330688e-02,-8.602523803710937500e-02,1.927189528942108154e-01,5.779667571187019348e-02,-6.578634958714246750e-03,8.661441504955291748e-02,-2.230355143547058105e-01,-7.790800184011459351e-02,-2.498042881488800049e-01,-8.699840307235717773e-02,-2.555579245090484619e-01,-2.570287287235260010e-01,-1.369465887546539307e-01,-8.714023977518081665e-02,3.158571943640708923e-02,5.674307420849800110e-02,-1.603278368711471558e-01,8.487062528729438782e-03,-1.683733463287353516e-01,-3.212561458349227905e-02,6.236546859145164490e-02,1.923655122518539429e-01,-7.514142245054244995e-02,-7.932806760072708130e-02,-2.233432978391647339e-01,-1.061955541372299194e-01,-2.273357808589935303e-01,-3.443283960223197937e-02,1.310401558876037598e-01,6.543511059135198593e-03,-1.285628825426101685e-01,9.939168393611907959e-02,1.084792384062893689e-04,8.756382018327713013e-02,-4.573586210608482361e-02,-1.557212322950363159e-01,1.068989560008049011e-01,-2.416401803493499756e-01,-1.362857073545455933e-01,2.670731209218502045e-02,2.257041782140731812e-01,-2.152773290872573853e-01,2.136711217463016510e-02,2.770959585905075073e-02,-5.415128543972969055e-03,-1.889555901288986206e-02,1.758285611867904663e-02,2.144185602664947510e-01,-9.127903729677200317e-02,1.359133720397949219e-01,1.632615774869918823e-01,-1.668293923139572144e-01,-1.530156731605529785e-01,1.084191650152206421e-01,1.570773422718048096e-01,-4.096918925642967224e-02,-2.322231531143188477e-01,-2.625282108783721924e-01,3.331084270030260086e-03,1.129225045442581177e-01,6.047691404819488525e-02,6.104544177651405334e-02,1.766069978475570679e-01,2.693083882331848145e-01,-1.453896611928939819e-01,-1.638520658016204834e-01,-7.640577852725982666e-02,9.157038480043411255e-02,6.583949085325002670e-03,-1.138499006628990173e-01,1.674744039773941040e-01,8.990798145532608032e-02,-1.016125753521919250e-01,-1.734774261713027954e-01,1.779501885175704956e-02,-1.001087948679924011e-01,-3.438338264822959900e-02,-4.065174236893653870e-02,-2.803284823894500732e-01,6.098949536681175232e-02,1.898911148309707642e-01,3.303049877285957336e-02,-7.692324463278055191e-03,-2.077520787715911865e-01,-7.990527153015136719e-02,-2.704587280750274658e-01,-1.401418447494506836e-01,1.737100630998611450e-01,-8.334054797887802124e-02,-6.431619822978973389e-02,-2.683469280600547791e-02,-1.036015525460243225e-01,1.087509542703628540e-01,2.742394506931304932e-01,-9.559376537799835205e-02,-8.188632875680923462e-02,7.956975698471069336e-02,-1.338109932839870453e-02,-1.985359191894531250e-01,1.076782494783401489e-01,6.522142211906611919e-04,-1.012790352106094360e-01,1.843231469392776489e-01,-8.292891085147857666e-02,-7.615769654512405396e-02,1.661664992570877075e-02,6.597705185413360596e-02,-1.453186124563217163e-01,9.704414010047912598e-02,7.847033441066741943e-02,1.690904945135116577e-01,1.282700449228286743e-01,1.211350038647651672e-01,1.464345753192901611e-01,-7.489152252674102783e-02,-6.703916733385995030e-05,-2.353629097342491150e-02,8.153406530618667603e-02,3.767313063144683838e-02,-1.170987039804458618e-01,-1.812583506107330322e-01,-6.234550476074218750e-02,1.019982434809207916e-02,7.430485635995864868e-02,1.105939522385597229e-01,-3.501773998141288757e-02,-1.385148763656616211e-01,-2.123219706118106842e-02,6.196663528680801392e-02,6.440439820289611816e-02,-1.325947493314743042e-01,3.288156911730766296e-02,-5.800238624215126038e-02,-2.578172460198402405e-02,-1.994081586599349976e-01,-2.087929248809814453e-01,7.795510441064834595e-02,8.623733371496200562e-02,-4.795495793223381042e-02,1.281204968690872192e-01,2.651701271533966064e-01,-2.308914065361022949e-02,-1.772469729185104370e-01,1.692409217357635498e-01,-3.254048228263854980e-01,-7.877560704946517944e-02,-1.176378875970840454e-01,1.858442462980747223e-02,1.220008283853530884e-01,-4.138582199811935425e-02,-1.332385744899511337e-02,-7.947915792465209961e-02,8.293393254280090332e-02,7.820923626422882080e-02,1.669670939445495605e-01,-6.573650985956192017e-02,-2.953399717807769775e-01,-3.104800358414649963e-03,-4.182727634906768799e-02,7.347460091114044189e-02,3.922041133046150208e-02,1.178944334387779236e-01,-7.443956099450588226e-03,-1.669250875711441040e-01,-6.776844710111618042e-02,5.222732946276664734e-02,-4.315586686134338379e-01,-7.292626798152923584e-02,1.459088474512100220e-01,-1.179794147610664368e-01,-3.037556447088718414e-02,2.266682535409927368e-01,-1.185829043388366699e-01,-1.414032578468322754e-01,-6.573047488927841187e-02,-1.521392315626144409e-01,-7.593088597059249878e-02,9.744419902563095093e-02,-5.889681354165077209e-02,1.602483838796615601e-01,1.657664775848388672e-01,-8.552796393632888794e-02,1.377750001847743988e-02,1.047564968466758728e-01,5.207740142941474915e-02,-3.533322364091873169e-02,5.224800854921340942e-02,-8.054860681295394897e-02,-8.153398334980010986e-02,9.861128032207489014e-02,-1.680348068475723267e-01,1.554652005434036255e-01,-1.737125031650066376e-02,-1.291784197092056274e-01,2.316633705049753189e-03,3.737427666783332825e-02,4.718619957566261292e-02,3.499713912606239319e-02,-1.024305596947669983e-01,7.664912939071655273e-02,-8.850512653589248657e-02,-5.434650927782058716e-02,-1.721000298857688904e-02,-4.181454703211784363e-02,-5.444144085049629211e-02,2.596927285194396973e-01,2.272692918777465820e-01,1.059811562299728394e-02,-1.479237526655197144e-01,-4.227530211210250854e-02,1.491787470877170563e-02,9.694593027234077454e-03,1.500564962625503540e-01,-5.801220238208770752e-02,-4.843217879533767700e-02,-9.047799557447433472e-02,5.424284189939498901e-02,2.153994441032409668e-01,8.481943607330322266e-02,-1.496548019349575043e-02,-1.091126501560211182e-01,-4.552274197340011597e-02,1.755069755017757416e-02,-1.014023497700691223e-01,1.908731460571289062e-01,3.200748236849904060e-03,-9.910858422517776489e-02,-1.633582413196563721e-01,1.070665195584297180e-01,-4.442119039595127106e-03,1.705038845539093018e-01,3.969168290495872498e-03,-5.374458059668540955e-02,-3.618349134922027588e-01,-3.801368921995162964e-02,5.019730329513549805e-02,-2.339515686035156250e-01,-1.468746066093444824e-01,-1.085466369986534119e-01,-1.438243687152862549e-01,1.284632738679647446e-02,1.188459768891334534e-01,5.340651795268058777e-02,-3.478769958019256592e-02,-9.173144400119781494e-02,-7.796662300825119019e-02,5.413734912872314453e-02,4.097531363368034363e-02,2.821361087262630463e-02,2.431970685720443726e-01,1.061365604400634766e-01,-1.800502091646194458e-01,-8.998926728963851929e-02,2.561095654964447021e-01,1.222553402185440063e-01,-1.245989054441452026e-01,-7.641938328742980957e-02,4.546717181801795959e-02,2.015212178230285645e-01,4.454848542809486389e-02,1.415008306503295898e-01,7.877676747739315033e-03,1.400561779737472534e-01,-1.002159491181373596e-01,4.136127978563308716e-02,1.697655171155929565e-01,-4.268719349056482315e-03,-1.420867145061492920e-01,1.127256155014038086e-01,1.187132019549608231e-02,-2.057960033416748047e-01,-4.222386702895164490e-02,1.110690757632255554e-01,2.435412071645259857e-02,2.509716525673866272e-02,-1.193709671497344971e-02,1.821495406329631805e-02,1.663697808980941772e-01,-1.480300128459930420e-01,6.529912352561950684e-02,-2.109984681010246277e-02,-7.513882964849472046e-02,4.857139196246862411e-03,-5.925083532929420471e-04,-1.879340708255767822e-01,-4.617291316390037537e-02,5.690542981028556824e-02,4.472925513982772827e-02,1.585073918104171753e-01,2.162208855152130127e-01,1.068913843482732773e-02,1.335171759128570557e-01,1.134301200509071350e-01,-2.564357966184616089e-02,1.423326432704925537e-01,1.212208718061447144e-01,-3.150085732340812683e-02,1.677062958478927612e-01,-1.349241435527801514e-01,2.013183981180191040e-01,1.182819157838821411e-01,-1.150340288877487183e-01,1.995264440774917603e-01,-9.895154833793640137e-02,1.360651403665542603e-01,-5.201484635472297668e-02,-1.497727036476135254e-01,-1.736540906131267548e-02,-1.013600751757621765e-01,1.406541168689727783e-01,2.035658806562423706e-01,-4.986314103007316589e-02,-2.716300822794437408e-02,1.929232031106948853e-01,1.374815404415130615e-01,1.597841978073120117e-01,-1.128156110644340515e-01,-4.109369590878486633e-02,-1.081891730427742004e-01,-1.225474663078784943e-02,1.257211565971374512e-01,-4.451861232519149780e-02,-1.277942508459091187e-01,-4.976469092071056366e-03,-4.735071584582328796e-02,9.148634225130081177e-02,4.052009806036949158e-02,4.698027297854423523e-02,-3.118918538093566895e-01,-9.726485610008239746e-02,-1.109147071838378906e-01,-2.123298496007919312e-02,9.102723002433776855e-02,-4.611303284764289856e-02,2.266422957181930542e-01,8.764593303203582764e-02,7.737234234809875488e-02,7.220735400915145874e-02,1.573235690593719482e-01,-6.166775897145271301e-02,-7.560619711875915527e-02,-3.094517625868320465e-02,-9.734221734106540680e-03,1.670323163270950317e-01,5.276747047901153564e-02,-1.273108422756195068e-01,1.165231168270111084e-01,-9.195126593112945557e-02,-3.464196249842643738e-02,-7.392504811286926270e-02,5.552484467625617981e-02,1.269256919622421265e-01,1.315954327583312988e-02,-1.220804378390312195e-01,-4.904884472489356995e-02,1.400825381278991699e-01,4.330047592520713806e-02,5.132659152150154114e-02,-5.249641835689544678e-02,-5.293924827128648758e-03,-7.142361998558044434e-02,1.077687889337539673e-01,1.059788540005683899e-01,1.267228126525878906e-01,3.931658342480659485e-02,-3.309635072946548462e-02,-1.731400564312934875e-02,1.149927526712417603e-01,1.084154471755027771e-01,5.812444537878036499e-02,-4.293539747595787048e-02,2.703397572040557861e-01,-2.652798406779766083e-02,5.215264484286308289e-02,-2.613859176635742188e-01,5.137779191136360168e-02,2.087168581783771515e-02,6.971338391304016113e-02,-1.681749820709228516e-01,2.969360211864113808e-03,-1.701316796243190765e-02,-7.388992607593536377e-02,8.084831386804580688e-02,-1.831592619419097900e-01,-5.880592018365859985e-02,-9.456005692481994629e-02,1.306133270263671875e-01,-3.646169975399971008e-02,1.114325672388076782e-01,-1.414504647254943848e-01,-7.682088762521743774e-02,-7.645566016435623169e-02,1.064015850424766541e-01,-1.189224198460578918e-01,1.724523752927780151e-01,8.212966471910476685e-02,-6.462851166725158691e-02,-2.366486489772796631e-01,3.818155527114868164e-01,1.248883903026580811e-01,2.392690861597657204e-03,1.052912697196006775e-01,2.737432718276977539e-01,1.440829597413539886e-02,-8.310715854167938232e-02,-1.218716502189636230e-01,2.549906969070434570e-01,9.002063423395156860e-03,1.978441774845123291e-01,-2.816891968250274658e-01,1.017438024282455444e-01,9.443754679523408413e-04,4.450516030192375183e-02,-1.084503307938575745e-01,-1.287572737783193588e-02,9.514698386192321777e-02,-9.289577603340148926e-02,-3.530586254782974720e-04,1.831345260143280029e-01,1.273341923952102661e-01,6.525322049856185913e-02,2.578684091567993164e-01,2.436682581901550293e-02,-7.554920017719268799e-02,-8.012518286705017090e-02,1.000869497656822205e-01,-1.597910821437835693e-01,6.483622640371322632e-02,1.742211431264877319e-01,2.717183828353881836e-01,-6.024178490042686462e-02
6.460119038820266724e-02,-1.470739394426345825e-01,8.467854559421539307e-02,-3.380213081836700439e-01,-4.898521900177001953e-01,2.567444145679473877e-01,1.225314959883689880e-01,3.271796181797981262e-02,3.432630002498626709e-02,1.320766210556030273e-01,3.449210822582244873e-01,-6.006116420030593872e-02,1.856859326362609863e-01,1.249857246875762939e-01,9.592306613922119141e-02,-2.307622432708740234e-01,-8.069166541099548340e-02,1.349529810249805450e-02,-1.116243749856948853e-01,4.172543436288833618e-02,3.774594962596893311e-01,-1.761206537485122681e-01,1.192598640918731689e-01,2.896760106086730957e-01,-7.522868365049362183e-02,-2.658995687961578369e-01,-1.688537001609802246e-01,-1.232460364699363708e-01,2.924603521823883057e-01,-2.957808077335357666e-01,5.695427954196929932e-02,-2.604785859584808350e-01,-2.448056787252426147e-01,-1.570202969014644623e-02,8.002356626093387604e-03,1.292474120855331421e-01,-4.464343562722206116e-02,-8.082908391952514648e-02,-1.102573275566101074e-01,-9.648441523313522339e-02,-2.883795797824859619e-01,1.493155658245086670e-01,1.158126257359981537e-02,-5.265040323138237000e-02,1.785383075475692749e-01,7.196634262800216675e-02,3.532495498657226562e-01,1.310001909732818604e-01,7.566288113594055176e-02,-8.466305583715438843e-02,1.692521870136260986e-01,-3.837328553199768066e-01,-7.912050187587738037e-02,-3.524897992610931396e-02,1.608939766883850098e-01,2.525731921195983887e-01,1.784985661506652832e-01,-1.994400769472122192e-01,2.580396533012390137e-01,7.963294163346290588e-03,-1.857634335756301880e-01,6.241636723279953003e-02,1.989800184965133667e-01,1.471953541040420532e-01,1.080982480198144913e-02,2.175196260213851929e-01,3.502429276704788208e-02,1.103168427944183350e-01,-2.760768234729766846e-01,9.289775043725967407e-03,-1.970059983432292938e-02,1.046776399016380310e-02,-3.407597914338111877e-02,-2.611038982868194580e-01,-2.438188493251800537e-01,1.213702633976936340e-01,7.529826834797859192e-03,1.422287989407777786e-02,-6.443175673484802246e-02,-3.908731415867805481e-02,1.686585396528244019e-01,-1.833861023187637329e-01,-2.460263222455978394e-01,1.148051843047142029e-01,-1.392933428287506104e-01,-6.813705712556838989e-02,1.202189475297927856e-01,-6.425168365240097046e-02,2.042775899171829224e-01,-4.458987340331077576e-02,1.663511395454406738e-01,-8.267688006162643433e-02,-4.263238310813903809e-01,1.470435261726379395e-01,2.696291804313659668e-01,-1.232124716043472290e-01,8.995000272989273071e-02,3.031051754951477051e-01,-1.587791293859481812e-01,1.506192684173583984e-01,-5.940223485231399536e-02,-6.933593750000000000e-02,7.870573550462722778e-02,-2.836773693561553955e-01,-5.631993710994720459e-02,-1.334789097309112549e-01,2.998332679271697998e-01,-1.523419916629791260e-01,1.204383820295333862e-01,-2.953992187976837158e-01,3.137687593698501587e-02,-5.435083806514739990e-02,2.180233001708984375e-01,9.752671420574188232e-02,9.626406431198120117e-02,-5.185238271951675415e-02,6.606670469045639038e-02,-2.679305337369441986e-02,1.795084774494171143e-01,-8.721160143613815308e-02,4.632804095745086670e-01,-9.978108573704957962e-05,-4.512542113661766052e-02,3.763726353645324707e-02,-4.137725755572319031e-02,1.278528422117233276e-01,9.971804171800613403e-02,1.260825991630554199e-01,-2.874080240726470947e-01,-2.731450647115707397e-02,4.156296253204345703e-01,1.072229668498039246e-01,9.744200855493545532e-02,1.528507005423307419e-02,-2.915354259312152863e-02,-4.238350987434387207e-01,-5.050515756011009216e-02,-2.509587109088897705e-01,1.807734221220016479e-01,-7.594703882932662964e-02,-3.237752914428710938e-01,3.200002387166023254e-02,-7.420175522565841675e-02,-3.257502317428588867e-01,-1.663656979799270630e-01,3.049482405185699463e-01,1.600150913000106812e-01,-4.609395191073417664e-02,-3.784407675266265869e-01,-1.541420537978410721e-02,-6.305006798356771469e-03,-3.665374591946601868e-02,-9.690096974372863770e-02,-9.611190855503082275e-02,-5.873695760965347290e-02,-7.160163670778274536e-02,1.067099571228027344e-01,-8.497993648052215576e-02,-1.822230964899063110e-01,2.977188862860202789e-02,-6.775836646556854248e-02,1.947041302919387817e-01,3.598667085170745850e-01,-1.935619711875915527e-01,1.675697714090347290e-01,-4.369149506092071533e-01,1.195849478244781494e-01,1.698230504989624023e-01,1.149450913071632385e-01,1.726837456226348877e-02,4.220743104815483093e-02,-3.361388444900512695e-01,5.832549929618835449e-02,2.159974128007888794e-01,-3.201999962329864502e-01,2.268813401460647583e-01,1.380551308393478394e-01,-2.455898374319076538e-01,-1.125154569745063782e-01,1.773736067116260529e-02,-4.060277044773101807e-01,-1.877435892820358276e-01,1.367624104022979736e-02,1.982172578573226929e-01,8.713924139738082886e-02,-1.679024100303649902e-01,1.039547845721244812e-01,5.308908969163894653e-02,5.011700391769409180e-01,-1.562978625297546387e-01,1.839383691549301147e-01,-4.337431117892265320e-02,-1.830196529626846313e-01,-1.475834995508193970e-01,-2.242728769779205322e-01,2.958113700151443481e-02,6.619860231876373291e-02,-3.221755847334861755e-03,-5.481109768152236938e-02,-4.494814947247505188e-02,-7.600991427898406982e-02,2.062699059024453163e-03,-1.377516090869903564e-01,-7.935345917940139771e-02,9.083569794893264771e-02,-2.559904158115386963e-01,5.615252852439880371e-01,1.229481846094131470e-01,8.884628862142562866e-02,-5.727470293641090393e-02,4.262229204177856445e-01,-2.598261088132858276e-02,3.850360512733459473e-01,7.188898324966430664e-02,-6.347453594207763672e-02,1.392603069543838501e-01,2.367706149816513062e-01,6.657275557518005371e-02,6.548323482275009155e-02,4.212140142917633057e-01,6.655857898294925690e-03,3.975745290517807007e-02,-2.353031188249588013e-01,-1.875865757465362549e-01,1.071328297257423401e-01,-4.929960146546363831e-02,2.124539017677307129e-02,-2.806897833943367004e-02,-7.777951657772064209e-02,-7.282231003046035767e-02,-2.759581506252288818e-01,-4.987671971321105957e-02,-2.197642773389816284e-01,-1.522634625434875488e-01,1.576625257730484009e-01,2.691539824008941650e-01,-5.363274831324815750e-03,6.794498115777969360e-02,1.352816075086593628e-01,-2.597537934780120850e-01,-2.175445407629013062e-01,-8.225215598940849304e-03,4.210421741008758545e-01,-1.051511913537979126e-01,1.532873809337615967e-01,-1.229360997676849365e-01,-1.650472171604633331e-02,-2.458087354898452759e-01,-7.106231153011322021e-02,-1.602568030357360840e-01,3.409888148307800293e-01,-6.117936596274375916e-02,-1.409263610839843750e-01,3.429879993200302124e-02,1.274772137403488159e-01,2.029117494821548462e-01,1.005594730377197266e-01,9.673315100371837616e-03,-1.676579415798187256e-01,2.819376438856124878e-02,2.627848684787750244e-01,-3.260647505521774292e-02,3.916302919387817383e-01,3.469268977642059326e-01,-2.342061549425125122e-01,-6.536948680877685547e-01,-5.222610011696815491e-02,-2.053159922361373901e-01,-8.072645217180252075e-02,-5.811338871717453003e-02,-1.284016519784927368e-01,1.360661536455154419e-01,2.799248993396759033e-01,1.348901242017745972e-01,2.146210223436355591e-01,2.263129353523254395e-01,7.519660890102386475e-02,-1.663265191018581390e-02,-1.014805957674980164e-01,7.397855073213577271e-02,-2.818982899188995361e-01,4.430291056632995605e-01,1.758167445659637451e-01,-2.700999081134796143e-01,3.389962613582611084e-01,1.055844724178314209e-01,-8.226504549384117126e-03,-3.312020301818847656e-01,4.041305184364318848e-02,3.687622025609016418e-02,1.829285174608230591e-01,2.990949749946594238e-01,-5.121247768402099609e-01,-3.020712733268737793e-01,-6.456296890974044800e-02,-9.683679789304733276e-02,9.863464534282684326e-02,-1.541077941656112671e-01,-1.054805293679237366e-01,4.584427550435066223e-02,-6.076971068978309631e-02,1.924495846033096313e-01,-1.115109398961067200e-02,-7.104896008968353271e-02,-4.268642663955688477e-01,2.840555906295776367e-01,-6.979253143072128296e-02,-9.030967950820922852e-02,-1.899444013833999634e-01,4.315770864486694336e-01,2.257931828498840332e-01,-1.109487563371658325e-01,2.819822430610656738e-01,-5.420544371008872986e-02,1.742843538522720337e-01,-1.119567453861236572e-01,-2.114114910364151001e-01,-4.215173795819282532e-02,-1.407488342374563217e-02,-3.439998030662536621e-01,-1.009071618318557739e-01,1.257748901844024658e-01,1.615938842296600342e-01,2.217720299959182739e-01,-1.029289290308952332e-01,3.888877481222152710e-02,-1.420828402042388916e-01,-2.619934380054473877e-01,3.377833217382431030e-02,1.904306411743164062e-01,1.316773891448974609e-01,-1.741408407688140869e-01,1.431641280651092529e-01,-2.123347669839859009e-01,1.472892165184020996e-01,3.175326883792877197e-01,3.596753776073455811e-01,1.008198261260986328e-01,1.693278364837169647e-02,1.767029613256454468e-01,3.305936455726623535e-01,-1.732935607433319092e-01,1.114022508263587952e-01,-2.398308515548706055e-01,-8.126767352223396301e-03,1.775731361703947186e-04,1.345873624086380005e-01,-1.345293819904327393e-01,-5.037719383835792542e-02,-1.103539094328880310e-01,-2.397150099277496338e-01,-8.364728838205337524e-02,9.589572250843048096e-02,2.264405936002731323e-01,-1.652080863714218140e-01,1.357994079589843750e-01,-1.038092598319053650e-01,-5.899493768811225891e-02,-2.885305285453796387e-01,4.374676942825317383e-02,-2.165623158216476440e-01,5.804385989904403687e-02,-2.617704868316650391e-01,7.973624765872955322e-02,2.260846048593521118e-01,-2.818519175052642822e-01,1.673863083124160767e-01,2.349027246236801147e-01,3.439876139163970947e-01,-1.781462579965591431e-01,-1.957945376634597778e-01,-1.822545826435089111e-01,2.134506031870841980e-02,2.374944835901260376e-02,-3.642276301980018616e-02,9.138716012239456177e-02,-9.129553288221359253e-02,-6.474028527736663818e-02,-5.914317816495895386e-02,-1.020767018198966980e-01,-1.254641115665435791e-01,-1.909533739089965820e-01,-1.096759811043739319e-01,-2.146688252687454224e-01,-8.381093293428421021e-02,-2.086799293756484985e-01,2.200689315795898438e-01,-2.370564490556716919e-01,-1.923175454139709473e-01,-3.192247748374938965e-01,-6.626968830823898315e-02,3.307540118694305420e-01,-9.129516780376434326e-02,-2.195479422807693481e-01,-2.166799604892730713e-01,-2.529845833778381348e-01,-1.029074415564537048e-01,1.455366015434265137e-01,7.379823178052902222e-02,-6.228222977370023727e-03,-4.563884735107421875e-01,4.756962060928344727e-01,1.044959798455238342e-01,-3.494029343128204346e-01,-2.597233839333057404e-02,-2.832654491066932678e-02,-3.292490541934967041e-01,-1.345535516738891602e-01,1.773612052202224731e-01,6.630690395832061768e-02,7.088368386030197144e-02,6.664001196622848511e-02,-2.249831408262252808e-01,-1.317963283509016037e-02,4.825931042432785034e-03,1.058698147535324097e-01,1.201969459652900696e-01,1.679656356573104858e-01,-4.946852847933769226e-02,-4.111239910125732422e-01,-3.005729429423809052e-02,5.045321211218833923e-02,3.438971936702728271e-01,-9.477614611387252808e-02,4.919895529747009277e-01,-4.553251340985298157e-02,-1.378711760044097900e-01,-4.607175663113594055e-02,1.274603456258773804e-01,7.746972143650054932e-02,1.982595026493072510e-01,3.642646223306655884e-02,1.410552859306335449e-01,-4.737762361764907837e-02,-1.221532002091407776e-01,9.234058111906051636e-02,9.099348634481430054e-02,1.148033589124679565e-01,-8.816273510456085205e-02,-4.648868739604949951e-02,-1.852850466966629028e-01,1.904985159635543823e-01,7.492449879646301270e-02,-1.339242011308670044e-01,1.667987108230590820e-01,-3.977164626121520996e-02,6.300286948680877686e-02,1.954674124717712402e-01,-1.173176243901252747e-01,-7.806207984685897827e-02,-7.574108242988586426e-02,-5.805395916104316711e-02,-2.221655249595642090e-01,-8.051332831382751465e-02,-4.575923457741737366e-02,-2.055464684963226318e-01,1.470303535461425781e-01,-1.240247786045074463e-01,-4.541516304016113281e-01,2.578037232160568237e-02,1.243071258068084717e-01,-1.438638418912887573e-01,-8.325309306383132935e-02,-3.391191735863685608e-02,-5.890443176031112671e-02,-6.077706441283226013e-02,3.530237823724746704e-02,8.732262998819351196e-02,5.459992960095405579e-02,-3.698225021362304688e-01,-1.894684731960296631e-01,7.987897843122482300e-02,-2.012719959020614624e-01,-3.860941231250762939e-01,-1.419580131769180298e-01,1.337203532457351685e-01,2.040888220071792603e-01,4.241665825247764587e-02,1.209838464856147766e-01,-1.287711411714553833e-01,-7.030293811112642288e-03,9.000741690397262573e-02,-3.177816271781921387e-01,2.384902536869049072e-01,2.644060552120208740e-01,-1.982746124267578125e-01,9.555793553590774536e-02,-4.616643860936164856e-02,1.469812989234924316e-01,3.978869691491127014e-02,-2.727963961660861969e-03,-2.697278559207916260e-01,1.887916326522827148e-01,-3.488291203975677490e-01,-4.122718870639801025e-01,-2.248357087373733521e-01,-2.547170817852020264e-01,-1.131016202270984650e-02,4.570826515555381775e-02,1.729089468717575073e-01,-3.862997516989707947e-02,-8.702842518687248230e-03,2.136718779802322388e-01,-4.632826149463653564e-02,1.071774289011955261e-01,2.088151685893535614e-02,-2.382183670997619629e-01,-7.991786301136016846e-02,-1.486687511205673218e-01,-1.837881505489349365e-01,-5.250058174133300781e-01,-1.983593031764030457e-02,-8.534216880798339844e-02,-9.055638685822486877e-03,-2.522512674331665039e-01,4.344431683421134949e-02,-3.057221323251724243e-02,1.861212998628616333e-01,-2.770743668079376221e-01,5.854953452944755554e-02,-1.809573024511337280e-01,-1.389585733413696289e-01,5.279335379600524902e-02,-1.859687715768814087e-01,-1.438660919666290283e-01,-2.502416670322418213e-01,1.370864808559417725e-01,4.572152718901634216e-02,1.407838016748428345e-01,3.633446991443634033e-02,1.096542477607727051e-01,-5.994172766804695129e-02,1.464722305536270142e-01,-2.411473989486694336e-01,-3.556483983993530273e-01,9.721040725708007812e-02,4.836541041731834412e-02,2.159982025623321533e-01,-2.932956814765930176e-01,-2.431118786334991455e-01,1.390358954668045044e-01,1.367942690849304199e-01,2.531220316886901855e-01,-2.453712373971939087e-02,6.601230800151824951e-02,-3.498663008213043213e-01,-1.487799882888793945e-01,1.895244121551513672e-01,-8.879045397043228149e-02,2.486788481473922729e-01,1.748197376728057861e-01,-3.943623602390289307e-02,1.676841080188751221e-01,-2.192615419626235962e-01,3.538509830832481384e-02,-8.558457344770431519e-02,-7.448448985815048218e-02,1.214844454079866409e-02,6.818420439958572388e-02,-2.983366511762142181e-02,-3.805994391441345215e-01,-2.054470926523208618e-01,1.390487998723983765e-01,-1.125523149967193604e-01,-5.371144786477088928e-02,-1.025365144014358521e-01,8.704786002635955811e-02,3.830835968255996704e-02,1.165100000798702240e-02,5.615984275937080383e-02,-3.127673640847206116e-02,-5.772391334176063538e-03,2.582797408103942871e-01,-4.927975535392761230e-01,1.090419515967369080e-01,1.919877482578158379e-03,7.661845535039901733e-02,-2.045210264623165131e-02,9.864364564418792725e-02,-1.575794667005538940e-01,-8.469630032777786255e-02,4.735403358936309814e-01,-1.851526200771331787e-01,4.356603138148784637e-03,-8.093086630105972290e-02,1.328295022249221802e-01,2.147348076105117798e-01,1.450922340154647827e-01,4.635760188102722168e-02,9.220568835735321045e-02,7.430942356586456299e-02,-2.430990487337112427e-01,8.607538789510726929e-02,1.347399353981018066e-01,-1.346107870340347290e-01,1.311154961585998535e-01,-7.361863553524017334e-02,-1.960257142782211304e-01,-6.031072735786437988e-01,1.497121453285217285e-01,1.966687291860580444e-01,4.138205945491790771e-02,1.841697096824645996e-01,8.412414789199829102e-02,7.399668544530868530e-02,2.105656415224075317e-01,-1.901111751794815063e-01,2.424779683351516724e-01,1.488186419010162354e-01,-2.102773822844028473e-02,-1.022776141762733459e-01,-7.698746025562286377e-02,3.469376638531684875e-02,1.217064335942268372e-01,3.806662186980247498e-02,-1.767442971467971802e-01,2.072601616382598877e-01,2.872942201793193817e-02,2.588494122028350830e-01,-1.005224809050559998e-01,3.552170991897583008e-01,1.583228111267089844e-01,7.733514904975891113e-02,-3.100026771426200867e-02,1.757710725069046021e-01,1.933526098728179932e-01,1.302921175956726074e-01,2.457942664623260498e-01,2.352862656116485596e-01,-6.610770821571350098e-01,1.578778028488159180e-01,5.449979379773139954e-02,1.927064061164855957e-01,6.143329082988202572e-04,2.362861111760139465e-02,-2.403629384934902191e-02,2.485392838716506958e-01,-1.876402460038661957e-02,1.028319522738456726e-01,-3.351380676031112671e-02,-1.844216436147689819e-01,2.420106157660484314e-02,2.108950354158878326e-02,-3.091522455215454102e-01,-7.816498726606369019e-02,-6.567055732011795044e-02,-1.209276989102363586e-01,-3.310197889804840088e-01,-1.580031514167785645e-01,3.275952041149139404e-01,4.096125364303588867e-01,1.666930615901947021e-01,2.701918780803680420e-01,9.818643331527709961e-02,1.669165492057800293e-01,-2.474724315106868744e-02,2.769532501697540283e-01,-8.045993000268936157e-02,-5.996259301900863647e-02,1.015488523989915848e-02,6.453096121549606323e-02,-1.191115677356719971e-01,-2.194050848484039307e-01,-4.617962241172790527e-02,-2.615354955196380615e-01,4.266213253140449524e-02,2.655606567859649658e-01,1.099634990096092224e-01,1.337136477231979370e-01,-9.992243349552154541e-02,1.153190732002258301e-01,3.812424838542938232e-02,-3.895049169659614563e-02,5.164863467216491699e-01,1.255397200584411621e-01,-1.671425104141235352e-01,-2.255092002451419830e-02,3.661609813570976257e-02,1.077424883842468262e-01,8.828359842300415039e-02,-4.167199134826660156e-01,3.552535921335220337e-02,1.297548562288284302e-01,-1.677388250827789307e-01,-3.658926784992218018e-01,2.550983615219593048e-02,-5.293497443199157715e-02,-2.599961757659912109e-01,3.064136803150177002e-01,-1.704801172018051147e-01,-1.859581172466278076e-01,-2.658970952033996582e-01,1.941156238317489624e-01,2.756540775299072266e-01,6.667803227901458740e-02,2.242040932178497314e-01,3.043814301490783691e-01,-1.423408091068267822e-01,3.416792452335357666e-01,1.848694980144500732e-01,1.199115961790084839e-01,-1.591292172670364380e-01,-1.051064282655715942e-01,-2.653481997549533844e-02,2.250294089317321777e-01,2.002335190773010254e-01,3.555940464138984680e-02,-2.163807004690170288e-01,3.538954257965087891e-01,2.585634291172027588e-01,9.340205788612365723e-02,-1.329175084829330444e-01,2.554533779621124268e-01,2.127133458852767944e-01,1.374297216534614563e-02,7.440898567438125610e-02,1.227862685918807983e-01,-6.678339838981628418e-02,1.203598827123641968e-01,7.814160734415054321e-02,3.062739074230194092e-01,1.945135146379470825e-01,-3.323419392108917236e-02,-2.551461458206176758e-01,2.646686434745788574e-01,-9.863323718309402466e-02,-2.632461488246917725e-01,-2.147072367370128632e-02,-7.183048129081726074e-02,7.458000630140304565e-02,-1.839167177677154541e-01,-3.521374166011810303e-01,-4.237997159361839294e-02,-1.013782471418380737e-01,-1.793582886457443237e-01,-1.333086788654327393e-01,2.448244392871856689e-01,-2.693863809108734131e-01,6.048028171062469482e-02,-1.960446834564208984e-01,6.443046033382415771e-02,-6.773280352354049683e-02,-7.520888000726699829e-02,-9.958719462156295776e-02,-1.378227323293685913e-01,5.178035795688629150e-02,-2.009931802749633789e-01,1.663968861103057861e-01,-2.962964475154876709e-01,3.430832326412200928e-01,-1.399571001529693604e-01,4.037100672721862793e-01,7.141245063394308090e-03,-1.233449801802635193e-01,2.277857810258865356e-01,3.814050927758216858e-02,7.656032592058181763e-02,-1.888378411531448364e-01,1.611009985208511353e-01,-1.122954394668340683e-02,-1.810084134340286255e-01,-3.368785604834556580e-02,-8.626411110162734985e-02,-1.499603241682052612e-01,2.396279871463775635e-01,3.725560009479522705e-02,3.981139063835144043e-01,2.726599574089050293e-02
1.066449657082557678e-01,-6.023052707314491272e-02,-1.568523198366165161e-01,-1.063790451735258102e-02,-1.720640361309051514e-01,-1.205850467085838318e-01,1.877521872520446777e-01,-8.978901058435440063e-02,2.513650953769683838e-01,8.980748057365417480e-02,5.531912669539451599e-02,1.966956770047545433e-03,2.572255730628967285e-01,3.755024373531341553e-01,6.446401774883270264e-02,1.104369387030601501e-01,-8.714500069618225098e-02,-1.141316890716552734e-01,1.132586374878883362e-01,-9.547457844018936157e-02,2.360621988773345947e-01,-2.934071235358715057e-02,2.699723243713378906e-01,-1.619733683764934540e-02,2.731487341225147247e-02,-2.992114424705505371e-01,-6.899300962686538696e-02,-3.376355171203613281e-01,-1.080702841281890869e-01,-2.737723104655742645e-02,7.608911022543907166e-03,-1.335070729255676270e-01,-6.174018606543540955e-03,-1.113253459334373474e-01,-1.860370039939880371e-01,1.373712122440338135e-01,1.344455629587173462e-01,-3.613055348396301270e-01,6.291918456554412842e-02,4.648687317967414856e-02,1.411069035530090332e-01,-3.226461410522460938e-01,-1.672002226114273071e-01,3.581495583057403564e-02,2.103074342012405396e-01,-6.012783944606781006e-02,8.817493915557861328e-03,-2.894840762019157410e-02,-1.678807586431503296e-01,3.692635893821716309e-01,-1.899799518287181854e-02,4.503518342971801758e-02,-1.600489169359207153e-01,4.464457184076309204e-02,7.598297297954559326e-02,2.720549516379833221e-02,-2.803765833377838135e-01,-5.838504061102867126e-02,3.734537959098815918e-02,1.176229342818260193e-01,3.518739640712738037e-01,1.559131592512130737e-02,2.755663916468620300e-02,5.508646965026855469e-01,-1.593423783779144287e-01,-5.717675015330314636e-02,1.842043995857238770e-01,5.762114375829696655e-02,3.918200135231018066e-01,-2.184411734342575073e-01,-2.032464295625686646e-01,-5.405811127275228500e-03,-2.820638008415699005e-02,1.775653660297393799e-02,4.012770578265190125e-02,-1.693960577249526978e-01,-2.680238783359527588e-01,-6.055610775947570801e-01,3.394692838191986084e-01,-3.030228316783905029e-01,1.317293196916580200e-01,1.405851244926452637e-01,-3.229394927620887756e-02,2.464981526136398315e-01,2.991629838943481445e-01,-2.533436119556427002e-01,7.218093425035476685e-02,-4.239762574434280396e-02,3.439325392246246338e-01,-1.304624825716018677e-01,7.872384786605834961e-01,2.098201587796211243e-02,2.427410185337066650e-01,2.886523604393005371e-01,-7.714339345693588257e-02,1.851675957441329956e-01,1.602659374475479126e-01,1.468329411000013351e-02,-1.019554063677787781e-01,2.747670514509081841e-03,-1.126790493726730347e-01,5.654201284050941467e-02,3.500678837299346924e-01,-1.546711027622222900e-01,2.057746052742004395e-01,-5.991806089878082275e-02,1.690310984849929810e-01,-9.872911032289266586e-04,-1.984184086322784424e-01,2.138162106275558472e-01,5.157143622636795044e-02,-1.455938369035720825e-01,-1.873695999383926392e-01,2.725410461425781250e-01,-2.239765673875808716e-01,3.834321200847625732e-01,-2.319872938096523285e-02,7.155892997980117798e-02,3.232100605964660645e-01,-2.519490122795104980e-01,4.910595715045928955e-03,-3.007533550262451172e-01,9.700877964496612549e-02,2.490966916084289551e-01,-2.352598607540130615e-01,7.863595485687255859e-01,-8.325967192649841309e-02,2.736965939402580261e-02,-2.773046679794788361e-02,-9.095964580774307251e-02,8.568622916936874390e-02,-1.040215790271759033e-02,-1.228744611144065857e-01,6.980676949024200439e-02,4.225000739097595215e-02,-1.793152242898941040e-01,2.569775655865669250e-02,-5.309644937515258789e-01,-1.146004255861043930e-02,2.880867123603820801e-01,5.029690638184547424e-02,3.053577244281768799e-02,2.413452118635177612e-01,-2.600190639495849609e-01,2.844722568988800049e-01,-4.487155377864837646e-01,1.601571403443813324e-02,-2.055041193962097168e-01,-3.221381604671478271e-01,-4.381128773093223572e-02,1.033104136586189270e-01,2.158831954002380371e-01,-1.199005171656608582e-01,6.101225614547729492e-01,-1.115807518362998962e-01,1.951967775821685791e-01,-1.447947043925523758e-02,-3.855921700596809387e-02,8.687853813171386719e-02,-2.479876875877380371e-01,-9.581036120653152466e-02,-4.947179928421974182e-02,2.977237105369567871e-01,-4.370135068893432617e-01,-1.524640470743179321e-01,-8.675616979598999023e-02,1.468673944473266602e-01,-9.314641356468200684e-02,3.835949599742889404e-01,1.812830865383148193e-01,2.451539337635040283e-01,-1.106954887509346008e-01,-1.610272973775863647e-01,-2.613477110862731934e-01,-7.877607643604278564e-02,1.407045722007751465e-01,-9.720642119646072388e-02,2.670881450176239014e-01,-5.263834074139595032e-02,2.169125229120254517e-01,-9.910276532173156738e-02,1.111056134104728699e-01,2.199639230966567993e-01,1.546157598495483398e-01,2.170871347188949585e-01,-3.259289860725402832e-01,5.054916143417358398e-01,1.232672706246376038e-01,3.325144648551940918e-01,-8.261155337095260620e-02,7.808236777782440186e-02,6.454205513000488281e-01,-2.173050194978713989e-01,2.458104640245437622e-01,-1.923563191667199135e-03,1.257589906454086304e-01,-2.890580296516418457e-01,-2.785413563251495361e-01,3.919934332370758057e-01,7.873822748661041260e-02,8.223477751016616821e-02,-2.413808256387710571e-01,-6.991786509752273560e-02,-3.868959546089172363e-01,1.929158717393875122e-01,1.091818735003471375e-01,-3.556274771690368652e-01,-1.051910445094108582e-01,1.689086258411407471e-01,-2.837448418140411377e-01,9.692515432834625244e-02,1.597015708684921265e-01,-1.191059127449989319e-01,1.101799830794334412e-01,-9.662200510501861572e-02,1.364235281944274902e-01,1.570462435483932495e-01,8.634766936302185059e-02,3.892661258578300476e-02,-7.399503141641616821e-02,-4.455076158046722412e-01,3.035463392734527588e-01,-2.836076617240905762e-01,4.254489839076995850e-01,2.321932464838027954e-01,-2.548522651195526123e-01,-2.221710234880447388e-01,-4.402796551585197449e-02,-1.123790740966796875e-01,6.700170040130615234e-02,1.172186285257339478e-01,-4.143902361392974854e-01,-2.935854792594909668e-01,-8.867595791816711426e-01,-2.211708426475524902e-01,-3.203967213630676270e-01,-3.240538537502288818e-01,2.129038423299789429e-01,2.570660710334777832e-01,-9.949021786451339722e-02,8.168015629053115845e-02,6.589041650295257568e-02,1.302811801433563232e-01,2.743642628192901611e-01,-1.959303170442581177e-01,-1.557430922985076904e-01,4.070170968770980835e-02,5.817581340670585632e-02,5.552583932876586914e-01,1.668746471405029297e-01,2.018162049353122711e-03,2.278357595205307007e-01,-1.729262173175811768e-01,3.672885298728942871e-01,-2.858041524887084961e-01,5.948914214968681335e-02,1.828427165746688843e-01,-1.643337011337280273e-01,1.453267186880111694e-01,8.148103207349777222e-02,8.971650153398513794e-03,1.039511710405349731e-01,1.023893803358078003e-01,-7.679851353168487549e-02,5.396492406725883484e-02,-1.056611686944961548e-01,2.104223519563674927e-02,6.016542762517929077e-02,-1.355000585317611694e-01,-9.206904470920562744e-02,-2.969284653663635254e-01,-2.514709532260894775e-01,5.536437034606933594e-01,-1.555109769105911255e-01,-2.026912122964859009e-01,-5.713751912117004395e-01,1.712083518505096436e-01,-2.624310851097106934e-01,2.343317121267318726e-01,5.401759222149848938e-02,-1.967947334051132202e-01,1.926101744174957275e-01,-1.897448897361755371e-01,2.559117414057254791e-02,-5.628684163093566895e-01,-4.944548942148685455e-03,-1.797395050525665283e-01,-1.477086693048477173e-01,-1.067187543958425522e-02,-1.690330356359481812e-01,6.077462062239646912e-02,9.038428217172622681e-02,1.338551938533782959e-01,-7.622884586453437805e-03,4.577392935752868652e-01,-1.670322120189666748e-01,-4.243033826351165771e-01,1.244554966688156128e-01,1.010091304779052734e-01,1.368585079908370972e-01,6.890659034252166748e-02,4.895780980587005615e-02,3.884165883064270020e-01,1.922037303447723389e-01,-6.458553671836853027e-02,3.083700872957706451e-02,-6.744716316461563110e-02,7.091131061315536499e-02,-3.054394125938415527e-01,-1.733298897743225098e-01,3.409936651587486267e-02,8.719369024038314819e-02,2.630934417247772217e-01,-4.067948758602142334e-01,1.153307557106018066e-01,-3.777481317520141602e-01,-1.006907075643539429e-01,-1.759764701128005981e-01,1.278298199176788330e-01,-7.466206699609756470e-02,3.218203186988830566e-01,-1.193929910659790039e-01,7.231741398572921753e-02,1.979340016841888428e-01,1.249347254633903503e-01,-1.647171527147293091e-01,-2.955548167228698730e-01,-2.783571481704711914e-01,-9.807523339986801147e-02,-6.233171373605728149e-02,-2.305643558502197266e-01,3.004345484077930450e-02,3.019107580184936523e-01,-2.293497696518898010e-02,-3.900540620088577271e-02,3.990380093455314636e-02,-2.433135360479354858e-01,2.540205419063568115e-01,4.626256823539733887e-01,4.080480933189392090e-01,1.048570051789283752e-01,1.302608661353588104e-02,-2.697441577911376953e-01,-1.081175133585929871e-01,1.197511181235313416e-01,6.810927391052246094e-02,1.528024673461914062e-01,1.354707032442092896e-01,-1.035941839218139648e-01,-2.776162624359130859e-01,1.840109080076217651e-01,-4.623841121792793274e-02,-1.028628349304199219e-01,-2.172145843505859375e-01,-1.906220912933349609e-01,-3.613778650760650635e-01,-6.131350398063659668e-01,3.925689458847045898e-01,2.519722878932952881e-01,1.928655207157135010e-01,-4.713139310479164124e-02,-5.415572524070739746e-01,1.483937026932835579e-03,-2.202362418174743652e-01,2.801815569400787354e-01,-1.441923826932907104e-01,-2.411245107650756836e-01,7.619421184062957764e-02,1.784617304801940918e-01,-5.556777715682983398e-01,6.665128283202648163e-03,-1.797386109828948975e-01,-3.538643419742584229e-01,2.571633756160736084e-01,-1.264014691114425659e-01,4.434215649962425232e-02,-6.396742910146713257e-02,1.112692356109619141e-01,-1.426575779914855957e-01,-9.619230031967163086e-02,3.666530596092343330e-03,-4.121288359165191650e-01,3.813824057579040527e-02,5.241428613662719727e-01,-3.029934167861938477e-01,-7.293156534433364868e-02,-1.875783801078796387e-01,1.812747716903686523e-01,1.039065867662429810e-01,-1.049732267856597900e-01,1.307322233915328979e-01,-9.114167839288711548e-02,-3.271417617797851562e-01,6.531696766614913940e-02,2.654910683631896973e-01,-2.905185520648956299e-01,6.745283305644989014e-02,1.742374300956726074e-01,3.034618683159351349e-02,-1.246287226676940918e-01,-2.917822599411010742e-01,5.081039667129516602e-01,-3.295524045825004578e-02,-1.782222092151641846e-01,-1.196437105536460876e-01,1.091531068086624146e-01,7.317898422479629517e-02,-5.457958579063415527e-01,-2.046529948711395264e-01,3.166680634021759033e-01,1.579281389713287354e-01,1.029383093118667603e-01,5.818523839116096497e-02,1.133896932005882263e-01,-8.430723100900650024e-02,6.864289194345474243e-02,-3.105062544345855713e-01,5.612394809722900391e-01,3.474313616752624512e-01,4.469320643693208694e-03,-7.390783727169036865e-02,-1.706866025924682617e-01,3.465468585491180420e-01,-4.548576176166534424e-01,4.350312352180480957e-01,-1.823071837425231934e-01,2.669490277767181396e-01,3.059330582618713379e-01,-3.363637924194335938e-01,2.074176818132400513e-01,-6.641090661287307739e-02,2.895322442054748535e-01,3.071217238903045654e-01,-4.716948270797729492e-01,-5.882285833358764648e-01,-1.694409847259521484e-01,5.602167844772338867e-01,-5.464192032814025879e-01,2.523479163646697998e-01,2.607891261577606201e-01,7.887629866600036621e-01,-1.656396687030792236e-02,1.327028721570968628e-01,3.881994187831878662e-01,2.406723648309707642e-01,1.427408605813980103e-01,-2.151610516011714935e-02,-8.617947250604629517e-02,-3.917182385921478271e-01,-2.039732970297336578e-02,6.982921361923217773e-01,-1.968636810779571533e-01,2.732607424259185791e-01,-6.373308598995208740e-03,4.221382439136505127e-01,3.256011605262756348e-01,-1.411206722259521484e-01,2.847520112991333008e-01,-3.694061562418937683e-02,7.585584372282028198e-02,1.874978989362716675e-01,-2.705249786376953125e-01,8.676379173994064331e-02,3.024435937404632568e-01,4.650003463029861450e-02,-3.046836005523800850e-03,-6.878994405269622803e-02,1.016585826873779297e-01,-1.532076746225357056e-01,1.964432448148727417e-01,-4.472392797470092773e-01,-1.568995416164398193e-01,-1.018624380230903625e-01,-2.723235487937927246e-01,-8.640235662460327148e-02,-1.142839416861534119e-01,1.260274797677993774e-01,-1.451805531978607178e-01,2.494759708642959595e-01,1.282727569341659546e-01,5.722554400563240051e-02,-3.108262717723846436e-01,-4.556494653224945068e-01,-2.107573598623275757e-01,-8.010868728160858154e-02,-5.669894441962242126e-02,3.393112719058990479e-01,7.784593850374221802e-02,1.890079975128173828e-01,-2.374905049800872803e-01,-7.313484698534011841e-02,-2.497284859418869019e-01,1.404414176940917969e-01,8.033540099859237671e-02,6.233338266611099243e-02,-9.407452493906021118e-02,1.017988324165344238e-01,3.145789355039596558e-02,9.532331489026546478e-03,-2.064774930477142334e-01,-1.265131086111068726e-01,-2.263306528329849243e-01,1.454823184758424759e-02,-1.700105071067810059e-01,8.913555741310119629e-02,-7.762116938829421997e-02,9.657556563615798950e-02,4.401997476816177368e-02,1.792154908180236816e-01,-1.099865287542343140e-01,-8.558084070682525635e-02,-2.318194508552551270e-01,1.501842681318521500e-02,2.013594806194305420e-01,1.599551886320114136e-01,-2.662350833415985107e-01,3.525284677743911743e-02,8.643911033868789673e-02,2.849419414997100830e-01,5.044449865818023682e-02,-4.365341067314147949e-01,1.825293600559234619e-01,7.082947343587875366e-02,3.772431015968322754e-01,-2.341190278530120850e-01,-5.378110408782958984e-01,3.384409844875335693e-01,9.772480279207229614e-02,2.258504331111907959e-01,-2.966358140110969543e-02,6.101879756897687912e-03,-3.897747993469238281e-01,7.830659151077270508e-01,-1.399107873439788818e-01,4.295827746391296387e-01,-1.717983931303024292e-01,-7.690349221229553223e-02,1.140365600585937500e-01,-4.617703258991241455e-01,-2.740554511547088623e-01,-7.267766166478395462e-03,-6.488583981990814209e-02,2.297167479991912842e-01,3.520930930972099304e-02,-2.737820334732532501e-02,-4.834160581231117249e-02,2.195422798395156860e-01,-1.417300254106521606e-01,1.292774528264999390e-01,1.932047903537750244e-01,4.987310171127319336e-01,-2.016019076108932495e-02,1.207453161478042603e-01,-2.580834925174713135e-01,-6.179714575409889221e-03,-2.982344329357147217e-01,6.023951619863510132e-02,-3.780877590179443359e-01,2.213587015867233276e-01,-1.610106378793716431e-01,1.099304258823394775e-01,-1.596013009548187256e-01,1.089480742812156677e-01,-1.751159131526947021e-01,1.187194585800170898e-01,-2.409119307994842529e-01,-5.347839370369911194e-02,-4.311751723289489746e-01,2.634423375129699707e-01,-2.421078979969024658e-01,3.441384732723236084e-01,2.281379699707031250e-01,2.757900059223175049e-01,3.885036706924438477e-02,-3.515177965164184570e-01,2.860581874847412109e-01,1.821878701448440552e-01,2.159569859504699707e-01,-2.444552034139633179e-01,3.394948840141296387e-01,-7.735389471054077148e-02,6.982581317424774170e-02,-2.086166292428970337e-01,2.293710857629776001e-01,3.451381027698516846e-01,9.978453069925308228e-02,-1.671577543020248413e-01,6.612604111433029175e-02,2.843870520591735840e-01,1.562340855598449707e-01,-3.150554597377777100e-01,3.429831266403198242e-01,-3.723934888839721680e-01,2.092363834381103516e-01,-4.711066558957099915e-02,1.369439065456390381e-01,4.118914008140563965e-01,4.097596704959869385e-01,-2.344804704189300537e-01,-1.928731054067611694e-01,-1.398557275533676147e-01,-1.330542862415313721e-01,9.528230130672454834e-02,2.481800764799118042e-01,-2.477032989263534546e-01,-9.793221205472946167e-02,-4.373694658279418945e-01,1.652652025222778320e-01,1.699604988098144531e-01,1.277998089790344238e-03,1.453400254249572754e-01,-4.033034443855285645e-01,-2.095704525709152222e-01,5.671723186969757080e-02,4.505062401294708252e-01,-1.993497312068939209e-01,-1.451051235198974609e-01,-5.338216572999954224e-02,-1.661403477191925049e-01,4.162545874714851379e-02,4.344234615564346313e-02,-9.895499795675277710e-02,1.890821754932403564e-01,2.313769795000553131e-02,1.741460561752319336e-01,-4.166454970836639404e-01,-4.171209409832954407e-02,1.732854545116424561e-01,2.749317884445190430e-02,-1.574610173702239990e-01,2.320677191019058228e-01,2.843663394451141357e-01,-2.289578616619110107e-01,-2.399493753910064697e-01,-5.120690539479255676e-02,1.100976392626762390e-01,4.338778927922248840e-02,-6.588350236415863037e-02,2.745864689350128174e-01,-1.819495260715484619e-01,-3.543160557746887207e-01,8.325735479593276978e-02,1.443199627101421356e-02,-1.884879767894744873e-01,-8.335343748331069946e-02,-4.826100170612335205e-01,-3.550696745514869690e-02,1.999273598194122314e-01,4.754194915294647217e-01,-2.505679428577423096e-01,-2.846827805042266846e-01,-1.596051901578903198e-01,-4.582952558994293213e-01,-2.946507558226585388e-02,-2.756627202033996582e-01,-3.869777321815490723e-01,-1.105940639972686768e-01,1.169248744845390320e-01,5.841161310672760010e-02,-6.358869373798370361e-02,4.560539722442626953e-01,1.226598173379898071e-01,-3.601124510169029236e-02,-2.591122090816497803e-01,-1.653000712394714355e-01,3.137497901916503906e-01,-3.341950476169586182e-01,-2.685583233833312988e-01,-5.876278504729270935e-02,-2.508955597877502441e-01,1.511813998222351074e-01,3.799444735050201416e-01,2.073795348405838013e-01,-2.367234826087951660e-01,1.006125286221504211e-01,3.916021436452865601e-02,1.674294620752334595e-01,3.240095973014831543e-01,-1.558731198310852051e-01,-7.981889694929122925e-02,-2.034048438072204590e-01,3.072113394737243652e-01,-1.547245234251022339e-01,-3.217771053314208984e-01,-4.137690961360931396e-01,-1.203513219952583313e-01,4.018915295600891113e-01,-3.987132906913757324e-01,3.528295457363128662e-01,8.270111866295337677e-04,-1.408145725727081299e-01,-7.270559668540954590e-02,-1.194015592336654663e-01,-7.265845313668251038e-03,3.589768707752227783e-01,-2.981083989143371582e-01,2.515552937984466553e-01,-6.874331235885620117e-01,2.988401055335998535e-01,-2.668524347245693207e-02,-5.602821707725524902e-02,-9.155620634555816650e-02,-3.737687766551971436e-01,4.117556512355804443e-01,-2.642993927001953125e-01,-3.165495693683624268e-01,1.803461462259292603e-01,9.823663532733917236e-02,-1.485717147588729858e-01,-2.397407144308090210e-01,-4.661907628178596497e-02,1.160044819116592407e-01,3.091300725936889648e-01,-2.021174319088459015e-02,1.555929481983184814e-01,2.066649645566940308e-01,-2.827093936502933502e-02,1.844931095838546753e-01,2.402416765689849854e-01,3.374976217746734619e-01,-3.208862543106079102e-01,-1.453414708375930786e-01,1.932723820209503174e-01,8.044391870498657227e-02,4.756340384483337402e-01,-4.939889535307884216e-03,-9.675356745719909668e-02,1.010983735322952271e-01,-9.052271395921707153e-02,-1.266243606805801392e-01,1.432509422302246094e-01,1.122497096657752991e-01,3.967246413230895996e-01,-4.650245010852813721e-01,-1.015742123126983643e-02,-1.805709302425384521e-01,3.058683872222900391e-01,1.356628537178039551e-01,2.603116035461425781e-01,1.469949781894683838e-01,-1.636785715818405151e-01,3.893343508243560791e-01,-2.479789406061172485e-02,5.225671455264091492e-02,2.177170217037200928e-01,-3.611420840024948120e-02,3.250072896480560303e-01,1.808879524469375610e-02,1.232149451971054077e-01,-5.853498578071594238e-01,3.781678387895226479e-03,-4.139831960201263428e-01,-1.740854531526565552e-01,-7.861096411943435669e-02,7.610891014337539673e-03,1.007437705993652344e-01,-2.855643071234226227e-02,4.925375059247016907e-02,-2.997145056724548340e-01,3.510412275791168213e-01,-4.234837889671325684e-01,-3.380758464336395264e-01,2.389652729034423828e-01,6.312800049781799316e-01,-1.706285178661346436e-01,2.279031723737716675e-01,-2.257006466388702393e-01,-2.889263927936553955e-01
-4.111703336238861084e-01,2.298729270696640015e-01,2.447314374148845673e-02,-5.351866483688354492e-01,-2.799370586872100830e-01,1.404902935028076172e-01,2.548018991947174072e-01,6.765397638082504272e-02,1.573420166969299316e-01,1.038056612014770508e-01,-2.644300758838653564e-01,3.289856016635894775e-01,-7.069451361894607544e-02,-1.200035586953163147e-01,-1.930659711360931396e-01,-7.213481515645980835e-02,1.326429396867752075e-01,2.484437078237533569e-01,-4.242637753486633301e-02,1.897354423999786377e-01,2.681168615818023682e-01,1.976728439331054688e-03,8.451869338750839233e-02,4.320312663912773132e-02,3.520416319370269775e-01,1.260103583335876465e-01,-4.673325270414352417e-02,1.601365208625793457e-01,-1.025494281202554703e-02,1.077522337436676025e-02,2.534013390541076660e-01,2.963929176330566406e-01,1.747551262378692627e-01,-2.082946524024009705e-02,4.400470759719610214e-03,2.073207944631576538e-01,1.310172230005264282e-01,3.298763558268547058e-02,-2.644003331661224365e-01,1.077969521284103394e-01,-4.296445250511169434e-01,-2.218443900346755981e-02,-2.757688164710998535e-01,-2.255714088678359985e-01,-6.282874941825866699e-02,2.074566856026649475e-02,-8.613733202219009399e-02,-2.513059079647064209e-01,-8.820077776908874512e-02,1.049001961946487427e-01,8.343101292848587036e-02,2.336499989032745361e-01,8.302073925733566284e-02,-1.048566773533821106e-01,3.834537863731384277e-01,-3.240039050579071045e-01,-1.112779416143894196e-02,-9.921687096357345581e-02,1.270689368247985840e-01,-2.330510318279266357e-01,6.273280084133148193e-02,-4.129341989755630493e-02,-1.973392814397811890e-01,-3.635077551007270813e-02,1.216291561722755432e-01,2.718480825424194336e-01,-9.677460789680480957e-02,-1.413107812404632568e-01,-2.182801365852355957e-01,-3.900305032730102539e-01,-9.892080724239349365e-02,-3.718522936105728149e-02,1.001753956079483032e-01,-4.552195221185684204e-02,1.489095836877822876e-01,-1.076590940356254578e-01,-1.343016326427459717e-01,-1.808433589758351445e-04,-1.249022129923105240e-02,2.236432731151580811e-01,-3.637946024537086487e-02,5.607930570840835571e-02,-1.264555156230926514e-01,9.696520864963531494e-02,5.145394802093505859e-02,-2.144917249679565430e-01,-2.317126542329788208e-01,6.649008393287658691e-02,-2.845273017883300781e-01,-3.061398863792419434e-01,-1.867746263742446899e-01,-2.813342511653900146e-01,3.625068366527557373e-01,-8.001847565174102783e-02,2.343512922525405884e-01,1.088004931807518005e-01,-2.848563194274902344e-01,1.594084948301315308e-01,1.660449057817459106e-01,-1.351059880107641220e-03,-2.820135056972503662e-01,5.443030223250389099e-02,2.934260368347167969e-01,2.197440564632415771e-01,1.108254678547382355e-02,-1.738370582461357117e-02,-4.703575372695922852e-01,-3.407545387744903564e-01,1.509214341640472412e-01,1.740271896123886108e-01,3.328791260719299316e-02,-1.588864810764789581e-02,-1.138605624437332153e-01,-1.215633749961853027e-02,-1.271446198225021362e-01,-3.243567645549774170e-01,2.203096635639667511e-02,2.429638057947158813e-01,-1.327260956168174744e-02,-1.799929440021514893e-01,1.214025244116783142e-01,-2.012285590171813965e-01,-2.755478210747241974e-02,-5.411633849143981934e-01,3.868431970477104187e-02,-2.159418761730194092e-01,8.819238096475601196e-02,-2.309074550867080688e-01,-3.580765724182128906e-01,-3.659556061029434204e-02,1.495393663644790649e-01,-3.909452632069587708e-02,6.621936708688735962e-02,-3.034705854952335358e-02,-1.560115218162536621e-01,6.289017945528030396e-02,2.704273909330368042e-02,-1.493971645832061768e-01,2.010841518640518188e-01,-1.177634969353675842e-01,1.129976287484169006e-01,1.192113459110260010e-01,1.932854652404785156e-01,1.580875366926193237e-01,-2.149454951286315918e-01,-1.673133298754692078e-02,-1.205807328224182129e-01,-1.731545627117156982e-01,1.596504300832748413e-01,5.004727840423583984e-01,-2.017578482627868652e-01,-1.675374060869216919e-01,-2.813992202281951904e-01,-1.371738016605377197e-01,-8.039385825395584106e-02,1.586964540183544159e-02,2.297811359167098999e-01,8.776555955410003662e-02,6.825929135084152222e-02,-1.114927977323532104e-02,-9.877114742994308472e-02,-1.646638810634613037e-01,-2.740891836583614349e-02,3.246066868305206299e-01,5.898084864020347595e-02,1.600218713283538818e-01,1.896776109933853149e-01,-9.490369819104671478e-03,-8.156456798315048218e-02,2.937427163124084473e-01,-7.789149880409240723e-02,-8.170228451490402222e-02,2.779628038406372070e-01,-1.840872913599014282e-01,1.224472820758819580e-01,-4.207624793052673340e-01,3.532380610704421997e-02,1.389315873384475708e-01,7.795232534408569336e-02,2.413090765476226807e-01,7.490979880094528198e-02,2.114846110343933105e-01,7.431299984455108643e-02,1.733346432447433472e-01,-6.409757584333419800e-02,-4.019675254821777344e-01,-7.518636435270309448e-02,1.216044276952743530e-02,1.995264738798141479e-01,-1.417466402053833008e-01,-5.238466709852218628e-02,4.379662275314331055e-01,6.978368014097213745e-02,-7.927823066711425781e-02,2.656294107437133789e-01,-5.381929874420166016e-02,-1.067559570074081421e-01,1.981199830770492554e-01,9.442256391048431396e-02,-1.471774429082870483e-01,6.342779994010925293e-01,3.309088945388793945e-01,9.505806118249893188e-02,8.192928135395050049e-02,-6.149439141154289246e-02,3.899667039513587952e-02,-7.545940112322568893e-03,1.974416822195053101e-01,-2.133445627987384796e-02,-1.365585029125213623e-01,1.452972143888473511e-01,-3.484174311161041260e-01,3.323731198906898499e-02,-2.550574764609336853e-02,1.948544383049011230e-01,-6.068551912903785706e-02,1.807530671358108521e-01,-5.512254312634468079e-02,-2.622327394783496857e-02,4.665679633617401123e-01,-3.299305215477943420e-02,-2.926953136920928955e-01,-4.061822965741157532e-02,-2.480858564376831055e-01,-1.131909117102622986e-01,-3.752248883247375488e-01,7.490294426679611206e-02,-4.817526787519454956e-02,1.090540662407875061e-01,-1.752640306949615479e-01,1.684952825307846069e-01,6.473965197801589966e-02,-6.763717625290155411e-03,-9.598080068826675415e-02,-3.486029505729675293e-01,1.063187699764966965e-02,-3.256787955760955811e-01,-1.096711158752441406e-01,1.402334868907928467e-01,-1.206973120570182800e-01,-1.168569400906562805e-01,1.520851999521255493e-01,-7.991596311330795288e-02,4.288955330848693848e-01,9.626438468694686890e-02,-4.312382638454437256e-02,4.483182132244110107e-01,4.813192412257194519e-02,-2.117713540792465210e-01,1.212898343801498413e-01,-1.265598684549331665e-01,1.037337183952331543e-01,1.837039738893508911e-01,2.672530412673950195e-01,-1.267470233142375946e-02,-2.487418055534362793e-01,-1.546539217233657837e-01,-6.722289323806762695e-02,-4.978458583354949951e-02,-1.464766263961791992e-01,-3.303211554884910583e-02,-1.959939897060394287e-01,-8.809778839349746704e-02,2.755889594554901123e-01,9.245865792036056519e-02,-4.483674187213182449e-03,6.546103954315185547e-02,-1.958079263567924500e-02,-2.930097877979278564e-01,-3.140782117843627930e-01,2.525582611560821533e-01,-3.041899204254150391e-01,4.422121867537498474e-02,1.374865509569644928e-02,-1.206745654344558716e-01,4.282715618610382080e-01,2.667446434497833252e-01,1.943767815828323364e-01,-5.512339472770690918e-01,4.610551893711090088e-01,5.246595740318298340e-01,3.677102178335189819e-02,-1.290217787027359009e-01,2.058729380369186401e-01,7.988651096820831299e-02,1.589847356081008911e-01,1.742423623800277710e-01,1.814354658126831055e-01,-6.196739524602890015e-02,1.630376130342483521e-01,-5.044884234666824341e-02,2.935358136892318726e-02,-1.189063414931297302e-01,-1.325732767581939697e-01,2.940697073936462402e-01,1.686483621597290039e-01,-1.983066052198410034e-01,7.827059179544448853e-02,3.905931860208511353e-02,-1.540712863206863403e-01,-2.470703274011611938e-01,1.870869994163513184e-01,-2.520533502101898193e-01,3.980140015482902527e-02,-9.205964207649230957e-02,3.139108419418334961e-02,1.403320878744125366e-01,-1.955103725194931030e-01,-1.372990310192108154e-01,-8.447727560997009277e-02,-3.589377701282501221e-01,1.939721256494522095e-01,1.647552661597728729e-02,1.072035729885101318e-02,2.963270843029022217e-01,-7.940346747636795044e-02,-4.164125323295593262e-01,1.744248420000076294e-01,-1.620101630687713623e-01,2.028796672821044922e-01,-1.776392012834548950e-01,-1.689021140336990356e-01,3.844559565186500549e-02,2.531872689723968506e-01,6.179233789443969727e-01,1.335999518632888794e-01,2.395272441208362579e-02,-3.482722342014312744e-01,-6.211159005761146545e-02,-3.306023404002189636e-02,-1.579895466566085815e-01,3.014745004475116730e-02,2.412122637033462524e-01,1.387670189142227173e-01,-3.645640611648559570e-01,1.316671166568994522e-02,-1.172579377889633179e-01,9.716865420341491699e-02,1.371898353099822998e-01,-1.110015735030174255e-01,-3.172852098941802979e-01,1.716504096984863281e-01,3.902117609977722168e-01,5.889569967985153198e-02,1.492375284433364868e-01,-1.995887160301208496e-01,9.851846098899841309e-02,6.288231015205383301e-01,-1.030959710478782654e-01,-5.042169941589236259e-04,2.246931940317153931e-01,5.735408142209053040e-02,-4.245345890522003174e-01,1.456525921821594238e-01,1.867649108171463013e-01,-2.599471993744373322e-02,-1.785973086953163147e-02,-1.632771342992782593e-01,8.402093499898910522e-02,-2.820853888988494873e-01,-1.447057127952575684e-01,-9.723600931465625763e-03,9.009515866637229919e-03,-1.028197109699249268e-01,6.928656250238418579e-02,-4.691980034112930298e-02,2.434210479259490967e-01,2.556998655200004578e-02,1.471649110317230225e-01,1.005635708570480347e-01,2.196889817714691162e-01,2.565373107790946960e-02,-8.766409009695053101e-02,1.820990145206451416e-01,1.719200760126113892e-01,-1.137397512793540955e-01,-5.430633202195167542e-03,3.096413314342498779e-01,-1.978706717491149902e-01,-5.285039544105529785e-02,2.937377989292144775e-02,6.741151213645935059e-02,1.048731356859207153e-01,-7.109015434980392456e-02,3.547250758856534958e-03,-7.887184619903564453e-02,-2.710717618465423584e-01,2.218736521899700165e-02,2.391658276319503784e-01,-1.136583611369132996e-01,1.007492654025554657e-02,3.593803048133850098e-01,1.481144875288009644e-01,3.598784208297729492e-01,4.689277336001396179e-02,1.420594751834869385e-01,1.007281318306922913e-01,-1.268848180770874023e-01,-3.760744035243988037e-01,-2.357542216777801514e-01,-7.062938809394836426e-02,3.757017552852630615e-01,-8.012965321540832520e-02,-6.361361593008041382e-02,1.178777292370796204e-01,9.436196088790893555e-02,2.228724956512451172e-01,3.059416413307189941e-01,-1.195278018712997437e-02,9.873165190219879150e-02,1.471510678529739380e-01,2.397228032350540161e-02,1.261746585369110107e-01,-9.849055111408233643e-02,-8.336294442415237427e-02,1.665343046188354492e-01,7.103591691702604294e-03,-2.347904592752456665e-01,1.394643038511276245e-01,-6.195992603898048401e-02,6.660325825214385986e-02,-9.225595742464065552e-03,-1.316360384225845337e-01,1.725791990756988525e-01,-8.783475309610366821e-02,2.504411339759826660e-01,1.918013393878936768e-01,-1.954872161149978638e-01,-5.711034685373306274e-02,-5.795325040817260742e-01,-8.331495523452758789e-02,3.226970732212066650e-01,5.330322310328483582e-02,-1.636690050363540649e-01,-1.147380918264389038e-01,2.316902130842208862e-01,1.779729574918746948e-01,-1.443977504968643188e-01,-3.807115927338600159e-02,-2.425586283206939697e-01,-4.135387241840362549e-01,-1.460008323192596436e-01,-4.620635211467742920e-01,2.695618271827697754e-01,1.397035568952560425e-01,3.345402181148529053e-01,5.432751029729843140e-02,1.938148774206638336e-02,-4.494138360023498535e-01,-2.538319230079650879e-01,1.462515443563461304e-02,-2.811464667320251465e-01,7.328643649816513062e-02,-1.824329048395156860e-01,-2.654332108795642853e-02,9.824340790510177612e-02,-1.392029523849487305e-01,1.032893434166908264e-01,4.149285852909088135e-01,1.549179106950759888e-02,-1.199181750416755676e-01,-2.030700147151947021e-01,-3.885645270347595215e-01,1.626339405775070190e-01,-1.111522968858480453e-02,2.698071999475359917e-03,1.002652943134307861e-01,-3.567073047161102295e-01,-2.760277688503265381e-01,-3.042812226340174675e-03,-8.649309724569320679e-02,1.247756034135818481e-01,1.310600936412811279e-01,-2.377155274152755737e-01,-6.340320222079753876e-03,-1.517517119646072388e-01,7.148751616477966309e-02,3.791919946670532227e-01,2.919679284095764160e-01,-1.670190244913101196e-01,5.796089768409729004e-02,3.482866287231445312e-02,-8.364979922771453857e-02,5.173372570425271988e-03,1.365186553448438644e-02,-5.151725932955741882e-02,7.181302458047866821e-02,1.988102681934833527e-02,7.122951000928878784e-02,-4.913569390773773193e-01,2.674405835568904877e-02,1.979051902890205383e-02,-2.115589529275894165e-01,-5.246495604515075684e-01,3.734499961137771606e-02,3.715950250625610352e-02,-1.292783319950103760e-01,7.017733156681060791e-02,-7.971043884754180908e-02,-1.670720875263214111e-01,-2.225210666656494141e-01,1.703077554702758789e-01,-1.132122427225112915e-01,-1.891653239727020264e-02,-2.809054553508758545e-01,-1.883811801671981812e-01,1.230656281113624573e-01,-1.416108943521976471e-02,5.741241201758384705e-02,8.323901332914829254e-03,-2.800182700157165527e-01,-4.897325336933135986e-01,1.803287714719772339e-01,-1.581372767686843872e-01,-5.477057099342346191e-01,-1.885097324848175049e-01,-7.061848044395446777e-02,-4.185123741626739502e-02,-3.587925061583518982e-02,1.456262171268463135e-01,2.100695222616195679e-01,3.264106810092926025e-01,2.049992680549621582e-01,1.156704127788543701e-02,1.020072400569915771e-01,-7.631888240575790405e-02,2.623652815818786621e-01,1.644765436649322510e-01,1.518354862928390503e-01,-2.001860290765762329e-01,2.328876778483390808e-02,2.617425099015235901e-02,2.045280337333679199e-01,-4.953456521034240723e-01,-1.259340941905975342e-01,6.099345088005065918e-01,-1.292644534260034561e-02,-2.852814793586730957e-01,-1.866793483495712280e-01,8.599386364221572876e-02,-3.399512469768524170e-01,5.474894121289253235e-02,-1.115267872810363770e-01,-2.821021378040313721e-01,6.622968614101409912e-02,-1.797072589397430420e-01,-6.246850490570068359e-01,-1.200357601046562195e-01,-1.999896615743637085e-01,2.526693604886531830e-02,-4.510154724121093750e-01,9.208689630031585693e-02,9.517876431345939636e-03,-4.097721353173255920e-02,-8.667352050542831421e-02,3.184852898120880127e-01,6.548234075307846069e-02,-2.615290880203247070e-02,-4.933476075530052185e-02,2.647883594036102295e-01,3.417665958404541016e-01,-8.687680959701538086e-02,-1.767149269580841064e-01,6.401881575584411621e-02,1.439388245344161987e-01,6.750082131475210190e-03,-5.783103778958320618e-02,9.753401577472686768e-02,2.234241664409637451e-01,1.240743696689605713e-01,3.606705665588378906e-01,-2.133469134569168091e-01,-9.663960337638854980e-02,7.043220102787017822e-02,4.831533730030059814e-01,2.299373745918273926e-01,2.176442183554172516e-02,1.146569382399320602e-02,-1.108398288488388062e-01,-1.224156096577644348e-01,1.676340103149414062e-01,3.124375641345977783e-01,1.147945132106542587e-02,1.471696943044662476e-01,2.055520564317703247e-01,1.932886242866516113e-01,-2.305557206273078918e-02,-3.147831261157989502e-01,-2.846171259880065918e-01,-6.771031022071838379e-02,-3.036891669034957886e-02,1.810963079333305359e-02,2.568373978137969971e-01,-2.771347165107727051e-01,-1.880822181701660156e-01,-9.344382584095001221e-02,4.156905412673950195e-02,-7.541044801473617554e-02,-3.456914797425270081e-02,-2.351359575986862183e-01,-1.445049047470092773e-01,1.126394607126712799e-02,3.918380662798881531e-02,2.362241223454475403e-02,-6.810188293457031250e-02,1.499336510896682739e-01,-6.850963085889816284e-02,1.494599729776382446e-01,-1.941273063421249390e-01,-1.947275698184967041e-01,-3.641901537775993347e-02,-3.709647059440612793e-02,-4.943210780620574951e-01,-1.704856008291244507e-01,7.396736741065979004e-02,-1.553568392992019653e-01,1.510456055402755737e-01,6.501276046037673950e-02,-1.219943687319755554e-01,2.264925092458724976e-02,-3.149115247651934624e-03,1.749276816844940186e-01,9.134193509817123413e-02,-1.909091323614120483e-01,3.645718097686767578e-02,-5.960844457149505615e-02,-2.251397222280502319e-01,-1.815215945243835449e-01,-2.619365453720092773e-01,1.851557791233062744e-01,-4.447862133383750916e-02,-1.484981775283813477e-01,-2.017783820629119873e-01,-1.136333420872688293e-01,-2.030384838581085205e-01,2.635382674634456635e-02,-6.257424354553222656e-01,-2.652001753449440002e-02,1.776555776596069336e-01,-3.307689130306243896e-01,-8.548311889171600342e-02,2.665256559848785400e-01,-1.644637435674667358e-02,1.389924138784408569e-01,2.573985420167446136e-02,5.123727023601531982e-02,1.052153035998344421e-01,-1.800061613321304321e-01,5.306519567966461182e-02,-1.508717238903045654e-02,1.632314175367355347e-01,-2.653422057628631592e-01,-2.637784481048583984e-01,-2.902402281761169434e-01,-3.165562748908996582e-01,2.182448953390121460e-01,-3.152233362197875977e-01,-3.102158904075622559e-01,3.356494307518005371e-01,1.486399471759796143e-01,2.250830680131912231e-01,-1.873126327991485596e-01,-3.187548220157623291e-01,-2.154425680637359619e-01,-2.392037212848663330e-01,4.447228088974952698e-02,-3.964380919933319092e-02,1.311337500810623169e-01,-3.924142420291900635e-01,-1.504137367010116577e-01,-2.824915051460266113e-01,-9.002077579498291016e-02,3.296538293361663818e-01,1.018006801605224609e-01,-2.265242934226989746e-01,-3.081786930561065674e-01,1.151620224118232727e-02,5.467033479362726212e-03,-6.561376154422760010e-02,1.246025133877992630e-02,3.521401882171630859e-01,-4.286434948444366455e-01,-1.135627552866935730e-01,2.842139899730682373e-01,2.176940590143203735e-01,-1.669054031372070312e-01,2.707870118319988251e-02,3.271697163581848145e-01,-6.970535218715667725e-02,5.736154690384864807e-02,-7.755443453788757324e-02,1.436978578567504883e-01,2.688751555979251862e-03,1.603430695831775665e-02,1.770040094852447510e-01,-2.431330531835556030e-01,-1.538303401321172714e-02,4.414957463741302490e-01,2.215070277452468872e-01,1.370274275541305542e-01,-3.220649659633636475e-01,3.195086494088172913e-02,1.185952220112085342e-02,-1.170695796608924866e-01,1.875567883253097534e-01,-5.274868607521057129e-01,6.016582250595092773e-02,-3.906254470348358154e-01,-2.829562723636627197e-01,-7.914091646671295166e-02,4.428250715136528015e-02,2.643272280693054199e-01,-1.886824965476989746e-01,2.059477716684341431e-01,2.466976195573806763e-01,3.663042485713958740e-01,1.275604069232940674e-01,-1.106894761323928833e-01,2.588804066181182861e-01,5.554533749818801880e-02,-3.337206691503524780e-02,2.715983986854553223e-01,3.483876287937164307e-01,4.201928675174713135e-01,3.928248286247253418e-01,1.109823584556579590e-02,6.224954500794410706e-02,-1.832468807697296143e-01,2.989064753055572510e-01,-1.835414320230484009e-01,1.780574917793273926e-01,5.746387690305709839e-02,-1.579165831208229065e-02,-1.453126817941665649e-01,1.230365633964538574e-01,-1.457072645425796509e-01,-6.104884743690490723e-01,-9.529058821499347687e-03,1.403856128454208374e-01,-9.266298264265060425e-02,-2.221076488494873047e-01,-1.016513071954250336e-02,-7.476384192705154419e-02,-9.228528290987014771e-02,-2.202421613037586212e-02,-2.342711761593818665e-02,3.616987913846969604e-02,-6.294418871402740479e-02,-1.113509386777877808e-01,7.174203172326087952e-03,3.045743564143776894e-03,1.177216097712516785e-01,-9.415631741285324097e-02,-3.182105422019958496e-01,-3.243966996669769287e-01,1.949936747550964355e-01,-7.030703127384185791e-03,2.656948864459991455e-01,-1.167562529444694519e-01,1.248282417654991150e-01,2.831790149211883545e-01,-1.430263668298721313e-01,1.937334388494491577e-01,2.146436572074890137e-01,3.889924585819244385e-01,8.329517394304275513e-02,-2.493276447057723999e-01,2.585957348346710205e-01
-6.858032662421464920e-03,1.954779215157032013e-02,2.374692410230636597e-01,-2.494397163391113281e-01,1.853710114955902100e-01,4.952548146247863770e-01,-1.533591300249099731e-01,3.366922214627265930e-02,6.297316402196884155e-02,3.635818958282470703e-01,6.729458272457122803e-02,-2.104579843580722809e-02,1.589034497737884521e-01,-2.068160325288772583e-01,-3.555778563022613525e-01,-9.234519302845001221e-02,1.284752935171127319e-01,-1.589745581150054932e-01,2.602533400058746338e-01,-1.970809325575828552e-02,-2.713773250579833984e-01,2.008771747350692749e-01,-1.876747310161590576e-01,1.011836752295494080e-01,-1.355141699314117432e-01,2.168744355440139771e-01,-1.134483665227890015e-01,-1.203048601746559143e-01,5.355752073228359222e-04,1.890387088060379028e-01,-8.100655674934387207e-02,1.810861974954605103e-01,1.457831170409917831e-02,1.877933889627456665e-01,1.579631567001342773e-01,-1.709143631160259247e-02,-1.543481927365064621e-02,8.238158375024795532e-02,2.881417796015739441e-02,8.801495283842086792e-02,-6.748601794242858887e-02,2.646274566650390625e-01,8.327140659093856812e-02,4.656226374208927155e-03,1.060628741979598999e-01,6.035083904862403870e-03,-2.079597413539886475e-01,2.745250463485717773e-01,-2.064984589815139771e-01,1.735042631626129150e-01,-3.371568322181701660e-01,-1.657306998968124390e-01,2.008297741413116455e-01,-1.546173840761184692e-01,-3.330972492694854736e-01,-3.192147612571716309e-01,-8.913317695260047913e-03,1.423647850751876831e-01,-3.164711892604827881e-01,-2.794580459594726562e-01,2.619528770446777344e-01,2.091784328222274780e-01,-3.794426918029785156e-01,5.140215903520584106e-02,-1.139488741755485535e-01,7.924792915582656860e-02,-7.902456820011138916e-02,2.610755860805511475e-01,-1.351467613130807877e-02,-4.048943817615509033e-01,3.501330688595771790e-02,-7.468763738870620728e-02,1.286604851484298706e-01,-3.212273493409156799e-02,-2.517110668122768402e-02,2.690102756023406982e-01,9.370034933090209961e-02,4.813359081745147705e-01,7.928292453289031982e-02,-9.153310209512710571e-02,1.314348727464675903e-01,-4.720738157629966736e-02,-4.057310149073600769e-02,-3.488364070653915405e-02,9.302338957786560059e-02,-5.616959929466247559e-02,-2.564253211021423340e-01,2.726900018751621246e-02,-3.088418245315551758e-01,-8.314497023820877075e-02,1.937350840307772160e-03,1.487833559513092041e-01,-9.795054793357849121e-02,2.219460159540176392e-01,2.528413832187652588e-01,3.180203959345817566e-02,-9.172650985419750214e-03,1.041195355355739594e-02,-1.967589557170867920e-01,5.314341932535171509e-02,-6.766116619110107422e-02,-1.630519400350749493e-04,7.414573431015014648e-02,9.465571492910385132e-03,3.190387189388275146e-01,-9.410610795021057129e-02,8.408579230308532715e-02,1.472300440073013306e-01,1.754015386104583740e-01,4.892551898956298828e-02,-1.282833516597747803e-01,1.035118699073791504e-01,-4.021991193294525146e-01,1.285506188869476318e-01,-8.025120943784713745e-02,1.261207163333892822e-01,4.653945565223693848e-03,2.785524167120456696e-02,-1.332300156354904175e-01,-2.053608596324920654e-01,-4.497788846492767334e-03,-2.238699644804000854e-01,2.618096768856048584e-01,8.974657207727432251e-02,-7.379668951034545898e-02,2.911437302827835083e-02,5.270368605852127075e-02,-1.037611290812492371e-01,2.393832951784133911e-01,-7.169996201992034912e-02,-1.181201264262199402e-02,7.614726573228836060e-02,2.973098754882812500e-01,3.740451857447624207e-02,1.255007982254028320e-01,1.536180675029754639e-01,1.365739572793245316e-02,3.849871084094047546e-02,1.422099918127059937e-01,-4.426444172859191895e-01,-7.579773664474487305e-02,3.192949295043945312e-02,-4.977539554238319397e-02,-2.132862955331802368e-01,1.716516911983489990e-01,-3.923196494579315186e-01,1.387099921703338623e-01,6.035320088267326355e-02,2.936230003833770752e-01,1.699990779161453247e-01,1.880731880664825439e-01,-9.273988008499145508e-02,4.574666172266006470e-02,-1.483492851257324219e-01,-1.739979684352874756e-01,8.307375013828277588e-02,-2.744383923709392548e-02,4.615694656968116760e-02,-1.791430413722991943e-01,1.165834590792655945e-01,2.015140354633331299e-01,6.258937716484069824e-02,-2.036848515272140503e-01,-1.456098258495330811e-02,2.267894446849822998e-01,2.636017501354217529e-01,5.734860152006149292e-02,7.190514355897903442e-02,1.808326691389083862e-01,1.757687479257583618e-01,1.361974030733108521e-01,-6.194036453962326050e-02,-6.092726066708564758e-02,8.828380703926086426e-02,1.202327106148004532e-02,3.065982460975646973e-02,1.718727797269821167e-01,5.342473834753036499e-02,1.128566339612007141e-01,7.213720120489597321e-03,-7.046677172183990479e-02,1.299555692821741104e-02,-1.268995702266693115e-01,-2.989017963409423828e-01,-1.900787465274333954e-02,5.895400792360305786e-02,4.424531757831573486e-01,-4.405083507299423218e-02,-1.452120691537857056e-01,-1.001008525490760803e-01,3.090421296656131744e-02,6.212362647056579590e-02,3.963069245219230652e-02,7.170145213603973389e-02,1.466956287622451782e-01,-1.499029099941253662e-01,1.406769454479217529e-01,1.903050690889358521e-01,6.568299978971481323e-02,-9.167655557394027710e-02,-1.698889285326004028e-01,1.159444749355316162e-01,-1.670277565717697144e-01,-1.063214316964149475e-01,-2.818719446659088135e-01,-2.710022330284118652e-01,2.968119084835052490e-01,-2.192696332931518555e-01,3.314619138836860657e-02,1.152789816260337830e-01,-1.924992166459560394e-02,4.566101357340812683e-02,4.036359786987304688e-01,3.226786479353904724e-02,1.534844040870666504e-01,5.048239827156066895e-01,2.964374981820583344e-02,-1.371031685266643763e-04,1.632750779390335083e-02,-4.130512773990631104e-01,1.476037949323654175e-01,1.053024008870124817e-01,-1.337772160768508911e-01,-1.865935772657394409e-01,-2.560583949089050293e-01,7.833068072795867920e-02,4.384067282080650330e-02,-1.692827343940734863e-01,-2.221190333366394043e-01,-2.660185694694519043e-01,2.432441115379333496e-01,-8.024338632822036743e-03,2.801031172275543213e-01,-7.778533548116683960e-02,-1.146797016263008118e-01,-1.378152370452880859e-01,-1.633120924234390259e-01,-1.057213097810745239e-01,1.962831914424896240e-01,7.678083330392837524e-02,1.336580961942672729e-01,-4.846255108714103699e-02,-4.359861314296722412e-01,5.148260593414306641e-01,-2.019287049770355225e-01,1.983979195356369019e-01,-5.130670592188835144e-02,-2.916017472743988037e-01,-7.354434579610824585e-02,1.531968414783477783e-01,-4.411225318908691406e-01,-1.173521578311920166e-01,-7.288586348295211792e-02,2.945555560290813446e-02,5.115484818816184998e-02,-3.218976408243179321e-02,-2.456511408090591431e-01,9.637995809316635132e-02,1.315393298864364624e-02,1.594166010618209839e-01,4.161079600453376770e-02,2.605816908180713654e-02,1.221666932106018066e-01,-1.702444106340408325e-01,-9.381612390279769897e-02,-7.516635954380035400e-02,3.453295677900314331e-02,5.005298554897308350e-02,1.648859977722167969e-01,-1.365169584751129150e-01,1.133140325546264648e-01,-4.502245485782623291e-01,5.209166184067726135e-02,2.596201375126838684e-02,2.020815312862396240e-01,-2.896256186068058014e-02,-1.018043011426925659e-01,-2.013058215379714966e-01,-7.368741929531097412e-02,-1.541690379381179810e-01,-1.097857058048248291e-01,-4.532181844115257263e-02,-1.385744065046310425e-01,-2.211555279791355133e-02,1.595509350299835205e-01,6.861629337072372437e-02,-1.135408356785774231e-01,-1.786068826913833618e-01,-1.698030978441238403e-01,7.741111516952514648e-02,-2.669498622417449951e-01,1.544451564550399780e-01,1.781512647867202759e-01,-2.627977132797241211e-01,5.450974777340888977e-02,-1.289497315883636475e-01,-6.729217618703842163e-02,2.053595632314682007e-01,2.915880642831325531e-02,4.699561372399330139e-02,-7.354912161827087402e-02,3.595933318138122559e-01,-3.379815816879272461e-01,7.579384744167327881e-02,1.044523119926452637e-01,-2.562997639179229736e-01,-2.892000786960124969e-02,2.273978143930435181e-01,1.857820451259613037e-01,-2.549502849578857422e-01,-8.060385286808013916e-02,2.134236693382263184e-01,-3.996149599552154541e-01,-5.870937556028366089e-02,1.022580638527870178e-01,1.505381315946578979e-01,-2.383230477571487427e-01,-1.070777997374534607e-01,5.980608239769935608e-02,5.908774957060813904e-02,-5.083426833152770996e-02,5.042666196823120117e-01,-1.209676265716552734e-01,2.082208842039108276e-01,-2.957100868225097656e-01,2.137500643730163574e-01,7.365999370813369751e-02,6.250381469726562500e-02,-2.215255051851272583e-02,-2.544306516647338867e-01,-7.185355573892593384e-02,-1.048641502857208252e-01,-1.420852839946746826e-01,1.727825403213500977e-01,-2.577736973762512207e-02,-9.326899424195289612e-03,8.884213748387992382e-04,2.423661500215530396e-01,-1.232980787754058838e-01,-1.126853451132774353e-01,-2.655521631240844727e-01,1.232842504978179932e-01,5.479904357343912125e-03,-1.623362116515636444e-02,-3.916755318641662598e-02,2.331671565771102905e-01,3.953877091407775879e-02,1.090063825249671936e-01,-8.884161710739135742e-02,1.197325363755226135e-01,-8.168167620897293091e-02,-3.628484159708023071e-02,2.083722949028015137e-01,1.964719295501708984e-01,-2.010064385831356049e-02,3.412153199315071106e-02,3.121210262179374695e-02,-4.411310255527496338e-01,-3.671384453773498535e-01,-1.619615107774734497e-01,-6.196203175932168961e-03,4.470982775092124939e-02,1.186990141868591309e-01,1.194059178233146667e-01,3.182013928890228271e-01,4.825796931982040405e-02,4.702499136328697205e-02,7.498648762702941895e-02,1.545103453099727631e-02,-1.683277040719985962e-01,1.431686431169509888e-01,-3.763343095779418945e-01,1.301966160535812378e-01,2.465488016605377197e-01,2.636875510215759277e-01,-9.048610925674438477e-02,-1.390672624111175537e-01,-7.563135027885437012e-02,-2.692228257656097412e-01,-7.620298117399215698e-02,3.345601260662078857e-01,-1.823997199535369873e-01,1.842566877603530884e-01,8.683265745639801025e-02,1.265733540058135986e-01,3.622460663318634033e-01,1.213479042053222656e-01,-3.209758400917053223e-01,1.697017550468444824e-01,2.830091416835784912e-01,4.207117557525634766e-01,-5.637351796030998230e-02,-1.878793090581893921e-01,1.350418776273727417e-01,2.004351019859313965e-01,-4.049992263317108154e-01,-1.883883178234100342e-01,-2.453111708164215088e-01,9.576608240604400635e-02,-5.205982923507690430e-01,-9.721869975328445435e-02,3.002725243568420410e-01,-2.706502676010131836e-01,2.059822529554367065e-01,-2.622173428535461426e-01,1.119960565119981766e-02,2.014961466193199158e-02,4.340325295925140381e-02,2.992284111678600311e-02,-1.129086837172508240e-01,2.820515930652618408e-01,-2.270097583532333374e-01,1.154969334602355957e-01,4.824941977858543396e-02,-1.419094055891036987e-01,2.363923043012619019e-01,-1.585523486137390137e-01,4.904013592749834061e-03,-3.988467156887054443e-01,6.951921433210372925e-02,-1.247612312436103821e-01,2.702386081218719482e-01,-7.456136494874954224e-02,-5.364621058106422424e-02,-9.418047219514846802e-02,-2.580600380897521973e-01,2.557671070098876953e-01,9.445998072624206543e-02,2.225767076015472412e-01,-3.790157735347747803e-01,-5.800339579582214355e-01,-1.351760923862457275e-01,-4.437279403209686279e-01,1.422419697046279907e-01,3.821004033088684082e-01,2.221543341875076294e-01,1.311325579881668091e-01,6.176824122667312622e-02,-2.639334797859191895e-01,2.860681116580963135e-01,3.980582207441329956e-02,-4.643027111887931824e-02,-9.084787964820861816e-02,8.482702821493148804e-02,1.693208217620849609e-01,-3.724272549152374268e-01,-4.053434431552886963e-01,-1.961911916732788086e-01,-6.279694288969039917e-02,-2.168633192777633667e-01,9.375794231891632080e-02,1.092817634344100952e-01,1.751715131103992462e-02,1.121950820088386536e-01,-1.981757432222366333e-01,-7.794200628995895386e-02,2.954180352389812469e-02,-1.435870397835969925e-02,2.378975152969360352e-01,5.576037988066673279e-02,-2.095703035593032837e-02,-3.385420441627502441e-01,1.872983276844024658e-01,4.212231040000915527e-01,1.302872691303491592e-02,1.877078711986541748e-01,3.668257221579551697e-02,4.249874651432037354e-01,4.081775248050689697e-02,-2.667194232344627380e-02,2.248887531459331512e-02,3.629771247506141663e-02,1.492741107940673828e-01,-4.520854353904724121e-02,-1.582731008529663086e-01,1.462659686803817749e-01,-1.347513198852539062e-01,-5.549263581633567810e-02,-2.529956400394439697e-01,3.138241171836853027e-01,1.433684378862380981e-01,-1.606212705373764038e-01,1.816000938415527344e-01,-1.519211530685424805e-01,-2.945932932198047638e-02,-3.291637003421783447e-01,-2.462760657072067261e-01,7.807388901710510254e-02,1.619516164064407349e-01,2.658825218677520752e-01,-2.215629369020462036e-01,-1.192412450909614563e-01,2.779473364353179932e-01,1.369582861661911011e-01,1.394846942275762558e-02,2.290503531694412231e-01,-8.985943347215652466e-02,6.702956557273864746e-02,-6.324348598718643188e-02,3.123626112937927246e-02,1.513556838035583496e-01,-1.010411605238914490e-01,1.379488855600357056e-01,4.054985046386718750e-01,-2.821441181004047394e-02,-3.285454213619232178e-01,2.037024348974227905e-01,-6.426978111267089844e-02,-1.664282083511352539e-01,1.977924257516860962e-01,2.417457997798919678e-01,7.578383386135101318e-02,-7.181038707494735718e-02,1.876856535673141479e-01,-4.608738422393798828e-02,2.962688542902469635e-02,-5.631753802299499512e-02,-5.942547693848609924e-02,-2.004754841327667236e-01,-1.364736855030059814e-01,-3.995504602789878845e-02,2.594505995512008667e-02,-1.000492647290229797e-01,2.779366262257099152e-02,2.110696434974670410e-01,1.370203029364347458e-02,-1.598970890045166016e-01,-2.823235690593719482e-01,1.663875132799148560e-01,-2.219130545854568481e-01,-1.870775967836380005e-01,-1.184705868363380432e-01,2.683803439140319824e-01,2.419348992407321930e-02,-3.546359017491340637e-02,2.924449741840362549e-01,-1.548391133546829224e-01,-5.305309593677520752e-02,3.127564191818237305e-01,-2.610100060701370239e-02,-3.855092227458953857e-01,-1.101588457822799683e-01,-1.879866868257522583e-01,-1.687568277120590210e-01,-6.126528978347778320e-02,1.496849209070205688e-02,-1.076158657670021057e-01,3.621991574764251709e-01,-1.591114848852157593e-01,-1.790173649787902832e-01,-3.007205128669738770e-01,-1.513005117885768414e-04,7.801983505487442017e-02,-6.817090511322021484e-02,-1.477932929992675781e-01,2.585996687412261963e-01,-2.145600467920303345e-01,1.055693626403808594e-01,1.267017424106597900e-01,-4.275977239012718201e-02,1.822889298200607300e-01,-2.760171517729759216e-02,-1.222169473767280579e-01,1.092821583151817322e-01,1.924314349889755249e-01,1.926725357770919800e-01,1.712934374809265137e-01,-1.247296035289764404e-01,9.141311049461364746e-02,1.548444926738739014e-01,1.086469143629074097e-01,2.557339370250701904e-01,-4.707271605730056763e-02,-5.555190145969390869e-02,1.860984787344932556e-02,-7.861608266830444336e-02,4.132394492626190186e-01,-4.091845080256462097e-02,-3.644691407680511475e-02,1.791215315461158752e-02,2.767482101917266846e-01,2.240069508552551270e-01,-1.667867228388786316e-02,-1.589708328247070312e-01,2.171155363321304321e-01,2.141069322824478149e-01,-8.952137082815170288e-02,6.828647106885910034e-02,-1.364679634571075439e-01,7.864777743816375732e-02,-9.685491770505905151e-02,-3.614665567874908447e-02,4.852543473243713379e-01,-2.315559089183807373e-01,1.093585789203643799e-01,-2.989273667335510254e-01,7.420419156551361084e-02,-2.486090213060379028e-01,6.295318156480789185e-02,-3.014492094516754150e-01,2.897382713854312897e-02,-9.861440211534500122e-02,-1.294923275709152222e-01,-5.267974454909563065e-03,1.778593361377716064e-01,-1.303296834230422974e-01,-3.365696966648101807e-01,-1.751171350479125977e-01,5.417140573263168335e-02,-1.821861416101455688e-01,2.138688601553440094e-02,-5.098045244812965393e-02,8.788205683231353760e-02,-7.996094971895217896e-02,8.435577154159545898e-03,9.149480611085891724e-02,2.884338144212961197e-03,5.581621080636978149e-02,-2.280353009700775146e-01,2.110822312533855438e-02,2.309126965701580048e-02,4.483545720577239990e-01,-2.123707830905914307e-01,7.146260142326354980e-02,1.746525764465332031e-01,-3.255148977041244507e-02,-2.712438702583312988e-01,-2.476977743208408356e-02,-3.096286356449127197e-01,3.416416645050048828e-01,-7.456433773040771484e-02,-2.706040441989898682e-01,-2.011993378400802612e-01,-2.067746594548225403e-03,-8.599974960088729858e-02,-6.520379334688186646e-02,-2.004601359367370605e-01,-1.712654680013656616e-01,-1.772210299968719482e-01,-5.822444707155227661e-02,1.232301518321037292e-01,2.653702497482299805e-01,-8.703552931547164917e-02,-2.481388300657272339e-01,-1.280830707401037216e-03,-9.336169064044952393e-02,3.539505973458290100e-02,7.948911748826503754e-03,-2.959359064698219299e-02,-2.458762079477310181e-01,-1.128168031573295593e-01,2.529864013195037842e-01,4.964984208345413208e-02,2.752253785729408264e-02,-1.790754380635917187e-03,1.482548285275697708e-02,-1.223559230566024780e-01,-1.268580835312604904e-02,3.524145483970642090e-02,6.105213984847068787e-02,2.231461852788925171e-01,-1.704545170068740845e-01,-2.637230753898620605e-01,-1.299624741077423096e-01,1.677681356668472290e-01,3.527325093746185303e-01,2.567635774612426758e-01,5.105388164520263672e-01,-2.405336946249008179e-01,-2.088519930839538574e-01,-8.322587609291076660e-02,-1.028163880109786987e-01,-1.931982487440109253e-01,-4.230280518531799316e-01,-1.244905740022659302e-01,-3.470342233777046204e-02,1.048330217599868774e-01,3.636066243052482605e-02,-4.771455377340316772e-02,-1.921419203281402588e-01,2.654970586299896240e-01,-1.629504710435867310e-01,6.185604631900787354e-02,1.282712072134017944e-01,3.329922258853912354e-01,1.385041922330856323e-01,-8.173289149999618530e-02,4.559578746557235718e-02,1.839903369545936584e-02,-3.307111859321594238e-01,9.269664436578750610e-02,-1.603035628795623779e-01,2.030751705169677734e-01,-3.324065208435058594e-01,1.790057867765426636e-02,1.983807235956192017e-01,-3.243960142135620117e-01,-8.998621255159378052e-02,-1.793013364076614380e-01,-5.312480404973030090e-02,-2.170777767896652222e-01,-1.866228878498077393e-01,1.889413893222808838e-01,1.151025667786598206e-01,-3.393317759037017822e-01,-3.540196269750595093e-02,1.696853637695312500e-01,-2.833964675664901733e-02,-2.630158364772796631e-01,1.921036690473556519e-01,-1.348102241754531860e-01,3.169671073555946350e-02,2.721682749688625336e-02,-1.041222214698791504e-01,7.824241369962692261e-02,8.041979372501373291e-02,-9.629052132368087769e-02,2.929784953594207764e-01,3.549281880259513855e-02,8.558359742164611816e-02,-2.913524396717548370e-02,1.886846125125885010e-01,1.623715013265609741e-01,-1.712993681430816650e-01,1.305703222751617432e-01,-2.177773863077163696e-01,3.465737402439117432e-01,-1.197930499911308289e-01,1.752288192510604858e-01,-1.504551619291305542e-01,8.679977618157863617e-03,1.438534352928400040e-02,-1.191879995167255402e-02,1.973605342209339142e-02,6.064480170607566833e-02,-5.323528647422790527e-01,-1.208990439772605896e-01,-1.364347040653228760e-01,-3.843123093247413635e-02,-3.077408075332641602e-01,1.471292078495025635e-01,3.733186423778533936e-02,-7.913810014724731445e-02,3.018467128276824951e-02,-1.813026703894138336e-02,-1.579144150018692017e-01,3.100148774683475494e-02,-2.626923620700836182e-01,2.915661595761775970e-02,-1.924205385148525238e-02,1.359430402517318726e-01,-2.206600606441497803e-01,-2.601520717144012451e-01,3.843082115054130554e-02,5.120206996798515320e-02,-7.343831658363342285e-02,-1.149621307849884033e-01,6.793776899576187134e-02,1.450505256652832031e-01,-2.886117398738861084e-01,2.311383485794067383e-01,-8.957468718290328979e-02,3.576696217060089111e-01,1.838143356144428253e-02,1.217777281999588013e-01,-6.564000248908996582e-02,-3.513887822628021240e-01,5.053189024329185486e-02
1.855335682630538940e-01,-2.181189954280853271e-01,7.879000157117843628e-02,-4.033967256546020508e-01,-3.067351579666137695e-01,-3.417862579226493835e-03,6.891918927431106567e-02,9.488236904144287109e-02,-1.272493898868560791e-01,-1.243690401315689087e-01,1.698921620845794678e-01,1.113975420594215393e-01,-2.016642838716506958e-01,-1.733625382184982300e-01,-9.959119558334350586e-02,-6.294241547584533691e-01,3.347852528095245361e-01,-3.072820603847503662e-01,-6.281630694866180420e-02,2.303705066442489624e-01,-1.490153372287750244e-01,4.866103082895278931e-02,2.614921033382415771e-01,7.208672165870666504e-02,-7.564304769039154053e-02,2.342270165681838989e-01,-2.033320516347885132e-01,-2.517288178205490112e-02,1.378966122865676880e-01,-1.285071372985839844e-01,-2.046249508857727051e-01,-1.278187334537506104e-02,-1.780020594596862793e-01,7.357767820358276367e-01,-2.011448293924331665e-01,2.273789793252944946e-01,2.319639734923839569e-02,2.434334456920623779e-01,-1.318786591291427612e-01,-2.750410139560699463e-02,-5.850854888558387756e-02,-4.775665700435638428e-01,-2.760010361671447754e-01,-4.450898617506027222e-02,1.724466383457183838e-01,-4.380689263343811035e-01,-2.089951038360595703e-01,-5.642798915505409241e-02,-1.057998314499855042e-01,-3.339156135916709900e-02,-9.200137108564376831e-02,-1.563224494457244873e-01,-2.587531507015228271e-01,2.223170548677444458e-01,1.079200655221939087e-01,-3.487468063831329346e-01,-9.777508676052093506e-02,-2.818612568080425262e-02,1.332181245088577271e-01,7.683540880680084229e-02,2.382450252771377563e-01,-2.406975068151950836e-02,-3.451208770275115967e-01,-3.372898101806640625e-01,1.294469833374023438e-01,-1.504496484994888306e-01,-1.525300294160842896e-01,2.715796581469476223e-04,7.502560317516326904e-02,-3.473438322544097900e-02,-7.342112064361572266e-01,-1.476936414837837219e-02,-1.266616731882095337e-01,9.369411319494247437e-02,-9.784633666276931763e-02,-1.489316672086715698e-02,4.229227453470230103e-02,-2.104479968547821045e-01,-3.858128190040588379e-02,-1.624791026115417480e-01,3.765786811709403992e-02,-1.132588759064674377e-01,3.278352022171020508e-01,3.772014006972312927e-02,2.801058068871498108e-02,-4.511447548866271973e-01,-7.767295092344284058e-02,1.616854779422283173e-02,3.167367279529571533e-01,-4.481204748153686523e-01,1.497473716735839844e-01,-1.817862093448638916e-01,-1.053272634744644165e-01,5.375747382640838623e-02,-1.189259514212608337e-01,-5.505219101905822754e-01,-4.409251511096954346e-01,-2.986978366971015930e-02,9.961320459842681885e-02,3.510779887437820435e-02,-3.669979572296142578e-01,-9.042112156748771667e-03,1.434392482042312622e-02,-9.879542142152786255e-02,-2.229460924863815308e-01,2.247672528028488159e-01,9.970565885305404663e-02,-5.185575783252716064e-02,6.264809519052505493e-02,-4.355647414922714233e-02,6.072635054588317871e-01,2.789668142795562744e-01,-2.885373830795288086e-01,1.862313747406005859e-01,-6.070041656494140625e-02,1.053708121180534363e-01,-2.649581432342529297e-01,2.766214609146118164e-01,-1.279425024986267090e-01,-3.122624158859252930e-01,-8.813564479351043701e-02,2.203857712447643280e-02,4.780670702457427979e-01,-4.573158621788024902e-01,-1.019126549363136292e-02,-5.463929772377014160e-01,1.005717292428016663e-01,1.216875910758972168e-01,-9.422799944877624512e-02,-4.994072392582893372e-02,3.278491497039794922e-01,-2.617414593696594238e-01,-3.112025745213031769e-02,7.466638833284378052e-02,2.482160478830337524e-01,-5.779242515563964844e-02,-2.192679606378078461e-02,-3.682810068130493164e-01,5.282819867134094238e-01,1.290712505578994751e-01,4.603401198983192444e-02,-2.446789294481277466e-01,2.296664379537105560e-02,-1.746591329574584961e-01,-8.386320434510707855e-03,-1.027920991182327271e-01,9.256927669048309326e-02,-2.914337217807769775e-01,3.102156221866607666e-01,-6.972029805183410645e-02,-1.663818806409835815e-01,-2.137780934572219849e-02,1.477306038141250610e-01,-1.811154745519161224e-02,-6.445392370223999023e-01,1.146757751703262329e-01,1.130784489214420319e-02,-4.575576782226562500e-01,5.485843867063522339e-02,2.452331781387329102e-01,-2.803056240081787109e-01,1.966319829225540161e-01,-2.930083870887756348e-01,5.592760816216468811e-02,-2.815941572189331055e-01,1.460432261228561401e-01,8.400499820709228516e-02,1.224715635180473328e-02,4.413385093212127686e-01,1.399650573730468750e-01,-2.280174493789672852e-01,-4.677056670188903809e-01,-1.022074222564697266e-01,2.170920372009277344e-03,2.591037191450595856e-02,5.946043133735656738e-01,-2.176119536161422729e-01,1.298086345195770264e-01,1.972251832485198975e-01,2.455170750617980957e-01,7.904049754142761230e-02,-3.107242584228515625e-01,-7.157267630100250244e-02,-9.911051020026206970e-03,-3.561573028564453125e-01,1.228263005614280701e-01,-5.771712586283683777e-02,9.772539883852005005e-02,-2.271667718887329102e-01,1.694470830261707306e-02,-2.912522852420806885e-01,-1.885553747415542603e-01,7.348848879337310791e-02,-9.255722910165786743e-02,-2.885625958442687988e-01,-1.251128017902374268e-01,3.554185852408409119e-02,4.295193254947662354e-01,-4.987930953502655029e-01,-1.842465400695800781e-01,-1.248520165681838989e-01,1.973809450864791870e-01,1.628772616386413574e-01,4.335497617721557617e-01,-5.584073066711425781e-02,-1.121819671243429184e-02,1.312000304460525513e-01,-6.009638309478759766e-02,2.227300405502319336e-01,-2.516775727272033691e-01,-4.104344174265861511e-03,-5.807300806045532227e-01,4.187682271003723145e-02,-8.299808204174041748e-02,2.483222037553787231e-01,1.936019808053970337e-01,-3.135816156864166260e-01,-4.836353063583374023e-01,-7.690312806516885757e-03,2.513046860694885254e-01,2.899402938783168793e-02,-2.421117573976516724e-01,7.376901060342788696e-02,-8.693940192461013794e-02,2.568160593509674072e-01,-1.593631953001022339e-01,-1.711009815335273743e-02,-1.370095610618591309e-01,2.257494032382965088e-01,-1.262920647859573364e-01,-1.400156170129776001e-01,2.491885423660278320e-01,-2.568649500608444214e-02,-4.085055589675903320e-01,1.349580585956573486e-01,1.213963106274604797e-01,6.813117116689682007e-02,7.353117465972900391e-01,-5.264754593372344971e-02,-1.839300096035003662e-01,-1.259897351264953613e-01,-1.271492093801498413e-01,4.061989784240722656e-01,1.558756977319717407e-01,4.180273786187171936e-02,1.608574241399765015e-01,-8.731018751859664917e-02,6.601835787296295166e-02,-1.366589069366455078e-01,-4.687390103936195374e-02,9.136763960123062134e-02,-1.504477560520172119e-01,-1.338285505771636963e-01,1.083672270178794861e-01,5.861402302980422974e-02,-3.395715355873107910e-01,-2.139533162117004395e-01,4.059970676898956299e-01,-2.093108743429183960e-01,-2.185548692941665649e-01,-3.096349537372589111e-01,-4.331326186656951904e-01,2.757341563701629639e-01,1.903259307146072388e-01,3.599196970462799072e-01,1.729543656110763550e-01,1.463377326726913452e-01,-2.938974201679229736e-01,1.857554018497467041e-01,1.098640933632850647e-01,2.182158529758453369e-01,-3.405201733112335205e-01,-1.158658117055892944e-01,5.842114686965942383e-01,-1.057178620249032974e-02,2.793665826320648193e-01,2.727528801187872887e-03,-1.590821892023086548e-01,-3.750848472118377686e-01,4.868082329630851746e-02,2.263772785663604736e-01,-5.141022205352783203e-01,-4.751427173614501953e-01,9.713933616876602173e-02,-1.495025455951690674e-01,2.968791425228118896e-01,3.128021955490112305e-01,3.350201547145843506e-01,-3.100593388080596924e-01,3.106315135955810547e-01,2.272538095712661743e-01,2.717868387699127197e-01,1.696740984916687012e-01,1.066565886139869690e-01,-8.286095410585403442e-02,-1.050420776009559631e-01,1.153349056839942932e-01,-8.161933720111846924e-02,6.789466738700866699e-02,1.507132053375244141e-01,2.809437215328216553e-01,-7.247972488403320312e-02,-3.693656921386718750e-01,2.141480445861816406e-01,2.644319273531436920e-02,1.905006021261215210e-01,3.212851583957672119e-01,1.227971836924552917e-01,-1.240518018603324890e-01,-1.742100417613983154e-01,4.955745637416839600e-01,2.994995117187500000e-01,-3.040665686130523682e-01,-1.905811280012130737e-01,2.311662398278713226e-02,4.184694588184356689e-02,-3.506234288215637207e-01,3.364368379116058350e-01,1.151310503482818604e-01,3.123799562454223633e-01,2.970414459705352783e-01,-1.582485735416412354e-01,3.823849856853485107e-01,-1.400077044963836670e-01,3.131749629974365234e-01,2.950736284255981445e-01,-1.601736098527908325e-01,1.721658855676651001e-01,1.417024899274110794e-02,-3.157576918601989746e-01,-2.075835876166820526e-02,2.580202221870422363e-01,-4.637057483196258545e-01,1.235450133681297302e-01,2.468451159074902534e-03,-9.510129690170288086e-02,4.028531610965728760e-01,-5.282521713525056839e-03,1.132316663861274719e-01,2.094869613647460938e-01,3.901641815900802612e-02,-1.686074957251548767e-02,-3.199528530240058899e-02,-1.460530310869216919e-01,1.910995692014694214e-01,-1.549059599637985229e-01,3.117388486862182617e-02,-4.933963119983673096e-01,-4.537643492221832275e-02,-7.903328537940979004e-02,-2.529986500740051270e-01,-3.790432214736938477e-02,-6.128023564815521240e-02,1.213551387190818787e-01,5.994536727666854858e-02,7.249529659748077393e-02,2.737480401992797852e-01,-9.738428145647048950e-02,-6.654790639877319336e-01,5.324417352676391602e-01,1.467824727296829224e-01,1.516328454017639160e-01,-9.740765392780303955e-02,2.833736836910247803e-01,6.471703201532363892e-02,2.116895616054534912e-01,8.313138782978057861e-02,-3.550214469432830811e-01,-3.018702007830142975e-02,-4.297739565372467041e-01,-4.548643901944160461e-02,-1.875866502523422241e-01,-1.913502998650074005e-02,1.092487722635269165e-01,-2.365469187498092651e-01,1.920105814933776855e-01,-2.003114819526672363e-01,-3.044918775558471680e-01,-1.841983497142791748e-01,3.912308216094970703e-01,-1.030971929430961609e-01,-1.518002524971961975e-02,7.183293253183364868e-02,-1.149111613631248474e-01,-2.689692378044128418e-01,1.260052174329757690e-01,-1.947231404483318329e-02,2.579409480094909668e-01,5.104768276214599609e-02,-5.891282111406326294e-02,1.201548054814338684e-01,-1.843932569026947021e-01,2.127392441034317017e-01,6.234498694539070129e-02,6.712146401405334473e-01,2.629019916057586670e-01,3.617363274097442627e-01,1.768527030944824219e-01,-2.345065400004386902e-02,-6.639074534177780151e-02,8.183485269546508789e-02,3.214925825595855713e-01,1.618269979953765869e-01,-6.692276149988174438e-02,3.491970598697662354e-01,2.990201711654663086e-01,8.379837870597839355e-02,4.023963809013366699e-01,-8.689659088850021362e-02,-3.004312515258789062e-01,-3.606865704059600830e-01,-1.954787671566009521e-01,-3.042738139629364014e-01,5.218649655580520630e-02,1.839833520352840424e-02,-2.782058157026767731e-02,-1.277307569980621338e-01,-2.901833876967430115e-02,-1.537679880857467651e-01,3.102253973484039307e-01,5.369610711932182312e-02,2.290855944156646729e-01,-2.455226480960845947e-01,5.324372556060552597e-03,-1.712108962237834930e-02,-3.367182910442352295e-01,-1.413276940584182739e-01,2.868300974369049072e-01,4.238247573375701904e-01,-9.412733837962150574e-03,4.193151593208312988e-01,4.849215149879455566e-01,1.164012923836708069e-01,-3.000336885452270508e-01,4.820845127105712891e-01,-8.615044504404067993e-02,-3.133916556835174561e-01,3.475288450717926025e-01,-1.830135881900787354e-01,-2.535333633422851562e-01,-7.133225444704294205e-03,2.035796493291854858e-01,-4.503514170646667480e-01,2.208467274904251099e-01,-1.077987179160118103e-01,2.773789223283529282e-03,-3.985666483640670776e-02,3.096168637275695801e-01,6.633097678422927856e-02,1.854489594697952271e-01,-5.108963251113891602e-01,2.779206037521362305e-01,2.804874815046787262e-02,-3.089630901813507080e-01,-3.807108849287033081e-02,3.657230138778686523e-01,1.077079698443412781e-01,2.169548422098159790e-01,8.331761509180068970e-02,2.713111229240894318e-02,-1.058879271149635315e-01,1.406623721122741699e-01,2.192308753728866577e-01,-7.233169674873352051e-02,2.462266758084297180e-02,-1.661912351846694946e-01,-2.642721533775329590e-01,-2.193284779787063599e-01,4.408417642116546631e-01,-2.965068221092224121e-01,4.650427103042602539e-01,-5.163915082812309265e-02,1.877208203077316284e-01,1.280276924371719360e-01,-6.532981991767883301e-02,2.829309552907943726e-02,2.053197324275970459e-01,-2.204568497836589813e-02,-2.298181504011154175e-02,6.455086637288331985e-03,3.241246566176414490e-02,-1.594824939966201782e-01,1.681854873895645142e-01,3.314557969570159912e-01,8.048263937234878540e-02,2.564303278923034668e-01,-7.836306095123291016e-02,1.474093347787857056e-01,2.562380023300647736e-02,-1.222762614488601685e-01,1.656685620546340942e-01,4.583547264337539673e-02,2.886601686477661133e-01,4.726171121001243591e-02,1.180668994784355164e-01,6.431743502616882324e-02,1.875176876783370972e-01,4.166982695460319519e-02,4.642624258995056152e-01,2.940711975097656250e-01,-3.747978210449218750e-01,1.627299040555953979e-01,-3.230528831481933594e-01,8.167900890111923218e-02,-1.206664964556694031e-01,-5.446398854255676270e-01,-5.930674448609352112e-02,-2.292433083057403564e-01,4.564032852649688721e-01,-8.128177374601364136e-02,-3.291017562150955200e-02,1.738371998071670532e-01,1.652232408523559570e-01,5.838577076792716980e-02,-1.730203777551651001e-01,5.301656201481819153e-02,6.936118751764297485e-02,-1.263554692268371582e-01,7.255741208791732788e-02,-3.161486983299255371e-01,-6.652562320232391357e-02,-4.414932802319526672e-03,-2.670705616474151611e-01,1.649947017431259155e-01,1.757238507270812988e-01,4.251497983932495117e-01,-2.914240956306457520e-01,2.065670676529407501e-02,3.106741905212402344e-01,-3.608862161636352539e-01,-1.010219752788543701e-01,-1.045479848980903625e-01,-1.717634201049804688e-01,-1.516384929418563843e-01,-1.366130113601684570e-01,-3.543075174093246460e-02,-2.948250472545623779e-01,3.286927938461303711e-02,-2.992226779460906982e-01,-1.537284255027770996e-01,2.351731806993484497e-01,2.580944895744323730e-01,-5.306117609143257141e-02,-5.048708617687225342e-02,-4.132210016250610352e-01,-4.291031137108802795e-02,2.145257890224456787e-01,-7.715380191802978516e-02,-5.548514127731323242e-01,1.247870400547981262e-01,3.074471279978752136e-02,-3.295557796955108643e-01,1.682540178298950195e-01,-1.248474940657615662e-01,6.077767536044120789e-02,-2.000856101512908936e-01,2.205790728330612183e-01,4.708458483219146729e-01,-2.565648853778839111e-01,-1.639893352985382080e-01,-1.757459789514541626e-01,-2.455939725041389465e-02,-5.413669943809509277e-01,-9.659547358751296997e-03,2.008236013352870941e-02,-3.335350751876831055e-01,-2.277052253484725952e-01,5.665104091167449951e-02,1.503949016332626343e-01,-7.811044901609420776e-02,-1.215172782540321350e-01,9.588477760553359985e-02,-1.513815671205520630e-01,-3.940719664096832275e-01,1.861577779054641724e-01,4.705453664064407349e-02,2.319415956735610962e-01,-1.253909766674041748e-01,-4.990392178297042847e-02,2.700960338115692139e-01,-9.717614948749542236e-02,-3.415450155735015869e-01,1.745067536830902100e-01,-4.747851788997650146e-01,7.082089781761169434e-02,-2.610713839530944824e-01,2.430215477943420410e-01,2.174055762588977814e-02,6.353057920932769775e-02,1.909619271755218506e-01,-1.857809871435165405e-01,-6.902053952217102051e-02,3.180422782897949219e-01,-3.792076185345649719e-02,-7.566840853542089462e-03,-4.220505431294441223e-02,-6.159226223826408386e-02,-5.620118603110313416e-02,3.107619844377040863e-02,-2.917046248912811279e-01,1.428233087062835693e-01,-1.019646227359771729e-01,-4.929048940539360046e-02,2.222475707530975342e-01,-1.237554475665092468e-01,-2.914105951786041260e-01,9.620596468448638916e-02,5.090684294700622559e-01,-1.739750206470489502e-01,-1.458766609430313110e-01,3.583095967769622803e-01,-1.906571090221405029e-01,3.889518976211547852e-01,-3.340184092521667480e-01,2.186705768108367920e-01,-1.885691881179809570e-01,-8.020672202110290527e-02,-1.684606373310089111e-01,-3.748834133148193359e-01,2.496262043714523315e-01,4.488682448863983154e-01,2.311355248093605042e-02,-3.302656114101409912e-01,2.368303090333938599e-01,-9.512262418866157532e-03,5.415357351303100586e-01,-4.232775866985321045e-01,-1.942885816097259521e-01,2.719145417213439941e-01,3.728448599576950073e-02,-1.301688104867935181e-01,-2.181545346975326538e-01,3.094772398471832275e-01,-1.973640471696853638e-01,-3.863552585244178772e-02,-2.633510828018188477e-01,4.354520738124847412e-01,-1.358878612518310547e-01,3.215086758136749268e-01,-1.036780551075935364e-01,7.417239993810653687e-02,-7.810619194060564041e-03,-9.089890122413635254e-02,9.089003503322601318e-02,-9.944180399179458618e-02,-1.018644943833351135e-01,1.615409404039382935e-01,-1.932946890592575073e-01,2.091957330703735352e-01,7.106952834874391556e-03,-7.736957818269729614e-02,-1.230911165475845337e-01,3.556079566478729248e-01,-2.566641271114349365e-01,-2.522177398204803467e-01,-8.594184182584285736e-03,-1.531967520713806152e-01,-3.086551092565059662e-02,-7.071191072463989258e-02,5.856162868440151215e-03,1.437922716140747070e-01,1.831879168748855591e-01,-4.405437409877777100e-01,2.901677787303924561e-01,4.651224985718727112e-02,-1.864875853061676025e-01,-3.455478549003601074e-01,-7.647961843758821487e-03,-1.204431280493736267e-01,1.502621173858642578e-01,3.167600035667419434e-01,-8.545236289501190186e-02,7.990932464599609375e-02,-1.982991099357604980e-01,-2.772791385650634766e-01,4.496630653738975525e-02,2.867584489285945892e-02,-2.342851832509040833e-02,-2.971040606498718262e-01,-1.374963074922561646e-01,3.047018647193908691e-01,1.608940958976745605e-01,-5.658948048949241638e-02,1.689632982015609741e-01,-1.967747807502746582e-01,-8.097724616527557373e-02,-3.372206687927246094e-01,1.740472912788391113e-01,6.157369166612625122e-02,-1.810907721519470215e-01,4.169757664203643799e-01,-4.816751182079315186e-01,-8.481351137161254883e-01,3.489330112934112549e-01,-3.180096745491027832e-01,-1.843894422054290771e-01,-1.522802412509918213e-01,-3.614839613437652588e-01,6.288833618164062500e-01,-5.792380124330520630e-02,-7.976308465003967285e-02,1.301983892917633057e-01,-2.132903411984443665e-02,-5.927520394325256348e-01,-4.346883893013000488e-01,5.681655406951904297e-01,1.041370034217834473e-01,-1.448439657688140869e-01,-2.300126850605010986e-01,1.126253604888916016e-01,9.967130422592163086e-02,2.790373982861638069e-03,-2.828854024410247803e-01,6.213476061820983887e-01,1.543163806200027466e-01,3.556124493479728699e-02,-2.968316078186035156e-01,3.005971312522888184e-01,-7.985828071832656860e-02,1.578903645277023315e-01,-3.362385928630828857e-01,4.274818897247314453e-01,-1.555943191051483154e-01,1.515178829431533813e-01,-2.478730976581573486e-01,-1.875586807727813721e-01,6.073338910937309265e-02,-1.265960633754730225e-01,2.531092464923858643e-01,-7.508110255002975464e-02,6.892779469490051270e-02,2.199777513742446899e-01,-1.891843825578689575e-01,-6.325478851795196533e-02,-3.496955335140228271e-01,-4.388270676136016846e-01,-9.576591849327087402e-02,4.020667076110839844e-01,-3.096873760223388672e-01,1.512651331722736359e-02,1.246814578771591187e-01,-3.076505362987518311e-01,1.384397149085998535e-01,-1.204591765999794006e-01,-6.650754809379577637e-01,3.671885281801223755e-02,2.883747816085815430e-01,-2.469816058874130249e-01,3.200194612145423889e-02,-9.208246320486068726e-02,9.416301548480987549e-02,4.116665720939636230e-01,2.239499539136886597e-01,7.631953340023756027e-03,-6.246235966682434082e-01,-2.662398517131805420e-01,-9.203959256410598755e-02,2.760351300239562988e-01,3.454787433147430420e-01,-1.646315753459930420e-01,-3.555491268634796143e-01,6.757610291242599487e-02,2.804590165615081787e-01,8.414288610219955444e-02,2.657971084117889404e-01,-1.557013690471649170e-01,2.888608872890472412e-01,-3.913711905479431152e-01
-2.253543436527252197e-01,-1.275883615016937256e-01,4.006491005420684814e-01,-2.392961382865905762e-01,6.131358444690704346e-03,2.994655258953571320e-02,-1.646730303764343262e-01,4.426112025976181030e-02,1.418678164482116699e-01,-8.740603178739547729e-02,3.999292850494384766e-02,1.595921218395233154e-01,1.215022280812263489e-01,-6.663914024829864502e-02,-4.908004775643348694e-02,-1.240620240569114685e-01,1.484106779098510742e-01,2.814682759344577789e-02,-6.408196687698364258e-02,2.906090617179870605e-01,-1.164246574044227600e-01,2.389553189277648926e-01,4.037368297576904297e-02,-3.415820598602294922e-01,2.831886522471904755e-02,-1.677833199501037598e-01,-5.585753545165061951e-02,-1.320412307977676392e-01,-2.099350690841674805e-01,8.673731982707977295e-02,3.054921030998229980e-01,1.816060841083526611e-01,1.180320084095001221e-01,-1.123050600290298462e-01,3.104290366172790527e-02,2.260011732578277588e-01,1.264053136110305786e-01,-2.272743284702301025e-01,-4.389818906784057617e-01,3.439757525920867920e-01,9.852954000234603882e-02,-7.632874697446823120e-02,-6.740899384021759033e-02,3.067074716091156006e-01,3.227558135986328125e-01,-1.547605395317077637e-01,2.262300550937652588e-01,-1.641191095113754272e-01,-3.196163773536682129e-01,4.238799214363098145e-02,1.777534186840057373e-01,-1.554377824068069458e-01,-2.525156736373901367e-01,-2.552362084388732910e-01,1.663092076778411865e-01,2.916542254388332367e-02,-2.362940013408660889e-01,-2.831986732780933380e-02,6.692439317703247070e-02,6.786591559648513794e-02,1.375834494829177856e-01,1.432936191558837891e-01,6.514236330986022949e-02,-4.651711583137512207e-01,-5.749269947409629822e-02,1.908219307661056519e-01,-1.379920095205307007e-01,-1.326397210359573364e-01,-1.875879615545272827e-01,1.027903854846954346e-01,9.262163192033767700e-02,2.001867163926362991e-03,-9.372239559888839722e-02,-3.183549344539642334e-01,5.738937109708786011e-02,-1.783650368452072144e-01,-3.763470798730850220e-02,1.825542449951171875e-01,-4.789769649505615234e-02,-4.493155702948570251e-02,-4.600431323051452637e-01,1.048148050904273987e-01,-1.101136729121208191e-01,-3.798217698931694031e-02,-2.136158756911754608e-02,-7.513462007045745850e-02,3.832824528217315674e-02,2.374792937189340591e-03,1.144262030720710754e-01,1.133960857987403870e-01,-4.804588854312896729e-02,5.891078710556030273e-01,1.221427395939826965e-01,1.239601671695709229e-01,3.793475776910781860e-02,-2.260902822017669678e-01,9.558706730604171753e-02,-5.265388637781143188e-02,-2.546607255935668945e-01,6.322485208511352539e-02,2.595420181751251221e-02,5.825167894363403320e-02,-1.888561993837356567e-01,-1.366852372884750366e-01,2.914031147956848145e-01,-1.252729594707489014e-01,-1.272839903831481934e-01,-1.893438100814819336e-01,-2.206271737813949585e-01,5.128038674592971802e-02,-5.034612491726875305e-02,-2.571939229965209961e-01,-6.722138822078704834e-02,2.503411769866943359e-01,-1.124088391661643982e-01,-5.641840770840644836e-02,2.070682793855667114e-01,-1.335428506135940552e-01,-1.417492628097534180e-01,2.574003338813781738e-01,-2.411358803510665894e-01,5.732504278421401978e-02,3.843457400798797607e-01,-1.979573369026184082e-01,1.823872923851013184e-01,1.010894253849983215e-01,-2.080151736736297607e-01,-1.349769085645675659e-01,-9.100200980901718140e-02,1.930200010538101196e-01,1.707051992416381836e-01,1.585863977670669556e-01,-2.014553546905517578e-01,-1.077506318688392639e-01,6.748923566192388535e-03,2.967812716960906982e-01,-7.107266038656234741e-02,4.872207995504140854e-03,-3.216533362865447998e-02,1.032765656709671021e-01,-1.788379997014999390e-01,7.250574231147766113e-02,-9.517977386713027954e-02,-1.703080683946609497e-01,-3.289708793163299561e-01,-1.450847238302230835e-01,7.305687665939331055e-02,-1.833376586437225342e-01,2.014591991901397705e-01,-1.508791446685791016e-01,1.509219706058502197e-01,-4.148048907518386841e-02,6.154068186879158020e-02,1.346691101789474487e-01,-4.577544033527374268e-01,-6.696638464927673340e-02,-3.269078135490417480e-01,2.353081852197647095e-01,6.639190763235092163e-02,-1.123235747218132019e-01,-3.513867780566215515e-02,-1.738945096731185913e-01,7.556436210870742798e-02,-1.720631867647171021e-01,-2.423505783081054688e-01,1.455162018537521362e-01,2.697539329528808594e-01,1.711245626211166382e-02,-2.229069769382476807e-01,-1.713823229074478149e-01,-2.689776010811328888e-02,-8.253309875726699829e-02,3.438558876514434814e-01,-3.183584287762641907e-02,-4.604104459285736084e-01,-4.072499871253967285e-01,5.405485164374113083e-03,3.447200059890747070e-01,1.227648258209228516e-01,2.085344865918159485e-02,-2.551489472389221191e-01,-6.914889067411422729e-02,9.718731045722961426e-03,2.224794775247573853e-01,2.375973016023635864e-01,1.083308085799217224e-01,-5.048033967614173889e-02,1.678974777460098267e-01,-3.245014846324920654e-01,-1.884054839611053467e-01,-2.691722474992275238e-02,1.760087460279464722e-01,6.344809383153915405e-02,-1.957985460758209229e-01,6.544583290815353394e-02,-3.400226533412933350e-01,-1.560855954885482788e-01,-9.605558216571807861e-02,-2.007254026830196381e-02,3.450978314504027367e-03,2.177013270556926727e-02,-1.978209763765335083e-01,3.006093949079513550e-02,1.071578934788703918e-01,-1.147372126579284668e-01,3.494350984692573547e-02,-1.495388448238372803e-01,-6.685208529233932495e-02,1.031616553664207458e-01,-9.834785014390945435e-02,3.468955308198928833e-02,2.032387256622314453e-01,-2.420350015163421631e-01,1.613325625658035278e-01,-2.709961123764514923e-02,-1.455290317535400391e-01,-1.691327691078186035e-01,1.543836444616317749e-01,2.906831540167331696e-02,9.970167279243469238e-02,-2.780964039266109467e-02,-1.755393296480178833e-01,-1.264480948448181152e-01,8.773185312747955322e-02,-1.343246996402740479e-01,1.682001501321792603e-01,-1.842962354421615601e-01,9.938422590494155884e-02,-2.089245431125164032e-02,3.868486583232879639e-01,-1.816748827695846558e-01,6.436029821634292603e-02,2.522399723529815674e-01,9.856920689344406128e-02,2.755420282483100891e-02,1.816261410713195801e-01,-1.411126367747783661e-02,7.703992724418640137e-02,1.708367466926574707e-01,8.323215693235397339e-02,1.133758127689361572e-01,1.437222212553024292e-01,1.702540740370750427e-02,-2.743060290813446045e-01,1.171585824340581894e-02,9.286382049322128296e-02,-2.166201919317245483e-01,-3.724949061870574951e-02,2.617533206939697266e-01,-1.981204897165298462e-01,2.081298269331455231e-02,-2.138437181711196899e-01,-2.744628489017486572e-01,-1.211008653044700623e-01,-5.704969912767410278e-02,4.635174944996833801e-02,-1.667424738407135010e-01,3.597987890243530273e-01,2.161974608898162842e-01,1.813540011644363403e-01,2.472204715013504028e-01,-2.566380202770233154e-01,2.123773545026779175e-01,-1.294429451227188110e-01,1.651355326175689697e-01,2.562804520130157471e-02,8.894667774438858032e-02,2.193506620824337006e-02,1.287362910807132721e-02,-2.499588280916213989e-01,-1.383339762687683105e-01,-9.766878187656402588e-02,1.401534490287303925e-02,2.599480450153350830e-01,2.630591094493865967e-01,1.724803000688552856e-01,-7.199875544756650925e-03,-2.199626564979553223e-01,-4.653039276599884033e-01,3.301978707313537598e-01,-4.349526017904281616e-02,2.637217342853546143e-01,-1.415568888187408447e-01,2.347004711627960205e-01,-7.678805291652679443e-02,-9.633523225784301758e-02,1.600397676229476929e-01,-1.307994127273559570e-01,-1.645739674568176270e-01,-1.250974237918853760e-01,2.085056602954864502e-01,-9.658655524253845215e-02,2.814331352710723877e-01,-1.544273644685745239e-01,8.199404925107955933e-03,1.033791825175285339e-01,1.874805688858032227e-01,-1.809848994016647339e-01,1.590925008058547974e-01,-3.113755583763122559e-01,2.545708119869232178e-01,6.681798398494720459e-02,1.561463773250579834e-01,6.002902612090110779e-02,-8.459059149026870728e-02,-2.633661590516567230e-02,-8.645411580801010132e-02,-3.351329863071441650e-01,1.167189627885818481e-01,-1.127230972051620483e-01,1.837010532617568970e-01,-1.624961793422698975e-01,-1.177500933408737183e-01,2.110923677682876587e-01,1.464481800794601440e-01,-1.497405860573053360e-02,2.095043063163757324e-01,-2.142264693975448608e-01,3.755197674036026001e-02,1.377557311207056046e-02,2.677876949310302734e-01,-1.700978539884090424e-02,-3.039414584636688232e-01,2.960334420204162598e-01,-1.292780786752700806e-02,-7.885055243968963623e-02,-9.883406758308410645e-02,1.323164850473403931e-01,1.881688833236694336e-01,1.377583444118499756e-01,2.342789173126220703e-01,-2.559873973950743675e-03,1.954182833433151245e-01,1.099470630288124084e-02,-4.935909807682037354e-01,-5.822802707552909851e-02,-1.186807751655578613e-01,-1.299306005239486694e-01,-4.201290607452392578e-01,-1.921215653419494629e-01,-8.451306819915771484e-02,2.647147476673126221e-01,4.636349156498908997e-02,-2.911822125315666199e-02,9.076181799173355103e-02,1.990905702114105225e-01,4.101281985640525818e-03,1.398538649082183838e-01,-3.496350944042205811e-01,-3.003546297550201416e-01,-6.967321783304214478e-02,2.544019185006618500e-02,1.045478209853172302e-01,1.435190588235855103e-01,5.769153684377670288e-02,-2.515319585800170898e-01,-1.059377342462539673e-01,-1.737186908721923828e-01,-4.961300268769264221e-02,-1.566303819417953491e-01,3.762942850589752197e-01,-1.094790920615196228e-02,-1.761176288127899170e-01,-1.912912875413894653e-01,-1.262923777103424072e-01,1.872115768492221832e-03,3.826196491718292236e-02,-3.456036746501922607e-01,1.404950320720672607e-01,-2.486844807863235474e-01,-1.851361617445945740e-02,-9.437344223260879517e-02,2.624232321977615356e-02,1.071556508541107178e-01,2.973928451538085938e-01,4.493802413344383240e-02,7.168278098106384277e-02,8.391010761260986328e-02,-2.631263434886932373e-02,-1.452288706786930561e-03,5.250593274831771851e-02,-1.428958326578140259e-01,-2.774037420749664307e-01,5.959363654255867004e-02,-5.926808714866638184e-02,-6.455107778310775757e-02,1.034887135028839111e-01,-6.243584305047988892e-02,5.004484206438064575e-03,-2.486871927976608276e-01,1.848789304494857788e-01,-1.729789674282073975e-01,2.233351618051528931e-01,2.322989255189895630e-01,-5.597049742937088013e-02,2.211070060729980469e-01,4.937261715531349182e-02,-1.164347231388092041e-01,1.584019958972930908e-01,-1.257457286119461060e-01,-3.101147711277008057e-01,3.307259827852249146e-02,1.075039356946945190e-01,-2.976395785808563232e-01,-5.164817571640014648e-01,3.246382251381874084e-02,-1.017148420214653015e-01,-2.015798687934875488e-01,-2.310231477022171021e-01,6.281434744596481323e-02,-1.660405695438385010e-01,-5.645658969879150391e-01,1.245848685503005981e-01,3.919961154460906982e-01,7.448231428861618042e-02,1.525251716375350952e-01,-1.770395487546920776e-01,-2.254812046885490417e-02,2.116541713476181030e-01,2.894893288612365723e-01,-1.260796468704938889e-02,5.598196387290954590e-02,-6.107116118073463440e-02,1.187890246510505676e-01,-1.934881955385208130e-01,-8.966978639364242554e-03,3.036590516567230225e-01,1.255012154579162598e-01,-6.021988391876220703e-02,-7.298541069030761719e-02,-3.803128004074096680e-01,-1.798813343048095703e-01,3.480564653873443604e-01,-2.840279638767242432e-01,-5.490147508680820465e-03,2.216978073120117188e-01,6.966040283441543579e-02,2.716110348701477051e-01,1.034354493021965027e-01,4.496570304036140442e-02,-1.015004515647888184e-01,1.147259026765823364e-01,-1.069486662745475769e-01,-2.775433957576751709e-01,-2.059849351644515991e-01,6.462660431861877441e-02,-1.001805439591407776e-01,-9.977279603481292725e-02,1.727956384420394897e-01,-2.430604398250579834e-01,1.627358049154281616e-01,-5.397395789623260498e-02,1.774757504463195801e-01,4.764862358570098877e-02,-3.917582333087921143e-01,2.523999512195587158e-01,1.314780116081237793e-01,1.123845055699348450e-01,2.269278019666671753e-01,8.924793452024459839e-02,2.483031153678894043e-01,5.795470252633094788e-02,-1.222035437822341919e-01,3.053030669689178467e-01,3.762059658765792847e-02,-1.007807180285453796e-01,3.533437550067901611e-01,-2.468435615301132202e-01,2.825257480144500732e-01,4.543790966272354126e-02,-1.807010322809219360e-01,7.374806446023285389e-04,2.278027832508087158e-01,-1.473204195499420166e-01,-9.747831523418426514e-02,9.113577753305435181e-02,-1.398883201181888580e-02,1.393364667892456055e-01,-1.781535148620605469e-01,1.426353454589843750e-01,1.010733004659414291e-02,-1.280605942010879517e-01,-6.181283295154571533e-02,8.810137212276458740e-02,9.303846955299377441e-02,-9.889186918735504150e-02,-4.374451935291290283e-01,-1.756784319877624512e-01,-1.649384647607803345e-01,-1.132657229900360107e-01,-6.168735027313232422e-02,6.567822396755218506e-02,2.270753979682922363e-01,1.327920854091644287e-01,2.551438808441162109e-01,7.752911746501922607e-02,-1.112650632858276367e-01,1.248843502253293991e-02,1.220229938626289368e-01,-1.791746318340301514e-01,2.408103644847869873e-01,1.533103585243225098e-01,-3.267585858702659607e-02,-5.689582228660583496e-02,-3.208313882350921631e-01,-1.599764078855514526e-01,-1.183273717761039734e-01,-1.137486472725868225e-01,2.299448549747467041e-01,9.977216273546218872e-02,-1.241090223193168640e-01,3.136528134346008301e-01,1.598243266344070435e-01,-1.190306469798088074e-01,-1.589750498533248901e-01,-4.102436900138854980e-01,3.173464536666870117e-02,-2.133109867572784424e-01,-2.325346916913986206e-01,5.393546819686889648e-01,-3.705908358097076416e-02,9.123218059539794922e-02,-5.116942152380943298e-02,1.518011987209320068e-01,-1.446653250604867935e-02,1.081862896680831909e-01,-1.107425987720489502e-01,3.014810681343078613e-01,-2.156720682978630066e-02,-1.808332353830337524e-01,1.740281283855438232e-01,-3.285390734672546387e-01,-1.965112686157226562e-01,8.899319916963577271e-02,1.833784282207489014e-01,7.780735939741134644e-02,-1.557455956935882568e-01,-4.375344887375831604e-02,-4.666636884212493896e-02,-1.861720383167266846e-01,-1.190157234668731689e-01,-7.980978488922119141e-02,-2.634135484695434570e-01,-3.335386514663696289e-02,1.348505020141601562e-01,2.346301227807998657e-01,5.160360038280487061e-02,1.446031332015991211e-01,-2.473113872110843658e-02,1.285665035247802734e-01,-2.876576781272888184e-01,1.894802153110504150e-01,7.786733657121658325e-02,1.977149099111557007e-01,-9.461436420679092407e-02,-1.316328495740890503e-01,1.166188716888427734e-02,2.821439504623413086e-01,1.083451602607965469e-02,-9.724742919206619263e-02,-4.430943727493286133e-01,-3.587757050991058350e-01,-1.698224097490310669e-01,-1.245802044868469238e-01,1.738813221454620361e-01,-2.533033192157745361e-01,2.033671364188194275e-02,-3.968826830387115479e-01,-8.889833837747573853e-02,3.476148471236228943e-02,3.594261705875396729e-01,3.407429456710815430e-01,-2.859012484550476074e-01,8.561310358345508575e-03,1.315096467733383179e-01,-2.058922201395034790e-01,-5.902633816003799438e-02,7.650376111268997192e-02,-1.949858106672763824e-02,-1.721769124269485474e-01,-2.578268647193908691e-01,2.068024724721908569e-01,1.426680535078048706e-01,1.376403309404850006e-02,1.285295002162456512e-02,-3.214159607887268066e-01,1.898191124200820923e-01,1.536287516355514526e-01,-6.457746773958206177e-02,2.874638140201568604e-01,1.203851550817489624e-01,2.368710339069366455e-01,-5.912030935287475586e-01,2.937993407249450684e-01,1.688728779554367065e-01,-2.688521742820739746e-01,2.924513816833496094e-01,-1.966008096933364868e-01,2.502101957798004150e-01,-6.514779478311538696e-02,-1.612263768911361694e-01,-3.104057163000106812e-02,4.693607091903686523e-01,3.801956772804260254e-01,1.764384359121322632e-01,-9.595003724098205566e-02,-1.882606893777847290e-01,-5.475861579179763794e-02,9.710885584354400635e-03,5.690081790089607239e-02,2.542350888252258301e-01,-2.434960752725601196e-01,-2.120005637407302856e-01,2.243378907442092896e-01,1.185646951198577881e-01,-1.117786616086959839e-01,-2.615148127079010010e-01,3.149159252643585205e-01,-8.280196227133274078e-03,-1.786215417087078094e-02,9.660285711288452148e-02,9.864692576229572296e-03,-5.508574843406677246e-02,3.521486818790435791e-01,-1.137670129537582397e-01,3.034371435642242432e-01,-3.265166580677032471e-01,4.244560897350311279e-01,2.264179289340972900e-01,5.212366953492164612e-02,5.635590478777885437e-02,1.177664846181869507e-01,1.028738617897033691e-01,2.594028115272521973e-01,-1.384042054414749146e-01,1.294047832489013672e-01,-1.115299761295318604e-01,-1.135765537619590759e-01,6.189689040184020996e-02,-4.847647994756698608e-02,2.449992112815380096e-02,-1.620583534240722656e-01,-1.735880039632320404e-02,-9.980647265911102295e-02,2.095357142388820648e-02,4.263320863246917725e-01,-2.130680717527866364e-03,1.376935541629791260e-01,-4.389902949333190918e-02,-1.769866794347763062e-01,-1.168350204825401306e-01,-2.478211931884288788e-02,1.395751088857650757e-01,8.689040690660476685e-02,-7.746407762169837952e-03,1.003098394721746445e-02,1.447517126798629761e-01,2.652511559426784515e-02,-1.295787245035171509e-01,2.639365792274475098e-01,1.417537182569503784e-01,7.729556411504745483e-02,4.912226647138595581e-02,1.641672402620315552e-01,3.066203892230987549e-01,1.439211517572402954e-02,9.117741137742996216e-02,2.935620546340942383e-01,-2.140952199697494507e-01,9.930692613124847412e-02,-4.754634946584701538e-02,1.097100973129272461e-01,-2.438790202140808105e-01,-3.289443207904696465e-03,1.518058590590953827e-02,-3.001436591148376465e-01,-2.089259959757328033e-02,-1.367948502302169800e-01,3.203860297799110413e-02,-2.140947580337524414e-01,-1.256126910448074341e-01,1.751279085874557495e-01,-1.781770288944244385e-01,1.378353983163833618e-01,2.659513652324676514e-01,-1.529235541820526123e-01,8.404355496168136597e-02,1.485041230916976929e-01,-2.339958697557449341e-01,1.024789884686470032e-01,1.951298564672470093e-01,1.590123772621154785e-01,1.199684962630271912e-01,-1.393870860338211060e-01,3.887293338775634766e-01,-1.983035169541835785e-02,-2.594714462757110596e-01,-2.874485552310943604e-01,2.956651449203491211e-01,-5.316207185387611389e-02,-1.435789316892623901e-01,-2.547627389430999756e-01,3.694135844707489014e-01,2.212877124547958374e-01,-1.806332468986511230e-01,-2.514464855194091797e-01,1.219312101602554321e-01,-1.967151015996932983e-01,1.034122630953788757e-01,-7.293037325143814087e-02,3.333000540733337402e-01,7.335363328456878662e-02,-5.982971563935279846e-02,-3.340419149026274681e-03,-1.763876527547836304e-01,-1.137348935008049011e-01,3.942214697599411011e-02,-9.314772486686706543e-02,8.256781101226806641e-02,2.853685617446899414e-01,4.086996018886566162e-01,-2.113344669342041016e-01,-5.426824465394020081e-02,-3.314083442091941833e-02,1.687386482954025269e-01,-6.326482295989990234e-01,-6.994687020778656006e-02,6.156696081161499023e-01,2.955458126962184906e-02,-7.589515298604965210e-02,1.839297413825988770e-01,2.388893812894821167e-02,2.253928035497665405e-01,1.276575922966003418e-01,2.508088052272796631e-01,-1.657934337854385376e-01,-5.028867721557617188e-01,5.233315229415893555e-01,-5.747460946440696716e-02,-4.922392312437295914e-03,-9.941981732845306396e-02,9.587877243757247925e-02,8.015049248933792114e-02,-7.416144758462905884e-02,-1.450772434473037720e-01,-9.776788204908370972e-02,1.253472417593002319e-01,-3.769887983798980713e-02,1.867239922285079956e-01,5.483551323413848877e-02,3.028446733951568604e-01,-1.884930729866027832e-01,-1.795176565647125244e-01,-2.206768989562988281e-01,-1.144156157970428467e-01,-5.704038590192794800e-02,-1.065694838762283325e-01,-1.154173910617828369e-01,-1.481407284736633301e-01,-9.541256725788116455e-02,6.853049993515014648e-02,2.066615223884582520e-01,3.071758151054382324e-01,2.139826565980911255e-01,1.662277281284332275e-01,-5.003219097852706909e-02,7.236263900995254517e-02,-6.877937167882919312e-02
-1.972513347864151001e-01,5.926586315035820007e-02,-1.437712907791137695e-01,4.725770652294158936e-01,5.643252655863761902e-02,5.410066992044448853e-02,-2.000972032546997070e-01,6.785265356302261353e-02,2.462387531995773315e-01,-1.660827845335006714e-01,-5.642946437001228333e-02,-2.503361999988555908e-01,1.652579754590988159e-01,8.926238864660263062e-02,-2.507766783237457275e-01,-2.118346244096755981e-01,3.752321898937225342e-01,2.564889788627624512e-01,2.466030269861221313e-01,5.081227794289588928e-02,-2.584716379642486572e-01,-2.106014490127563477e-01,-1.439070254564285278e-01,-3.337692618370056152e-01,-1.290798187255859375e-01,-2.899944409728050232e-02,1.666179150342941284e-01,-1.557547133415937424e-02,1.732542738318443298e-02,2.610234022140502930e-01,-7.782550156116485596e-02,-1.592043600976467133e-02,-6.844120472669601440e-02,2.876219749450683594e-01,1.543001383543014526e-01,-4.868909344077110291e-02,2.952909469604492188e-01,-5.694559589028358459e-02,-7.870018482208251953e-02,2.658443152904510498e-02,4.768988192081451416e-01,-7.696356624364852905e-02,3.672280162572860718e-02,-1.844752728939056396e-01,-5.772331729531288147e-03,1.957456022500991821e-02,1.571173816919326782e-01,1.460154205560684204e-01,9.887758642435073853e-02,8.715446293354034424e-02,-7.517109066247940063e-02,2.889322116971015930e-02,-1.190648749470710754e-01,1.458195894956588745e-01,-6.867428123950958252e-02,-7.143832743167877197e-02,-2.792811393737792969e-01,4.496430978178977966e-02,1.135118603706359863e-01,5.674184765666723251e-03,1.031959950923919678e-01,2.645620703697204590e-01,-2.802913188934326172e-01,-2.206675559282302856e-01,9.809000790119171143e-02,-2.126886546611785889e-01,8.834613114595413208e-02,2.404054552316665649e-01,2.376835420727729797e-02,6.140364333987236023e-02,-2.747943997383117676e-01,-5.483188852667808533e-02,8.861141279339790344e-03,3.591323196887969971e-01,1.896267384290695190e-01,-2.719728648662567139e-01,2.186953090131282806e-03,-2.280507832765579224e-01,4.585341736674308777e-02,1.174929961562156677e-01,-7.237684726715087891e-02,-2.788488566875457764e-01,-1.039043068885803223e-01,-3.751651942729949951e-02,-3.044917881488800049e-01,2.107192128896713257e-01,-1.015931181609630585e-02,5.308415368199348450e-02,-5.280755460262298584e-02,-1.970325261354446411e-01,-1.366768479347229004e-01,-1.414239257574081421e-01,1.471402943134307861e-01,-3.144946992397308350e-01,-3.448298275470733643e-01,2.278600782155990601e-01,8.557567745447158813e-02,2.231206297874450684e-01,-5.252897143363952637e-01,3.262898698449134827e-02,-9.806752204895019531e-03,-2.255802042782306671e-02,-6.287571787834167480e-02,-3.586964607238769531e-01,-1.172246709465980530e-01,1.459289714694023132e-02,-8.313878625631332397e-02,-5.296803712844848633e-01,1.575586944818496704e-02,2.371333688497543335e-01,7.038981467485427856e-02,-1.097265183925628662e-01,-1.750070005655288696e-01,9.774816781282424927e-02,4.104328528046607971e-02,-1.919971965253353119e-02,-1.153939310461282730e-02,1.949276924133300781e-01,-6.452620774507522583e-02,2.420867681503295898e-01,1.223950907588005066e-01,1.663468331098556519e-01,4.798877835273742676e-01,2.223826497793197632e-01,-7.886099070310592651e-02,8.224722929298877716e-03,1.079215202480554581e-02,-3.456443846225738525e-01,-1.746024005115032196e-02,1.028860509395599365e-01,8.074659109115600586e-02,3.416318595409393311e-01,-4.350909497588872910e-03,-1.023602113127708435e-01,1.594184041023254395e-01,-4.103707671165466309e-01,8.294381201267242432e-02,-1.713100448250770569e-02,-2.827142477035522461e-01,-5.563534423708915710e-02,-1.706033796072006226e-01,1.679478883743286133e-01,-7.015160471200942993e-02,1.989607810974121094e-01,1.630518287420272827e-01,-2.786974608898162842e-01,-8.547954261302947998e-02,-2.184376716613769531e-01,4.997471868991851807e-01,1.754968427121639252e-02,-8.856736123561859131e-02,-6.645426154136657715e-02,-2.504450082778930664e-02,2.682978510856628418e-01,-2.863536588847637177e-02,7.472389936447143555e-02,-1.803172230720520020e-01,-2.632991783320903778e-02,5.771959945559501648e-02,-2.065813839435577393e-01,1.368476003408432007e-01,-3.421668335795402527e-02,-2.033657878637313843e-01,1.395858675241470337e-01,2.495398670434951782e-01,2.802442312240600586e-01,2.514480650424957275e-01,2.012340910732746124e-02,1.347265541553497314e-01,-3.642614185810089111e-01,-8.942020684480667114e-02,-2.069505900144577026e-01,-7.371684908866882324e-02,-1.567666530609130859e-01,-3.267737478017807007e-02,-3.018807470798492432e-01,2.645460367202758789e-01,2.039144039154052734e-01,-3.204796612262725830e-01,4.175866395235061646e-02,-1.057370677590370178e-01,-2.016097307205200195e-01,-7.794771343469619751e-02,3.255667537450790405e-02,1.925886720418930054e-01,-6.785617768764495850e-02,1.142640411853790283e-01,2.289902865886688232e-01,-1.217844784259796143e-01,1.549873650074005127e-01,-6.959316879510879517e-02,3.449006080627441406e-01,-4.794782400131225586e-01,5.218963325023651123e-02,1.657356917858123779e-01,-2.066017389297485352e-01,-1.556579172611236572e-01,1.716236919164657593e-01,-1.260660588741302490e-01,1.917324662208557129e-01,7.174368202686309814e-02,1.365714222192764282e-01,3.390777707099914551e-01,3.384408354759216309e-01,1.218513473868370056e-01,1.021808162331581116e-01,-5.707401409745216370e-02,-3.996650129556655884e-02,-4.612378403544425964e-02,3.980344906449317932e-02,3.580114617943763733e-02,-3.146530687808990479e-02,-2.032415866851806641e-01,1.488742767833173275e-03,-2.608688771724700928e-01,2.498937211930751801e-02,-1.875831186771392822e-01,5.219445098191499710e-03,-2.675211243331432343e-02,-3.936911821365356445e-01,5.762703344225883484e-02,-2.251677587628364563e-02,1.026212610304355621e-02,6.306967139244079590e-02,-2.002703547477722168e-01,4.483703672885894775e-01,2.177273631095886230e-01,-2.562493644654750824e-02,-4.097594916820526123e-01,-1.000771895051002502e-01,2.484146952629089355e-01,1.352657079696655273e-01,2.848694324493408203e-01,1.248711943626403809e-01,-3.036204352974891663e-02,-3.112485408782958984e-01,-1.263294965028762817e-01,-2.625960484147071838e-02,-2.534731328487396240e-01,-2.735295274760574102e-04,6.790488213300704956e-02,1.415842473506927490e-01,-1.959009282290935516e-02,3.465564921498298645e-02,-5.107962712645530701e-02,1.026958227157592773e-02,2.893603814300149679e-04,7.657501846551895142e-02,-9.906893968582153320e-02,2.697898633778095245e-02,-3.052108585834503174e-01,4.237923622131347656e-01,7.583221048116683960e-02,-1.395174674689769745e-02,3.818237781524658203e-01,-2.381875813007354736e-01,1.978416548809036613e-04,1.880846172571182251e-01,-1.260305047035217285e-01,-1.287222653627395630e-01,-2.744998931884765625e-01,-4.244340583682060242e-02,-3.630482256412506104e-01,-4.653906077146530151e-02,-1.706216186285018921e-01,-2.710685431957244873e-01,2.124238386750221252e-02,-1.953794360160827637e-01,4.249575436115264893e-01,3.739447891712188721e-02,1.517288982868194580e-01,-2.439191490411758423e-01,-2.378078177571296692e-02,-2.146391123533248901e-01,-3.347722291946411133e-01,2.158365845680236816e-01,-3.757922677323222160e-03,-3.353176116943359375e-01,-8.823982626199722290e-02,-9.373165667057037354e-02,6.008958443999290466e-02,-7.743334770202636719e-02,-2.232402414083480835e-01,1.706461757421493530e-01,5.713799223303794861e-02,-3.098887801170349121e-01,8.144723623991012573e-02,2.782950401306152344e-01,5.238804593682289124e-02,-2.662859559059143066e-01,-9.873827546834945679e-02,3.350472450256347656e-01,-2.090696394443511963e-01,-2.606185078620910645e-01,1.398277282714843750e-01,2.785354256629943848e-01,1.746517792344093323e-02,1.807406097650527954e-01,1.796904802322387695e-01,1.643554568290710449e-01,1.341127883642911911e-02,1.019349023699760437e-01,-1.156293973326683044e-01,-1.926034092903137207e-01,-8.968675881624221802e-02,8.040358871221542358e-02,3.525338470935821533e-01,-1.588223315775394440e-02,4.934170469641685486e-02,-2.425617352128028870e-02,1.503357142210006714e-01,-8.015697449445724487e-02,2.196563035249710083e-01,2.230158001184463501e-01,-4.635861515998840332e-02,-2.482368797063827515e-01,4.729957878589630127e-01,9.154802560806274414e-02,4.056680202484130859e-02,1.446277350187301636e-01,4.156898707151412964e-02,-4.433028399944305420e-01,-8.383114635944366455e-02,-4.307147860527038574e-02,3.646291047334671021e-02,2.145082503557205200e-02,5.088312178850173950e-02,-1.282368898391723633e-01,3.181003034114837646e-02,-5.483595132827758789e-01,3.215288817882537842e-01,1.519584655761718750e-01,-2.249601334333419800e-01,1.847913265228271484e-01,1.158299967646598816e-01,6.076087802648544312e-02,-1.373195052146911621e-01,9.914472699165344238e-02,-2.799302712082862854e-02,-9.885009378194808960e-03,-6.654962897300720215e-02,5.443600416183471680e-01,7.087915390729904175e-02,4.841950163245201111e-02,1.467762142419815063e-01,1.230027079582214355e-01,-1.521358937025070190e-01,2.407688200473785400e-01,-2.032964080572128296e-01,-1.581953316926956177e-01,1.944989264011383057e-01,3.484921157360076904e-02,1.493542045354843140e-01,2.387994825839996338e-01,5.775574222207069397e-02,-7.204242981970310211e-03,1.234867125749588013e-01,6.176463887095451355e-02,-5.980269908905029297e-01,-1.263214051723480225e-01,2.131486982107162476e-01,-1.463313549757003784e-01,-3.032928332686424255e-02,-1.427312288433313370e-02,6.931954622268676758e-02,2.426691167056560516e-02,5.421262606978416443e-02,-2.252047955989837646e-01,-1.458886414766311646e-01,3.220332264900207520e-01,-2.858828604221343994e-01,6.100910902023315430e-02,-1.454290896654129028e-01,-1.582403033971786499e-01,-7.606740295886993408e-02,1.933360695838928223e-01,3.158535659313201904e-01,-1.279296278953552246e-01,1.565174311399459839e-01,2.570030391216278076e-01,-4.115120172500610352e-01,1.338970474898815155e-02,4.168044328689575195e-01,-8.029563724994659424e-02,-2.769013941287994385e-01,8.447848260402679443e-02,-1.844052225351333618e-01,1.367963757365942001e-02,6.903328746557235718e-02,2.496952563524246216e-01,-5.024645850062370300e-02,-2.758239507675170898e-01,-7.687141746282577515e-02,1.372587531805038452e-01,4.236142933368682861e-01,-7.841887883841991425e-03,2.896726503968238831e-02,3.024983918294310570e-03,-8.395019918680191040e-03,-4.728053808212280273e-01,-1.504914313554763794e-01,2.423124015331268311e-01,2.337915748357772827e-01,1.633386015892028809e-01,-9.891516715288162231e-02,-2.029252201318740845e-01,-1.379553079605102539e-01,3.112445175647735596e-01,-4.382472112774848938e-02,-8.164320886135101318e-02,3.284116983413696289e-01,-1.056287586688995361e-01,6.475152820348739624e-02,2.072410136461257935e-01,-2.330725789070129395e-01,2.471753954887390137e-01,-3.824165090918540955e-02,-4.421808123588562012e-01,1.980723291635513306e-01,3.514347970485687256e-02,1.924210600554943085e-02,1.106725260615348816e-01,4.925318956375122070e-01,4.712061956524848938e-02,-1.641726493835449219e-01,3.595697879791259766e-02,-1.693780422210693359e-01,-3.335396647453308105e-01,-3.869477510452270508e-01,-1.385632455348968506e-01,1.172149479389190674e-01,5.499302744865417480e-01,-2.532605826854705811e-01,2.365067303180694580e-01,-1.666007936000823975e-01,-9.324639290571212769e-02,-1.052447706460952759e-01,2.466722577810287476e-01,-6.031526252627372742e-02,-1.824470162391662598e-01,3.184123635292053223e-01,-1.153084486722946167e-01,8.464094996452331543e-02,-6.945746541023254395e-01,2.975178360939025879e-01,1.029592589475214481e-03,4.125486314296722412e-01,-6.937504559755325317e-02,9.516109712421894073e-03,-8.958862721920013428e-02,-9.868771769106388092e-03,1.743538379669189453e-01,-1.836952269077301025e-01,-1.166192069649696350e-01,-1.431841999292373657e-01,8.411824703216552734e-02,2.251172661781311035e-01,4.065886512398719788e-02,-1.863902509212493896e-01,-1.747811213135719299e-02,-2.066227048635482788e-01,-9.797022491693496704e-02,-2.843686752021312714e-02,5.078039169311523438e-01,-3.506670892238616943e-02,4.364061951637268066e-01,3.625435233116149902e-01,-2.770802676677703857e-01,5.018492788076400757e-02,-3.302221000194549561e-01,5.744836106896400452e-02,-7.667388767004013062e-02,-1.321010142564773560e-01,3.191584944725036621e-01,-2.541899681091308594e-01,-4.243157431483268738e-02,2.356423735618591309e-01,6.389527767896652222e-02,3.745439946651458740e-01,-3.881968930363655090e-02,7.305853068828582764e-02,3.300941586494445801e-01,1.134866382926702499e-02,-1.376478746533393860e-02,-1.767126917839050293e-01,-6.270288228988647461e-01,3.081549108028411865e-01,-6.842369679361581802e-03,1.742481812834739685e-02,-1.911489106714725494e-02,3.347972035408020020e-02,-6.437056511640548706e-02,2.161600440740585327e-01,3.074173331260681152e-01,1.669780164957046509e-01,7.707232981920242310e-02,-1.378780580125749111e-03,6.568823009729385376e-02,-1.735623180866241455e-01,6.212352961301803589e-02,3.902904987335205078e-01,7.461232692003250122e-02,1.676626503467559814e-01,-6.360059604048728943e-03,1.360435038805007935e-01,-4.314417019486427307e-02,8.626377582550048828e-02,-2.392771542072296143e-01,2.064758166670799255e-02,9.739091247320175171e-02,5.629631876945495605e-01,-1.800249889492988586e-02,3.208835422992706299e-01,1.083156187087297440e-02,-1.282621175050735474e-01,-2.755575776100158691e-01,-3.613047897815704346e-01,-1.647132188081741333e-01,-3.469235077500343323e-02,1.359447240829467773e-01,-1.835590153932571411e-01,-9.966549277305603027e-02,2.376934587955474854e-01,-1.258606761693954468e-01,-1.577970385551452637e-01,3.161586448550224304e-02,1.758281588554382324e-01,2.177996188402175903e-01,1.951143890619277954e-01,1.239209026098251343e-01,5.563640594482421875e-02,-8.170706778764724731e-02,-2.624686993658542633e-02,1.759009808301925659e-01,-2.270495146512985229e-01,1.716153770685195923e-01,-7.762634754180908203e-02,-9.227667748928070068e-02,-5.683849100023508072e-03,7.987362146377563477e-02,-2.080057859420776367e-01,1.921892315149307251e-01,-3.614376485347747803e-01,-2.239838242530822754e-01,2.701587080955505371e-01,2.347339540719985962e-01,2.289536297321319580e-01,-2.290834486484527588e-01,-3.705666363239288330e-01,-2.653127908706665039e-02,9.330172836780548096e-02,4.068237170577049255e-02,-4.729939997196197510e-01,-4.978292156010866165e-03,5.010864511132240295e-02,1.966248080134391785e-02,4.362307786941528320e-01,1.396538317203521729e-01,-1.661859303712844849e-01,-2.622119337320327759e-02,-3.831492364406585693e-01,1.215012595057487488e-01,-8.732955157756805420e-02,-2.467521466314792633e-02,1.574277430772781372e-01,5.359532311558723450e-02,-7.274237927049398422e-03,3.253805935382843018e-01,8.381861448287963867e-02,-1.415765583515167236e-01,2.830637991428375244e-01,8.172753150574862957e-04,3.511363267898559570e-01,6.825448572635650635e-02,-2.095232605934143066e-01,3.048081696033477783e-02,-6.412380840629339218e-03,1.492573469877243042e-01,-9.970054775476455688e-02,-2.364345639944076538e-01,-4.966208338737487793e-01,-1.868431121110916138e-01,-9.848884306848049164e-03,-1.153321489691734314e-01,1.791753619909286499e-02,-1.466553211212158203e-01,-1.253141015768051147e-01,-1.750446408987045288e-01,-1.421965360641479492e-01,-1.249946560710668564e-02,-3.520174324512481689e-01,-1.214170977473258972e-01,6.824214011430740356e-02,-2.940554022789001465e-01,-8.624164760112762451e-02,1.556065678596496582e-01,4.276663064956665039e-03,2.954773902893066406e-01,-3.217656314373016357e-01,1.428237855434417725e-01,1.776285767555236816e-01,2.805483937263488770e-01,-1.985844373703002930e-01,-2.899462282657623291e-01,-1.376953274011611938e-01,-8.847943693399429321e-02,-3.326708674430847168e-01,2.632203698158264160e-01,3.011156916618347168e-01,-1.603032797574996948e-01,2.168608307838439941e-01,-4.040909558534622192e-02,-2.537506520748138428e-01,-4.263149574398994446e-02,4.993708431720733643e-02,-2.737132608890533447e-01,-2.769888087641447783e-04,4.689130187034606934e-02,-3.815611302852630615e-01,-1.005839207209646702e-03,2.752278931438922882e-03,2.443220466375350952e-02,-3.469480276107788086e-01,-2.161400467157363892e-01,-1.180556789040565491e-02,-3.613052517175674438e-02,1.171170249581336975e-01,-6.973757594823837280e-02,1.890167146921157837e-01,-1.413041651248931885e-01,8.262424729764461517e-03,-2.940794825553894043e-01,1.046398133039474487e-01,2.587799131870269775e-01,2.448955923318862915e-01,-2.433683257550001144e-03,1.513802260160446167e-01,-2.712488174438476562e-01,-1.383078098297119141e-01,-5.818358808755874634e-02,-1.253100186586380005e-01,-2.642673850059509277e-01,8.202156051993370056e-03,-3.806146606802940369e-02,-1.005730852484703064e-01,1.484881043434143066e-01,-8.592178113758563995e-03,-1.320710778236389160e-01,-2.490555644035339355e-01,6.424342095851898193e-02,1.355699598789215088e-01,-3.621394559741020203e-02,-3.325923085212707520e-01,-1.121410429477691650e-01,-9.311512112617492676e-02,3.104755096137523651e-02,-1.331623792648315430e-01,2.420687302947044373e-02,-1.708716899156570435e-01,-1.404293030500411987e-01,1.858728826045989990e-01,-1.794115453958511353e-01,1.951909512281417847e-01,-1.536161005496978760e-01,9.705808013677597046e-03,9.041463583707809448e-02,-8.669604361057281494e-02,2.452487498521804810e-01,-7.443274557590484619e-02,1.493570953607559204e-02,1.697431951761245728e-01,1.503256410360336304e-01,8.944692462682723999e-02,-2.173597067594528198e-01,-8.842000365257263184e-02,-4.178445637226104736e-01,-2.530877888202667236e-01,1.102782338857650757e-01,-1.907526329159736633e-02,3.222341090440750122e-02,2.048418968915939331e-01,7.105016708374023438e-02,1.226528957486152649e-01,3.731106817722320557e-01,2.560655176639556885e-01,-5.096352472901344299e-02,1.798584312200546265e-01,-2.059533447027206421e-01,-2.648178115487098694e-02,1.379311736673116684e-02,3.312157988548278809e-01,-2.347827106714248657e-01,1.605724096298217773e-01,-4.655378311872482300e-02,2.319126427173614502e-01,-3.182619810104370117e-01,-3.829215466976165771e-01,-6.433767080307006836e-02,5.000399798154830933e-02,7.657943665981292725e-02,-1.195128113031387329e-01,-2.585551328957080841e-02,1.065463423728942871e-01,3.175356686115264893e-01,-7.562856376171112061e-02,2.769596874713897705e-01,-5.316130444407463074e-02,-1.177065968513488770e-01,7.244359701871871948e-02,-1.580017358064651489e-01,2.784694358706474304e-02,4.857298135757446289e-01,1.323969513177871704e-01,5.011097788810729980e-01,-1.549596246331930161e-02,1.525495015084743500e-02,-3.769696876406669617e-02,-2.939136922359466553e-01,8.487910032272338867e-02,1.815870553255081177e-01,-3.233335912227630615e-01,2.491028606891632080e-01,5.940954759716987610e-02,2.113772481679916382e-01,1.616171300411224365e-01,4.261382222175598145e-01,1.510078012943267822e-01,-1.911327838897705078e-01,3.308193385601043701e-01,3.075731694698333740e-01,-1.175350509583950043e-02,-3.267274498939514160e-01,7.357063889503479004e-02,3.832575306296348572e-02,-1.869350224733352661e-01,-9.034913033246994019e-02,1.082158535718917847e-01,1.389126479625701904e-01,-3.167479038238525391e-01,-2.126064598560333252e-01,-1.652919799089431763e-01,2.940164506435394287e-01,-4.696275666356086731e-02,1.437815278768539429e-01,2.981988526880741119e-02,3.674445301294326782e-02,2.786423265933990479e-01,-1.305391937494277954e-01,-2.454357966780662537e-02,-2.468637079000473022e-01,1.148221939802169800e-01,1.313065886497497559e-01,-3.784406185150146484e-01,1.481402963399887085e-01,-4.367765188217163086e-01,5.305151641368865967e-02,8.397725969552993774e-02,-4.118104577064514160e-01,1.629131883382797241e-01,-4.421987384557723999e-02,-1.009599864482879639e-01,-6.907889991998672485e-02,7.684252411127090454e-02,3.707773983478546143e-01,1.364849656820297241e-01,-1.910019069910049438e-01,8.390334993600845337e-02,-9.990414232015609741e-02
